node1,node2,length,startLat,startLon,endLat,endLon,endNodeL,startNodeL,startYear,endYear,treeID,genotype
5,4,10.8154036463953,10.0701532733954,11.0199595052625,10.686987,13.272643,10.8154036463953,0,1955.17627986285,1965.99168350924,132000000,1
5,6,36.143861847957,10.0701532733954,11.0199595052625,8.27743501897781,5.69337690015968,36.143861847957,0,1955.17627986285,1991.32014171081,132000000,1
6,3,17.8737275907881,8.27743501897781,5.69337690015968,7.6833,4.6167,54.0175894387452,36.143861847957,1991.32014171081,2009.19386930159,132000000,1
6,7,18.9703194987352,8.27743501897781,5.69337690015968,7.86669406624026,5.7346850408625,55.1141813466922,36.143861847957,1991.32014171081,2010.29046120954,132000000,1
7,1,5.74505791614152,7.86669406624026,5.7346850408625,7.525829,5.762072,60.8592392628337,55.1141813466922,2010.29046120954,2016.03551912568,132000000,1
7,2,2.73674142538622,7.86669406624026,5.7346850408625,7.845422,5.182916,57.8509227720784,55.1141813466922,2010.29046120954,2013.02720263493,132000000,1
166,170,54.0143775082526,6.28690728968838,8.01627747175645,6.29059004622543,8.01161475924919,54.0143775082526,0,1795.79206774484,1849.80644525309,838000000,2
166,167,67.2605275621772,6.28690728968838,8.01627747175645,6.29145679565568,7.92074376186843,67.2605275621772,0,1795.79206774484,1863.05259530702,838000000,2
167,169,122.039099534385,6.29145679565568,7.92074376186843,6.30806359362601,7.91248005326537,189.299627096562,67.2605275621772,1863.05259530702,1985.0916948414,838000000,2
167,168,92.213877668785,6.29145679565568,7.92074376186843,6.22661464673739,7.9757072557746,159.474405230962,67.2605275621772,1863.05259530702,1955.2664729758,838000000,2
168,8,60.8400844012469,6.22661464673739,7.9757072557746,6.0767,8.0701,220.314489632209,159.474405230962,1955.2664729758,2016.10655737705,838000000,2
168,9,62.8239379831018,6.22661464673739,7.9757072557746,6.065463,7.81309,222.298343214064,159.474405230962,1955.2664729758,2018.0904109589,838000000,2
169,10,27.998716117502,6.30806359362601,7.91248005326537,6.452667,7.510333,217.298343214064,189.299627096562,1985.0916948414,2013.0904109589,838000000,2
169,11,30.9793434099641,6.30806359362601,7.91248005326537,5.485,7.035,220.278970506526,189.299627096562,1985.0916948414,2016.07103825137,838000000,2
170,171,108.497906484141,6.29059004622543,8.01161475924919,6.31485647355567,8.12150256285794,162.512283992394,54.0143775082526,1849.80644525309,1958.30435173723,838000000,2
170,183,50.821055716947,6.29059004622543,8.01161475924919,6.2206574697338,6.77602339908364,104.8354332252,54.0143775082526,1849.80644525309,1900.62750097004,838000000,2
171,12,59.7285249750949,6.31485647355567,8.12150256285794,5.967,7.867,222.240808967489,162.512283992394,1958.30435173723,2018.03287671233,838000000,2
171,172,33.557299676953,6.31485647355567,8.12150256285794,6.32861223944658,8.11761272736489,196.069583669347,162.512283992394,1958.30435173723,1991.86165141419,838000000,2
172,174,11.3628787123387,6.32861223944658,8.11761272736489,6.33184397127437,8.10523386426656,207.432462381685,196.069583669347,1991.86165141419,2003.22453012653,838000000,2
172,173,12.0528481086976,6.32861223944658,8.11761272736489,6.33011092230707,8.11206472761213,208.122431778044,196.069583669347,1991.86165141419,2003.91449952288,838000000,2
173,14,14.2005689702661,6.33011092230707,8.11206472761213,6.32994661845454,8.10351985103383,222.323000748311,208.122431778044,2003.91449952288,2018.11506849315,838000000,2
173,13,4.26036386509363,6.33011092230707,8.11206472761213,6.33351675256245,8.10384599407393,212.382795643138,208.122431778044,2003.91449952288,2008.17486338798,838000000,2
174,177,0.283343061127711,6.33184397127437,8.10523386426656,6.33246871759574,8.09870120765127,207.715805442813,207.432462381685,2003.22453012653,2003.50787318765,838000000,2
174,175,0.799849431013861,6.33184397127437,8.10523386426656,6.33569249560685,8.10330841822159,208.232311812699,207.432462381685,2003.22453012653,2004.02437955754,838000000,2
175,15,10.3400040041043,6.33569249560685,8.10330841822159,6.33658642299831,8.10468928747789,218.572315816804,208.232311812699,2004.02437955754,2014.36438356164,838000000,2
175,176,4.04116042866805,6.33569249560685,8.10330841822159,6.52118734659213,8.37002861294324,212.273472241367,208.232311812699,2004.02437955754,2008.06553998621,838000000,2
176,17,9.99473398639529,6.52118734659213,8.37002861294324,6.032415,7.850118,222.268206227763,212.273472241367,2008.06553998621,2018.0602739726,838000000,2
176,16,10.00021343845,6.52118734659213,8.37002861294324,6.556183,8.303293,222.273685679817,212.273472241367,2008.06553998621,2018.06575342466,838000000,2
177,18,9.55788023700421,6.33246871759574,8.09870120765127,6.32835866750654,8.09903968267306,217.273685679817,207.715805442813,2003.50787318765,2013.06575342466,838000000,2
177,178,3.80627905774325,6.33246871759574,8.09870120765127,6.32454450153655,8.0961413708647,211.522084500556,207.715805442813,2003.50787318765,2007.3141522454,838000000,2
178,24,10.7872176176171,6.32454450153655,8.0961413708647,6.1878,8.1189,222.309302118173,211.522084500556,2007.3141522454,2018.10136986301,838000000,2
178,179,3.20377403455829,6.32454450153655,8.0961413708647,6.32863923503337,8.0998209001592,214.725858535115,211.522084500556,2007.3141522454,2010.51792627995,838000000,2
179,180,1.3603771986037,6.32863923503337,8.0998209001592,6.32278750324076,8.10480458426279,216.086235733718,214.725858535115,2010.51792627995,2011.87830347856,838000000,2
179,182,7.23544154437932,6.32863923503337,8.0998209001592,6.01480216611061,7.96184166774905,221.961300079494,214.725858535115,2010.51792627995,2017.75336782433,838000000,2
180,181,5.49769044619514,6.32278750324076,8.10480458426279,6.33303518862925,8.10146238470696,221.583926179914,216.086235733718,2011.87830347856,2017.37599392475,838000000,2
180,19,6.22306638445507,6.32278750324076,8.10480458426279,6.33350545609277,8.09998513690774,222.309302118173,216.086235733718,2011.87830347856,2018.10136986301,838000000,2
181,20,0.703458130040848,6.33303518862925,8.10146238470696,6.340038,8.129261,222.287384309954,221.583926179914,2017.37599392475,2018.07945205479,838000000,2
181,21,0.733595116342234,6.33303518862925,8.10146238470696,6.33370469748659,8.10053831743654,222.317521296256,221.583926179914,2017.37599392475,2018.1095890411,838000000,2
182,22,1.37813902498083,6.01480216611061,7.96184166774905,5.889345,7.953555,223.339439104475,221.961300079494,2017.75336782433,2019.13150684931,838000000,2
182,23,0.369919846898763,6.01480216611061,7.96184166774905,6.128725,8.00679,222.331219926393,221.961300079494,2017.75336782433,2018.12328767123,838000000,2
183,188,51.9582620921218,6.2206574697338,6.77602339908364,6.22037454935671,6.79264034475035,156.793695317321,104.8354332252,1900.62750097004,1952.58576306216,838000000,2
183,184,59.031893184512,6.2206574697338,6.77602339908364,6.23610295104331,6.79274092925998,163.867326409712,104.8354332252,1900.62750097004,1959.65939415455,838000000,2
184,185,10.9959493854591,6.23610295104331,6.79274092925998,8.90152038745255,11.3528204991458,174.863275795171,163.867326409712,1959.65939415455,1970.65534354001,838000000,2
184,29,14.4255373522975,6.23610295104331,6.79274092925998,6.166667,6.783333,178.292863762009,163.867326409712,1959.65939415455,1974.08493150685,838000000,2
185,186,16.0706604487584,8.90152038745255,11.3528204991458,8.89765564118959,11.3533182437068,190.933936243929,174.863275795171,1970.65534354001,1986.72600398877,838000000,2
185,187,26.0154314534992,8.90152038745255,11.3528204991458,8.89475633496338,11.3514617463115,200.87870724867,174.863275795171,1970.65534354001,1996.67077499351,838000000,2
186,26,25.3778211478427,8.89765564118959,11.3533182437068,8.8929044134036,11.3554655709795,216.311757391772,190.933936243929,1986.72600398877,2012.10382513661,838000000,2
186,25,26.4493384769841,8.89765564118959,11.3533182437068,8.89605947707894,11.357868716885,217.383274720913,190.933936243929,1986.72600398877,2013.17534246575,838000000,2
187,27,19.3401539682387,8.89475633496338,11.3514617463115,7.251211,9.976395,220.218861216909,200.87870724867,1996.67077499351,2016.01092896175,838000000,2
187,28,15.4385146239764,8.89475633496338,11.3514617463115,8.89394223790531,11.3565582317433,216.317221872646,200.87870724867,1996.67077499351,2012.10928961749,838000000,2
188,191,5.62938893898622,6.22037454935671,6.79264034475035,6.208528002836,6.75782443715089,162.423084256308,156.793695317321,1952.58576306216,1958.21515200115,838000000,2
188,189,50.8965429461863,6.22037454935671,6.79264034475035,6.20662602407934,6.73965205026858,207.690238263508,156.793695317321,1952.58576306216,2003.48230600835,838000000,2
189,32,15.5587898820632,6.20662602407934,6.73965205026858,7.272099,6.346321,223.249028145571,207.690238263508,2003.48230600835,2019.04109589041,838000000,2
189,190,11.3379848645222,6.20662602407934,6.73965205026858,6.20054222887067,6.73276265306623,219.02822312803,207.690238263508,2003.48230600835,2014.82029087287,838000000,2
190,31,3.31943515452723,6.20054222887067,6.73276265306623,6.202172175932,6.73109664544915,222.347658282557,219.02822312803,2014.82029087287,2018.1397260274,838000000,2
190,30,3.30847625041758,6.20054222887067,6.73276265306623,6.19918635268466,6.72936985601746,222.336699378448,219.02822312803,2014.82029087287,2018.12876712329,838000000,2
191,321,32.9376915394928,6.208528002836,6.75782443715089,6.22936408050215,6.7468605497029,195.3607757958,162.423084256308,1958.21515200115,1991.15284354064,838000000,2
191,192,16.4629055966884,6.208528002836,6.75782443715089,6.20388621119077,6.75592679183009,178.885989852996,162.423084256308,1958.21515200115,1974.67805759784,838000000,2
192,193,4.57844416460303,6.20388621119077,6.75592679183009,6.75345301063194,6.2164437023984,183.464434017599,178.885989852996,1974.67805759784,1979.25650176244,838000000,2
192,317,0.568997911409348,6.20388621119077,6.75592679183009,6.20492437534479,6.75147721785352,179.454987764405,178.885989852996,1974.67805759784,1975.24705550925,838000000,2
193,217,2.68025743396096,6.75345301063194,6.2164437023984,6.73708831950109,6.18016650142939,186.14469145156,183.464434017599,1979.25650176244,1981.9367591964,838000000,2
193,194,0.411126685288011,6.75345301063194,6.2164437023984,6.76513894991841,6.22251304414133,183.875560702887,183.464434017599,1979.25650176244,1979.66762844773,838000000,2
194,195,12.5486700129228,6.76513894991841,6.22251304414133,6.76236220808599,6.21694459637782,196.42423071581,183.875560702887,1979.66762844773,1992.21629846065,838000000,2
194,207,1.05174584942228,6.76513894991841,6.22251304414133,6.76610813688395,6.22672275209658,184.927306552309,183.875560702887,1979.66762844773,1980.71937429715,838000000,2
195,196,0.681814394489898,6.76236220808599,6.21694459637782,6.76113830615419,6.21757671775659,197.1060451103,196.42423071581,1992.21629846065,1992.89811285514,838000000,2
195,198,6.36026961191534,6.76236220808599,6.21694459637782,6.71014471205424,6.3222487586868,202.784500327725,196.42423071581,1992.21629846065,1998.57656807257,838000000,2
196,197,15.394363901461,6.76113830615419,6.21757671775659,6.75422000222125,6.2256638150367,212.500409011761,197.1060451103,1992.89811285514,2008.2924767566,838000000,2
196,35,26.189558377737,6.76113830615419,6.21757671775659,6.74152208409417,6.21818225902328,223.295603488037,197.1060451103,1992.89811285514,2019.08767123288,838000000,2
197,33,7.8304740630712,6.75422000222125,6.2256638150367,6.7526066361019,6.22122885448212,220.330883074832,212.500409011761,2008.2924767566,2016.12295081967,838000000,2
197,34,10.7267013255909,6.75422000222125,6.2256638150367,6.71076576244438,6.33300933637665,223.227110337352,212.500409011761,2008.2924767566,2019.01917808219,838000000,2
198,202,5.27219179715548,6.71014471205424,6.3222487586868,6.70846545117221,6.33264421153761,208.056692124881,202.784500327725,1998.57656807257,2003.84875986972,838000000,2
198,199,7.52090586514154,6.71014471205424,6.3222487586868,6.71177106700683,6.3269007520761,210.305406192867,202.784500327725,1998.57656807257,2006.09747393771,838000000,2
199,36,13.0559507198275,6.71177106700683,6.3269007520761,7.07103695708383,6.26303420159281,223.361356912694,210.305406192867,2006.09747393771,2019.15342465753,838000000,2
199,200,10.0354173496416,6.71177106700683,6.3269007520761,6.71192729419977,6.3280301452326,220.340823542508,210.305406192867,2006.09747393771,2016.13289128735,838000000,2
200,201,0.736212904310721,6.71192729419977,6.3280301452326,6.71128991252445,6.32658036485896,221.077036446819,220.340823542508,2016.13289128735,2016.86910419166,838000000,2
200,37,2.05067035648723,6.71192729419977,6.3280301452326,6.71112596325845,6.32837700022559,222.391493898996,220.340823542508,2016.13289128735,2018.18356164384,838000000,2
201,39,1.31171772614916,6.71128991252445,6.32658036485896,6.71210066729452,6.33204668774688,222.388754172968,221.077036446819,2016.86910419166,2018.18082191781,838000000,2
201,38,2.221306767245,6.71128991252445,6.32658036485896,6.70754925149823,6.32608898917298,223.298343214064,221.077036446819,2016.86910419166,2019.0904109589,838000000,2
202,204,7.08250501086538,6.70846545117221,6.33264421153761,6.70766617077182,6.33169930841796,215.139197135746,208.056692124881,2003.84875986972,2010.93126488059,838000000,2
202,203,9.22998237923542,6.70846545117221,6.33264421153761,6.70895152482427,6.33405492577773,217.286674504116,208.056692124881,2003.84875986972,2013.07874224896,838000000,2
203,41,5.05276460035881,6.70895152482427,6.33405492577773,6.70732810895043,6.32820862106921,222.339439104475,217.286674504116,2013.07874224896,2018.13150684931,838000000,2
203,40,5.01988788803007,6.70895152482427,6.33405492577773,6.7102313996107,6.32751020355787,222.306562392146,217.286674504116,2013.07874224896,2018.09863013699,838000000,2
204,205,2.22846101467742,6.70766617077182,6.33169930841796,6.71663409461041,6.33269678270326,217.367658150423,215.139197135746,2010.93126488059,2013.15972589526,838000000,2
204,206,6.27204048439928,6.70766617077182,6.33169930841796,6.71448253349675,6.32990058361858,221.411237620145,215.139197135746,2010.93126488059,2017.20330536499,838000000,2
205,43,5.88410972117486,6.71663409461041,6.33269678270326,6.71367428945497,6.33167261729627,223.251767871598,217.367658150423,2013.15972589526,2019.04383561644,838000000,2
205,42,6.01835629651719,6.71663409461041,6.33269678270326,6.71318887420074,6.32712724735203,223.386014446941,217.367658150423,2013.15972589526,2019.17808219178,838000000,2
206,44,0.900804224055774,6.71448253349675,6.32990058361858,6.70874883720576,6.32445465404152,222.312041844201,221.411237620145,2017.20330536499,2018.10410958904,838000000,2
206,45,0.933680936384518,6.71448253349675,6.32990058361858,6.71566541136476,6.32494839809326,222.34491855653,221.411237620145,2017.20330536499,2018.13698630137,838000000,2
207,215,11.1324516569383,6.76610813688395,6.22672275209658,7.06874344360662,6.27537486749729,196.059758209248,184.927306552309,1980.71937429715,1991.85182595409,838000000,2
207,208,9.52079817696419,6.76610813688395,6.22672275209658,6.78815754951176,6.14058484369531,194.448104729273,184.927306552309,1980.71937429715,1990.24017247411,838000000,2
208,209,2.59211417211755,6.78815754951176,6.14058484369531,6.75673643982334,6.12968819766753,197.040218901391,194.448104729273,1990.24017247411,1992.83228664623,838000000,2
208,46,28.9269508135577,6.78815754951176,6.14058484369531,7.19333016175845,5.58343155897893,223.375055542831,194.448104729273,1990.24017247411,2019.16712328767,838000000,2
209,210,19.6360366935153,6.75673643982334,6.12968819766753,6.71701009055276,6.11238635532524,216.676255594906,197.040218901391,1992.83228664623,2012.46832333975,838000000,2
209,212,3.43042189130666,6.75673643982334,6.12968819766753,6.74894833252847,6.12613706041558,200.470640792698,197.040218901391,1992.83228664623,1996.26270853754,838000000,2
210,211,4.88005586177864,6.71701009055276,6.11238635532524,6.74539997945585,6.13717623608996,221.556311456685,216.676255594906,2012.46832333975,2017.34837920153,838000000,2
210,49,5.65496433148645,6.71701009055276,6.11238635532524,7.113571,6.327094,222.331219926393,216.676255594906,2012.46832333975,2018.12328767123,838000000,2
211,48,0.720113949159748,6.74539997945585,6.13717623608996,6.74578278998136,6.13379088965154,222.276425405845,221.556311456685,2017.34837920153,2018.06849315068,838000000,2
211,47,0.747511209433777,6.74539997945585,6.13717623608996,6.74793925893099,6.13829709875979,222.303822666119,221.556311456685,2017.34837920153,2018.09589041096,838000000,2
212,53,21.7537298186266,6.74894833252847,6.12613706041558,6.505376,6.207318,222.224370611324,200.470640792698,1996.26270853754,2018.01643835616,838000000,2
212,213,3.29225960889623,6.74894833252847,6.12613706041558,6.74772034706481,6.12755332867829,203.762900401594,200.470640792698,1996.26270853754,1999.55496814643,838000000,2
213,52,18.617634593292,6.74772034706481,6.12755332867829,6.74864510612371,6.13294903387196,222.380534994886,203.762900401594,1999.55496814643,2018.17260273973,838000000,2
213,214,8.59138093303364,6.74772034706481,6.12755332867829,6.74555082103834,6.13735014094045,212.354281334628,203.762900401594,1999.55496814643,2008.14634907947,838000000,2
214,50,10.9194043451898,6.74555082103834,6.13735014094045,6.74659583932974,6.13284978586336,223.273685679817,212.354281334628,2008.14634907947,2019.06575342466,838000000,2
214,51,5.91940434518983,6.74555082103834,6.13735014094045,6.75073821560722,6.22210669223561,218.273685679817,212.354281334628,2008.14634907947,2014.06575342466,838000000,2
215,54,27.3207767856383,7.06874344360662,6.27537486749729,7.06366818618125,6.26864801976908,223.380534994886,196.059758209248,1991.85182595409,2019.17260273973,838000000,2
215,216,5.55555269327555,7.06874344360662,6.27537486749729,7.07254323557001,6.26813100284141,201.615310902523,196.059758209248,1991.85182595409,1997.40737864736,838000000,2
216,55,20.7022103937326,7.07254323557001,6.26813100284141,7.06234913251615,6.27053787621825,222.317521296256,201.615310902523,1997.40737864736,2018.1095890411,838000000,2
216,56,20.6145391608558,7.07254323557001,6.26813100284141,7.06875101450898,6.26286181026482,222.229850063379,201.615310902523,1997.40737864736,2018.02191780822,838000000,2
217,274,1.86136242611549,6.73708831950109,6.18016650142939,6.76760402780941,6.21542916477604,188.006053877675,186.14469145156,1981.9367591964,1983.79812162252,838000000,2
217,218,0.289305598206873,6.73708831950109,6.18016650142939,6.73753978353527,6.1804911784193,186.433997049767,186.14469145156,1981.9367591964,1982.22606479461,838000000,2
218,219,2.75073291116823,6.73753978353527,6.1804911784193,6.7370946105997,6.181802717183,189.184729960935,186.433997049767,1982.22606479461,1984.97679770578,838000000,2
218,57,35.8177708218315,6.73753978353527,6.1804911784193,7.80207,6.74365,222.251767871598,186.433997049767,1982.22606479461,2018.04383561644,838000000,2
219,220,5.21253551567115,6.7370946105997,6.181802717183,6.73658308102186,6.17851142490271,194.397265476606,189.184729960935,1984.97679770578,1990.18933322145,838000000,2
219,245,0.0235655661019081,6.7370946105997,6.181802717183,6.7495816999109,6.19912169511126,189.208295527037,189.184729960935,1984.97679770578,1985.00036327188,838000000,2
220,221,0.840099902640144,6.73658308102186,6.17851142490271,6.73953623882155,6.22840551401415,195.237365379246,194.397265476606,1990.18933322145,1991.02943312409,838000000,2
220,234,0.803520734966927,6.73658308102186,6.17851142490271,6.73697133766015,6.18478652723404,195.200786211573,194.397265476606,1990.18933322145,1990.99285395641,838000000,2
221,222,12.0146310349089,6.73953623882155,6.22840551401415,6.73946648880442,6.22734083733205,207.251996414155,195.237365379246,1991.02943312409,2003.044064159,838000000,2
221,58,27.0335805745437,6.73953623882155,6.22840551401415,6.70802134481036,6.33357754626116,222.27094595379,195.237365379246,1991.02943312409,2018.06301369863,838000000,2
222,59,5.04063529455648,6.73946648880442,6.22734083733205,6.73628135743934,6.22356325013141,212.292631708712,207.251996414155,2003.044064159,2008.08469945355,838000000,2
222,223,0.0800361601470811,6.73946648880442,6.22734083733205,7.18357546676557,5.57055604038848,207.332032574302,207.251996414155,2003.044064159,2003.12410031914,838000000,2
223,224,0.0271240845440417,7.18357546676557,5.57055604038848,7.1963673782083,5.58936429116885,207.359156658846,207.332032574302,2003.12410031914,2003.15122440369,838000000,2
223,230,1.64237079048044,7.18357546676557,5.57055604038848,7.1848226093763,5.58133386309283,208.974403364783,207.332032574302,2003.12410031914,2004.76647110962,838000000,2
224,225,0.383866085738127,7.1963673782083,5.58936429116885,7.19514082194505,5.58969560542245,207.743022744584,207.359156658846,2003.15122440369,2003.53509048942,838000000,2
224,229,1.70687297192994,7.1963673782083,5.58936429116885,7.19668498000986,5.59004547414669,209.066029630776,207.359156658846,2003.15122440369,2004.85809737562,838000000,2
225,227,1.380126719847,7.19514082194505,5.58969560542245,7.19283969747778,5.58511600760901,209.123149464431,207.743022744584,2003.53509048942,2004.91521720927,838000000,2
225,226,1.63980670104978,7.19514082194505,5.58969560542245,6.93855389867089,5.7913664820783,209.382829445634,207.743022744584,2003.53509048942,2005.17489719047,838000000,2
226,61,7.90455486432014,6.93855389867089,5.7913664820783,6.92715130486531,5.77251745422444,217.287384309954,209.382829445634,2005.17489719047,2013.07945205479,838000000,2
226,60,7.86619869993668,6.93855389867089,5.7913664820783,6.87224,5.75412,217.249028145571,209.382829445634,2005.17489719047,2013.04109589041,838000000,2
227,64,14.2519060783997,7.19283969747778,5.58511600760901,7.1951281967315,5.58579721404018,223.375055542831,209.123149464431,2004.91521720927,2019.16712328767,838000000,2
227,228,12.9795599548083,7.19283969747778,5.58511600760901,6.85302631214701,5.77867154345025,222.10270941924,209.123149464431,2004.91521720927,2017.89477716408,838000000,2
228,63,0.220291329070724,6.85302631214701,5.77867154345025,6.85388395529323,5.77710861436784,222.323000748311,222.10270941924,2017.89477716408,2018.11506849315,838000000,2
228,62,1.12440091811185,6.85302631214701,5.77867154345025,6.84667920460979,5.77601822812042,223.227110337352,222.10270941924,2017.89477716408,2019.01917808219,838000000,2
229,65,14.1884779668494,7.19668498000986,5.59004547414669,7.19643243576054,5.59033353258749,223.254507597626,209.066029630776,2004.85809737562,2019.04657534247,838000000,2
229,66,14.3008067339726,7.19668498000986,5.59004547414669,6.85366591866638,5.59808214203492,223.366836364749,209.066029630776,2004.85809737562,2019.15890410959,838000000,2
230,71,11.3318895461148,7.1848226093763,5.58133386309283,6.92680905954486,5.77418018934034,220.306292910898,208.974403364783,2004.76647110962,2016.09836065574,838000000,2
230,231,5.86558867934097,7.1848226093763,5.58133386309283,7.19495233164324,5.58428478603987,214.839992044124,208.974403364783,2004.76647110962,2010.63205978896,838000000,2
231,232,2.17828799972221,7.19495233164324,5.58428478603987,7.19689996388991,5.58639591910518,217.018280043846,214.839992044124,2010.63205978896,2012.81034778869,838000000,2
231,70,8.40629637541963,7.19495233164324,5.58428478603987,7.19478106134779,5.58212574301738,223.246288419543,214.839992044124,2010.63205978896,2019.03835616438,838000000,2
232,69,5.23348782775237,7.19689996388991,5.58639591910518,7.19713948907351,5.58601034034812,222.251767871598,217.018280043846,2012.81034778869,2018.04383561644,838000000,2
232,233,4.23502445708589,7.19689996388991,5.58639591910518,7.19775991796991,5.58232649304865,221.253304500932,217.018280043846,2012.81034778869,2017.04537224577,838000000,2
233,68,1.07243597340626,7.19775991796991,5.58232649304865,7.20130888113049,5.58277975976347,222.325740474338,221.253304500932,2017.04537224577,2018.11780821918,838000000,2
233,67,2.04229898710488,7.19775991796991,5.58232649304865,7.19548710163404,5.58188308803478,223.295603488037,221.253304500932,2017.04537224577,2019.08767123288,838000000,2
234,235,1.00111850204985,6.73697133766015,6.18478652723404,6.73147825492802,6.1590218142942,196.201904713623,195.200786211573,1990.99285395641,1991.99397245846,838000000,2
234,242,1.46926928816935,6.73697133766015,6.18478652723404,6.91418775738044,6.03263846367809,196.670055499742,195.200786211573,1990.99285395641,1992.46212324458,838000000,2
235,72,26.1594521990712,6.73147825492802,6.1590218142942,6.713854,6.154398,222.361356912694,196.201904713623,1991.99397245846,2018.15342465753,838000000,2
235,236,1.74527927832731,6.73147825492802,6.1590218142942,6.73664064128474,6.14825907615963,197.94718399195,196.201904713623,1991.99397245846,1993.73925173679,838000000,2
236,79,24.3073236056754,6.73664064128474,6.14825907615963,6.997077,5.904454,222.254507597626,197.94718399195,1993.73925173679,2018.04657534247,838000000,2
236,237,0.363031234846328,6.73664064128474,6.14825907615963,6.73807507762109,6.14907092641162,198.310215226797,197.94718399195,1993.73925173679,1994.10228297164,838000000,2
237,241,11.9555287968257,6.73807507762109,6.14907092641162,6.73719859477825,6.15400043099306,210.265744023622,198.310215226797,1994.10228297164,2006.05781176846,838000000,2
237,238,0.925687378815439,6.73807507762109,6.14907092641162,6.73856139773819,6.13996034080532,199.235902605612,198.310215226797,1994.10228297164,1995.02797035045,838000000,2
238,239,2.12315663787387,6.73856139773819,6.13996034080532,6.75229969226485,6.13011674682616,201.359059243486,199.235902605612,1995.02797035045,1997.15112698833,838000000,2
238,76,13.0567291030997,6.73856139773819,6.13996034080532,6.73502602677121,6.22076301772514,212.292631708712,199.235902605612,1995.02797035045,2008.08469945355,838000000,2
239,73,20.9995579431809,6.75229969226485,6.13011674682616,6.615948,5.986347,222.358617186667,201.359059243486,1997.15112698833,2018.15068493151,838000000,2
239,240,18.1546855407153,6.75229969226485,6.13011674682616,6.74868433953044,6.13310306883415,219.513744784201,201.359059243486,1997.15112698833,2015.30581252904,838000000,2
240,74,2.83391349835595,6.74868433953044,6.13310306883415,6.74749805257845,6.132201551857,222.347658282557,219.513744784201,2015.30581252904,2018.1397260274,838000000,2
240,75,3.71062582712305,6.74868433953044,6.13310306883415,6.75230143725672,6.1324849492058,223.224370611324,219.513744784201,2015.30581252904,2019.01643835616,838000000,2
241,77,13.0353389164691,6.73719859477825,6.15400043099306,7.06399422413583,6.26712379244376,223.301082940091,210.265744023622,2006.05781176846,2019.09315068493,838000000,2
241,78,13.0243800123594,6.73719859477825,6.15400043099306,6.678119,3.51526,223.290124035982,210.265744023622,2006.05781176846,2019.08219178082,838000000,2
242,243,2.88553146043185,6.91418775738044,6.03263846367809,6.90070107706829,6.01511434889591,199.555586960174,196.670055499742,1992.46212324458,1995.34765470501,838000000,2
242,80,25.5762329198009,6.91418775738044,6.03263846367809,7.199552717945,5.5911680428428,222.246288419543,196.670055499742,1992.46212324458,2018.03835616438,838000000,2
243,81,22.7674137881362,6.90070107706829,6.01511434889591,6.33641041951217,5.61742864475831,222.323000748311,199.555586960174,1995.34765470501,2018.11506849315,838000000,2
243,244,2.30279185430485,6.90070107706829,6.01511434889591,6.93825352315512,5.98038468682149,201.858378814479,199.555586960174,1995.34765470501,1997.65044655932,838000000,2
244,83,21.4153068653382,6.93825352315512,5.98038468682149,6.941039,5.98506,223.273685679817,201.858378814479,1997.65044655932,2019.06575342466,838000000,2
244,82,20.4974986461601,6.93825352315512,5.98038468682149,6.94089,5.984769,222.355877460639,201.858378814479,1997.65044655932,2018.14794520548,838000000,2
245,113,33.1147052212735,6.7495816999109,6.19912169511126,6.479748,5.898933,222.323000748311,189.208295527037,1985.00036327188,2018.11506849315,838000000,2
245,246,2.62091843837634,6.7495816999109,6.19912169511126,6.74932446599039,6.13758083786034,191.829213965413,189.208295527037,1985.00036327188,1987.62128171025,838000000,2
246,249,1.73790897414855,6.74932446599039,6.13758083786034,6.93605813148518,5.77916637871383,193.567122939562,191.829213965413,1987.62128171025,1989.3591906844,838000000,2
246,247,0.530056774394023,6.74932446599039,6.13758083786034,6.79036451170924,6.12641575670566,192.359270739807,191.829213965413,1987.62128171025,1988.15133848465,838000000,2
247,248,19.6581376508011,6.79036451170924,6.12641575670566,6.75472773623977,6.19718813874977,212.017408390608,192.359270739807,1988.15133848465,2007.80947613545,838000000,2
247,86,30.9007163098731,6.79036451170924,6.12641575670566,6.754196,6.054167,223.25998704968,192.359270739807,1988.15133848465,2019.05205479452,838000000,2
248,85,11.3192909878391,6.75472773623977,6.19718813874977,6.73953222852909,6.22439535464134,223.336699378448,212.017408390608,2007.80947613545,2019.12876712329,838000000,2
248,84,11.2179211248255,6.75472773623977,6.19718813874977,6.7544271692192,6.13200392954443,223.235329515434,212.017408390608,2007.80947613545,2019.02739726027,838000000,2
249,254,0.507536658507853,6.93605813148518,5.77916637871383,6.93608747233652,5.7781682002542,194.07465959807,193.567122939562,1989.3591906844,1989.86672734291,838000000,2
249,250,18.3756095236266,6.93605813148518,5.77916637871383,6.9294706833301,5.76866909889729,211.942732463188,193.567122939562,1989.3591906844,2007.73480020803,838000000,2
250,87,10.3610902029303,6.9294706833301,5.76866909889729,6.92930516558961,5.77791087046092,222.303822666119,211.942732463188,2007.73480020803,2018.09589041096,838000000,2
250,251,2.14610049370015,6.9294706833301,5.76866909889729,6.79090270396599,5.58924866656493,214.088832956889,211.942732463188,2007.73480020803,2009.88090070173,838000000,2
251,88,8.28074313388765,6.79090270396599,5.58924866656493,6.32875097311511,5.62115155376658,222.369576090776,214.088832956889,2009.88090070173,2018.16164383562,838000000,2
251,252,0.607685181928835,6.79090270396599,5.58924866656493,6.78872356210935,5.58184827246694,214.696518138817,214.088832956889,2009.88090070173,2010.48858588366,838000000,2
252,91,4.09223603415064,6.78872356210935,5.58184827246694,6.77911339113738,5.58670975664787,218.788754172968,214.696518138817,2010.48858588366,2014.58082191781,838000000,2
252,253,0.55296025061093,6.78872356210935,5.58184827246694,6.77411063473234,5.58498996166208,215.249478389428,214.696518138817,2010.48858588366,2011.04154613427,838000000,2
253,89,3.33105660545759,6.77411063473234,5.58498996166208,6.78028475578647,5.58789361296343,218.580534994886,215.249478389428,2011.04154613427,2014.37260273973,838000000,2
253,90,7.96119359175888,6.77411063473234,5.58498996166208,6.77997768883647,5.58471940211467,223.210671981187,215.249478389428,2011.04154613427,2019.00273972603,838000000,2
254,255,0.452614663329634,6.93608747233652,5.7781682002542,7.08560398944792,6.26861102066616,194.527274261399,194.07465959807,1989.86672734291,1990.31934200624,838000000,2
254,271,11.1950732264101,6.93608747233652,5.7781682002542,6.92825637808994,5.77951873556718,205.26973282448,194.07465959807,1989.86672734291,2001.06180056932,838000000,2
255,256,0.373529046148516,7.08560398944792,6.26861102066616,7.08185292321857,6.27679268531779,194.900803307548,194.527274261399,1990.31934200624,1990.69287105239,838000000,2
255,269,16.9037352036785,7.08560398944792,6.26861102066616,7.07066006629084,6.27816464489291,211.431009465078,194.527274261399,1990.31934200624,2007.22307720992,838000000,2
256,263,1.69370946426848,7.08185292321857,6.27679268531779,7.07999684142475,6.2768528002237,196.594512771816,194.900803307548,1990.69287105239,1992.38658051666,838000000,2
256,257,0.186345604586446,7.08185292321857,6.27679268531779,7.08111410172537,6.27450080014576,195.087148912134,194.900803307548,1990.69287105239,1990.87921665697,838000000,2
257,92,25.128980064337,7.08111410172537,6.27450080014576,6.74677638909917,6.21728356520061,220.216128976471,195.087148912134,1990.87921665697,2016.00819672131,838000000,2
257,258,1.84708700894056,7.08111410172537,6.27450080014576,7.08147208081266,6.27634467482571,196.934235921075,195.087148912134,1990.87921665697,1992.72630366591,838000000,2
258,262,6.38193334045879,7.08147208081266,6.27634467482571,7.07090302997953,6.27130582719608,203.316169261534,196.934235921075,1992.72630366591,1999.10823700637,838000000,2
258,259,7.16669071801115,7.08147208081266,6.27634467482571,7.08493498917808,6.28051049178441,204.100926639086,196.934235921075,1992.72630366591,1999.89299438393,838000000,2
259,260,1.74771452488049,7.08493498917808,6.28051049178441,7.08373285597347,6.28648458423411,205.848641163966,204.100926639086,1999.89299438393,2001.64070890881,838000000,2
259,93,19.170019314704,7.08493498917808,6.28051049178441,7.08117420763771,6.2785682318386,223.27094595379,204.100926639086,1999.89299438393,2019.06301369863,838000000,2
260,261,8.04873291513793,7.08373285597347,6.28648458423411,7.08868219061174,6.27977403094851,213.897374079104,205.848641163966,2001.64070890881,2009.68944182394,838000000,2
260,96,17.4003869816045,7.08373285597347,6.28648458423411,7.07974260022076,6.28807442655172,223.249028145571,205.848641163966,2001.64070890881,2019.04109589041,838000000,2
261,95,9.34891434043895,7.08868219061174,6.27977403094851,7.08706241732046,6.2789009069495,223.246288419543,213.897374079104,2009.68944182394,2019.03835616438,838000000,2
261,94,9.31877735413779,7.08868219061174,6.27977403094851,7.07920944632421,6.28031716861401,223.216151433242,213.897374079104,2009.68944182394,2019.00821917808,838000000,2
262,98,19.0287492949962,7.07090302997953,6.27130582719608,7.218593,6.334514,222.34491855653,203.316169261534,1999.10823700637,2018.13698630137,838000000,2
262,97,19.0424479251332,7.07090302997953,6.27130582719608,7.06528385174329,6.26183714080446,222.358617186667,203.316169261534,1999.10823700637,2018.15068493151,838000000,2
263,264,0.233118187898867,7.07999684142475,6.2768528002237,7.08022948122801,6.27721526938518,196.827630959715,196.594512771816,1992.38658051666,1992.61969870456,838000000,2
263,268,14.8668591523462,7.07999684142475,6.2768528002237,7.08340584831503,6.28056899415375,211.461371924163,196.594512771816,1992.38658051666,2007.253439669,838000000,2
264,266,3.44194050200803,7.08022948122801,6.27721526938518,7.08080749596676,6.27663879028342,200.269571461723,196.827630959715,1992.61969870456,1996.06163920656,838000000,2
264,265,23.0646894330728,7.08022948122801,6.27721526938518,7.07874244609752,6.27990502743369,219.892320392788,196.827630959715,1992.61969870456,2015.68438813763,838000000,2
265,100,2.38136528702937,7.07874244609752,6.27990502743369,7.0823669825084,6.28626388679506,222.273685679817,219.892320392788,2015.68438813763,2018.06575342466,838000000,2
265,99,3.46903651990617,7.07874244609752,6.27990502743369,7.07879381248782,6.27918216383886,223.361356912694,219.892320392788,2015.68438813763,2019.15342465753,838000000,2
266,103,20.9383607934367,7.08080749596676,6.27663879028342,7.088383,6.290372,221.20793225516,200.269571461723,1996.06163920656,2017,838000000,2
266,267,9.94977667006349,7.08080749596676,6.27663879028342,7.0680447784448,6.26603721103312,210.219348131787,200.269571461723,1996.06163920656,2006.01141587663,838000000,2
267,102,13.0433786439212,7.0680447784448,6.26603721103312,7.06210715466592,6.26508789782411,223.262726775708,210.219348131787,2006.01141587663,2019.05479452055,838000000,2
267,101,13.0872142603594,7.0680447784448,6.26603721103312,7.06878435939038,6.26632150577606,223.306562392146,210.219348131787,2006.01141587663,2019.09863013699,838000000,2
268,105,11.9054644405864,7.08340584831503,6.28056899415375,7.08624690194328,6.279010800309,223.366836364749,211.461371924163,2007.253439669,2019.15890410959,838000000,2
268,104,11.7931356734631,7.08340584831503,6.28056899415375,7.06197318607414,6.26981612995206,223.254507597626,211.461371924163,2007.253439669,2019.04657534247,838000000,2
269,106,11.8289775846025,7.07066006629084,6.27816464489291,7.07858074490363,6.27844389345206,223.25998704968,211.431009465078,2007.22307720992,2019.05205479452,838000000,2
269,270,5.05007695736285,7.07066006629084,6.27816464489291,7.07089204677431,6.27471921990758,216.481086422441,211.431009465078,2007.22307720992,2012.27315416728,838000000,2
270,108,5.76794172313025,7.07089204677431,6.27471921990758,7.20112988394966,5.58534343445382,222.249028145571,216.481086422441,2012.27315416728,2018.04109589041,838000000,2
270,107,6.83095542176037,7.07089204677431,6.27471921990758,7.07058095487559,6.26847569674799,223.312041844201,216.481086422441,2012.27315416728,2019.10410958904,838000000,2
271,273,2.27189653853995,6.92825637808994,5.77951873556718,7.19369016204063,5.59542732582382,207.54162936302,205.26973282448,2001.06180056932,2003.33369710786,838000000,2
271,272,13.4781607498993,6.92825637808994,5.77951873556718,6.93404493178796,5.77872955198553,218.747893574379,205.26973282448,2001.06180056932,2014.53996131922,838000000,2
272,109,4.50387429721916,6.93404493178796,5.77872955198553,6.92556970170249,5.77794807776753,223.251767871598,218.747893574379,2014.53996131922,2019.04383561644,838000000,2
272,110,1.65949223269324,6.93404493178796,5.77872955198553,7.08422518486307,4.80235473578295,220.407385807072,218.747893574379,2014.53996131922,2016.19945355191,838000000,2
273,112,15.6635631661128,7.19369016204063,5.59542732582382,7.19256870536693,5.58416574576834,223.205192529133,207.54162936302,2003.33369710786,2018.99726027397,838000000,2
273,111,14.6937001524142,7.19369016204063,5.59542732582382,7.182869,5.581471,222.235329515434,207.54162936302,2003.33369710786,2018.02739726027,838000000,2
274,275,7.267031555524,6.76760402780941,6.21542916477604,6.76430519441797,6.20343947826332,195.273085433199,188.006053877675,1983.79812162252,1991.06515317804,838000000,2
274,276,1.92065391047714,6.76760402780941,6.21542916477604,7.06498717365724,6.27160073569624,189.926707788153,188.006053877675,1983.79812162252,1985.71877553299,838000000,2
275,115,27.055394767166,6.76430519441797,6.20343947826332,6.947775,5.91429,222.328480200365,195.273085433199,1991.06515317804,2018.12054794521,838000000,2
275,114,17.0195462755123,6.76430519441797,6.20343947826332,6.71013962845383,6.32934918581087,212.292631708712,195.273085433199,1991.06515317804,2008.08469945355,838000000,2
276,157,33.4045121382402,7.06498717365724,6.27160073569624,7.07028859196633,6.26924631587631,223.331219926393,189.926707788153,1985.71877553299,2019.12328767123,838000000,2
276,277,13.3616650575656,7.06498717365724,6.27160073569624,6.93277931186536,5.77003203390537,203.288372845718,189.926707788153,1985.71877553299,1999.08044059056,838000000,2
277,278,0.160660086954973,6.93277931186536,5.77003203390537,6.933904518449,5.7697948949058,203.449032932673,203.288372845718,1999.08044059056,1999.24110067751,838000000,2
277,156,19.9414772176608,6.93277931186536,5.77003203390537,7.457113,5.799837,223.229850063379,203.288372845718,1999.08044059056,2019.02191780822,838000000,2
278,315,2.97610646369811,6.933904518449,5.7697948949058,6.93446564477317,5.77824146637606,206.425139396371,203.449032932673,1999.24110067751,2002.21720714121,838000000,2
278,279,2.38974829634942,6.933904518449,5.7697948949058,6.93198318371362,5.77202703344721,205.838781229023,203.449032932673,1999.24110067751,2001.63084897386,838000000,2
279,313,5.08599372969628,6.93198318371362,5.77202703344721,6.92489757639622,5.77439377899219,210.924774958719,205.838781229023,2001.63084897386,2006.71684270356,838000000,2
279,280,3.41467536803949,6.93198318371362,5.77202703344721,7.19538107726516,5.58691161994346,209.253456597062,205.838781229023,2001.63084897386,2005.0455243419,838000000,2
280,281,3.87000698812898,7.19538107726516,5.58691161994346,7.19536569553923,5.58487675146466,213.123463585191,209.253456597062,2005.0455243419,2008.91553133003,838000000,2
280,296,2.46455623476971,7.19538107726516,5.58691161994346,7.19923354602148,5.58138575179428,211.718012831832,209.253456597062,2005.0455243419,2007.51008057667,838000000,2
281,282,1.51735842079499,7.19536569553923,5.58487675146466,7.20012927514058,5.58486410557956,214.640822005986,213.123463585191,2008.91553133003,2010.43288975083,838000000,2
281,131,9.20775634120173,7.19536569553923,5.58487675146466,7.1972298802226,5.58770705866124,222.331219926393,213.123463585191,2008.91553133003,2018.12328767123,838000000,2
282,130,7.5835486053382,7.20012927514058,5.58486410557956,7.20089591129305,5.58294690261681,222.224370611324,214.640822005986,2010.43288975083,2018.01643835616,838000000,2
282,283,1.03630147595414,7.20012927514058,5.58486410557956,7.19841773666081,5.58666067848382,215.67712348194,214.640822005986,2010.43288975083,2011.46919122678,838000000,2
283,284,0.627295919015809,7.19841773666081,5.58666067848382,7.19985770627093,5.58779680124202,216.304419400956,215.67712348194,2011.46919122678,2012.0964871458,838000000,2
283,285,0.319823066907388,7.19841773666081,5.58666067848382,7.19573631545565,5.58733237694977,215.996946548848,215.67712348194,2011.46919122678,2011.78901429369,838000000,2
284,117,5.99940326516276,7.19985770627093,5.58779680124202,7.19638828431155,5.58638045092108,222.303822666119,216.304419400956,2012.0964871458,2018.09589041096,838000000,2
284,116,6.01036216927241,7.19985770627093,5.58779680124202,7.20035734106435,5.59083432399262,222.314781570228,216.304419400956,2012.0964871458,2018.10684931507,838000000,2
285,286,0.360003198083509,7.19573631545565,5.58733237694977,7.19659767369493,5.58659519352735,216.356949746931,215.996946548848,2011.78901429369,2012.14901749177,838000000,2
285,118,7.3260541994629,7.19573631545565,5.58733237694977,7.193909275821,5.58836542823852,223.323000748311,215.996946548848,2011.78901429369,2019.11506849315,838000000,2
286,287,3.29484291405349,7.19659767369493,5.58659519352735,7.1981047101725,5.58615672987303,219.651792660985,216.356949746931,2012.14901749177,2015.44386040582,838000000,2
286,289,0.612007185775429,7.19659767369493,5.58659519352735,7.19754816818468,5.58648989384362,216.968956932707,216.356949746931,2012.14901749177,2012.76102467755,838000000,2
287,288,0.296512579299979,7.1981047101725,5.58615672987303,7.19693873480403,5.58743609480353,219.948305240285,219.651792660985,2015.44386040582,2015.74037298512,838000000,2
287,119,2.66298890924384,7.1981047101725,5.58615672987303,7.20035078353916,5.58670800333533,222.314781570228,219.651792660985,2015.44386040582,2018.10684931507,838000000,2
288,121,2.28976400117671,7.19693873480403,5.58743609480353,7.19951221658835,5.58196631648443,222.238069241461,219.948305240285,2015.74037298512,2018.0301369863,838000000,2
288,120,3.30620235734109,7.19693873480403,5.58743609480353,7.19396678129205,5.58576432072019,223.254507597626,219.948305240285,2015.74037298512,2019.04657534247,838000000,2
289,290,0.533911059874623,7.19754816818468,5.58648989384362,7.19708998954638,5.58925425261656,217.502867992581,216.968956932707,2012.76102467755,2013.29493573742,838000000,2
289,122,5.36226299368627,7.19754816818468,5.58648989384362,7.62692,5.21561,222.331219926393,216.968956932707,2012.76102467755,2018.12328767123,838000000,2
290,291,0.0268129054176809,7.19708998954638,5.58925425261656,7.19835579110087,5.58852528931015,217.529680897999,217.502867992581,2013.29493573742,2013.32174864284,838000000,2
290,129,5.76533823518151,7.19708998954638,5.58925425261656,7.19880864325006,5.58416083229293,223.268206227763,217.502867992581,2013.29493573742,2019.0602739726,838000000,2
291,292,0.445868260207582,7.19835579110087,5.58852528931015,7.19847361247443,5.58603057119434,217.975549158206,217.529680897999,2013.32174864284,2013.76761690305,838000000,2
291,294,1.71795451519357,7.19835579110087,5.58852528931015,7.19931273134759,5.58693928569553,219.247635413192,217.529680897999,2013.32174864284,2015.03970315803,838000000,2
292,125,5.39128720654248,7.19847361247443,5.58603057119434,7.19261835097617,5.59145167438104,223.366836364749,217.975549158206,2013.76761690305,2019.15890410959,838000000,2
292,293,0.0987040659638732,7.19847361247443,5.58603057119434,7.19868452121933,5.5855120508077,218.07425322417,217.975549158206,2013.76761690305,2013.86632096901,838000000,2
293,123,5.30902149674298,7.19868452121933,5.5855120508077,7.20016669987303,5.58645237480645,223.383274720913,218.07425322417,2013.86632096901,2019.17534246575,838000000,2
293,124,5.21039135975675,7.19868452121933,5.5855120508077,7.19313010096827,5.58163190596365,223.284644583927,218.07425322417,2013.86632096901,2019.07671232877,838000000,2
294,128,0.667146157035932,7.19931273134759,5.58693928569553,7.19850500334977,5.58681856371271,219.914781570228,219.247635413192,2015.03970315803,2015.70684931507,838000000,2
294,295,0.929407677680883,7.19931273134759,5.58693928569553,7.2001013430896,5.59092449327035,220.177043090873,219.247635413192,2015.03970315803,2015.96911083571,838000000,2
295,127,2.07472478072501,7.2001013430896,5.59092449327035,7.20069791967595,5.58561190836079,222.251767871598,220.177043090873,2015.96911083571,2018.04383561644,838000000,2
295,126,3.12677957524548,7.2001013430896,5.59092449327035,7.20013211436013,5.58936375618615,223.303822666119,220.177043090873,2015.96911083571,2019.09589041096,838000000,2
296,311,3.03856654627197,7.19923354602148,5.58138575179428,7.19455939794535,5.57700128292154,214.756579378104,211.718012831832,2007.51008057667,2010.54864712294,838000000,2
296,297,1.38049971233016,7.19923354602148,5.58138575179428,7.19702763781256,5.57874147266903,213.098512544162,211.718012831832,2007.51008057667,2008.890580289,838000000,2
297,303,0.235088882831098,7.19702763781256,5.57874147266903,7.19651415082216,5.57926234993065,213.333601426993,213.098512544162,2008.890580289,2009.12566917183,838000000,2
297,298,0.605566727591334,7.19702763781256,5.57874147266903,7.19198479245032,5.58205092411763,213.704079271753,213.098512544162,2008.890580289,2009.49614701659,838000000,2
298,132,7.82440092861219,7.19198479245032,5.58205092411763,7.19429390841535,5.58208313017882,221.528480200365,213.704079271753,2009.49614701659,2017.32054794521,838000000,2
298,299,0.464811082030836,7.19198479245032,5.58205092411763,7.19119848326238,5.58239183412954,214.168890353784,213.704079271753,2009.49614701659,2009.96095809862,838000000,2
299,301,1.30658896105824,7.19119848326238,5.58239183412954,7.19281951045058,5.58255476132711,215.475479314842,214.168890353784,2009.96095809862,2011.26754705968,838000000,2
299,300,7.29504666136901,7.19119848326238,5.58239183412954,7.19578826673027,5.57627514739009,221.463937015153,214.168890353784,2009.96095809862,2017.25600475999,838000000,2
300,133,0.861803459184947,7.19578826673027,5.57627514739009,7.19722592161716,5.58349675029562,222.325740474338,221.463937015153,2017.25600475999,2018.11780821918,838000000,2
300,134,1.90563907562312,7.19578826673027,5.57627514739009,7.839884,5.857344,223.369576090776,221.463937015153,2017.25600475999,2019.16164383562,838000000,2
301,302,1.26045223804556,7.19281951045058,5.58255476132711,7.19154119545324,5.58632853003417,216.735931552888,215.475479314842,2011.26754705968,2012.52799929773,838000000,2
301,135,6.82560362524904,7.19281951045058,5.58255476132711,7.19588888704216,5.58601934180074,222.301082940091,215.475479314842,2011.26754705968,2018.09315068493,838000000,2
302,136,6.52953494884738,7.19154119545324,5.58632853003417,7.19427792910178,5.58552551096036,223.265466501735,216.735931552888,2012.52799929773,2019.05753424658,838000000,2
302,137,5.57337056528555,7.19154119545324,5.58632853003417,7.19277770784195,5.58667549206061,222.309302118173,216.735931552888,2012.52799929773,2018.10136986301,838000000,2
303,138,8.9209061706326,7.19651415082216,5.57926234993065,8.84538,7.87839,222.254507597626,213.333601426993,2009.12566917183,2018.04657534247,838000000,2
303,304,1.0899162002603,7.19651415082216,5.57926234993065,7.19563416637081,5.58098789577319,214.423517627253,213.333601426993,2009.12566917183,2010.21558537209,838000000,2
304,310,2.49318372068713,7.19563416637081,5.58098789577319,7.08599641075136,4.79925877768701,216.91670134794,214.423517627253,2010.21558537209,2012.70876909278,838000000,2
304,305,1.9996107357048,7.19563416637081,5.58098789577319,7.20020432789529,5.58495701038535,216.423128362958,214.423517627253,2010.21558537209,2012.2151961078,838000000,2
305,306,0.281468069592348,7.20020432789529,5.58495701038535,7.20002349469034,5.58625575116226,216.704596432551,216.423128362958,2012.2151961078,2012.49666417739,838000000,2
305,139,3.94873831843135,7.20020432789529,5.58495701038535,7.19615168438342,5.58540928239645,220.37186668139,216.423128362958,2012.2151961078,2016.16393442623,838000000,2
306,307,0.596032715261341,7.20002349469034,5.58625575116226,7.19886168297609,5.58586822460746,217.300629147812,216.704596432551,2012.49666417739,2013.09269689265,838000000,2
306,140,5.62114404178758,7.20002349469034,5.58625575116226,7.1969837565264,5.58628499834767,222.325740474338,216.704596432551,2012.49666417739,2018.11780821918,838000000,2
307,309,1.73032566465053,7.19886168297609,5.58586822460746,7.19994587278314,5.58338548834362,219.030954812462,217.300629147812,2013.09269689265,2014.8230225573,838000000,2
307,308,0.92734850069807,7.19886168297609,5.58586822460746,7.20062870503243,5.58421659605544,218.22797764851,217.300629147812,2013.09269689265,2014.02004539335,838000000,2
308,141,4.09502309980058,7.20062870503243,5.58421659605544,7.1979119130078,5.58367579410013,222.323000748311,218.22797764851,2014.02004539335,2018.11506849315,838000000,2
308,142,5.04570803130747,7.20062870503243,5.58421659605544,7.1985628452822,5.5871688813361,223.273685679817,218.22797764851,2014.02004539335,2019.06575342466,838000000,2
309,144,2.22629251119063,7.19994587278314,5.58338548834362,7.19688888097892,5.58978756083564,221.257247323653,219.030954812462,2014.8230225573,2017.04931506849,838000000,2
309,143,3.21533360708098,7.19994587278314,5.58338548834362,7.19557038423785,5.58458497710119,222.246288419543,219.030954812462,2014.8230225573,2018.03835616438,838000000,2
310,146,6.34054597571252,7.08599641075136,4.79925877768701,6.733367,5.401827,223.257247323653,216.91670134794,2012.70876909278,2019.04931506849,838000000,2
310,145,6.43917611269875,7.08599641075136,4.79925877768701,7.09342173236495,4.8028577978886,223.355877460639,216.91670134794,2012.70876909278,2019.14794520548,838000000,2
311,147,8.51984602774096,7.19455939794535,5.57700128292154,7.19428067675163,5.58197562342159,223.276425405845,214.756579378104,2010.54864712294,2019.06849315068,838000000,2
311,312,0.458326502955277,7.19455939794535,5.57700128292154,7.19657695941953,5.57512147516284,215.214905881059,214.756579378104,2010.54864712294,2011.0069736259,838000000,2
312,149,8.06425925081327,7.19657695941953,5.57512147516284,6.33248276689126,5.61946393152236,223.279165131872,215.214905881059,2011.0069736259,2019.07123287671,838000000,2
312,148,7.99028664807349,7.19657695941953,5.57512147516284,7.1998997918427,5.58346656398623,223.205192529133,215.214905881059,2011.0069736259,2018.99726027397,838000000,2
313,314,11.0526866773681,6.92489757639622,5.77439377899219,6.93005641481805,5.77230493702011,221.977461636087,210.924774958719,2006.71684270356,2017.76952938093,838000000,2
313,152,7.88863674849587,6.92489757639622,5.77439377899219,6.92384456452209,5.77240964887248,218.813411707215,210.924774958719,2006.71684270356,2014.60547945205,838000000,2
314,151,1.2880048656483,6.93005641481805,5.77230493702011,6.92909753138447,5.77386351751224,223.265466501735,221.977461636087,2017.76952938093,2019.05753424658,838000000,2
314,150,0.342799386196127,6.93005641481805,5.77230493702011,6.92405283195597,5.77467638352943,222.320261022283,221.977461636087,2017.76952938093,2018.11232876712,838000000,2
315,316,13.4817423225817,6.93446564477317,5.77824146637606,6.9266022357844,5.77093055095002,219.906881718953,206.425139396371,2002.21720714121,2015.69894946379,838000000,2
315,153,15.9416969683776,6.93446564477317,5.77824146637606,6.85264571267144,5.59665496811827,222.366836364749,206.425139396371,2002.21720714121,2018.15890410959,838000000,2
316,155,0.147625878672645,6.9266022357844,5.77093055095002,6.92806119218035,5.77438895404223,220.054507597626,219.906881718953,2015.69894946379,2015.84657534247,838000000,2
316,154,0.147625878672645,6.9266022357844,5.77093055095002,6.92636941294046,5.77104205401555,220.054507597626,219.906881718953,2015.69894946379,2015.84657534247,838000000,2
317,320,17.6460997561442,6.20492437534479,6.75147721785352,7.11469651940298,6.69272678223496,197.101087520549,179.454987764405,1975.24705550925,1992.89315526539,838000000,2
317,318,15.0398799777368,6.20492437534479,6.75147721785352,6.20539694926123,6.71859400271227,194.494867742142,179.454987764405,1975.24705550925,1990.28693548698,838000000,2
318,160,22.1174360977173,6.20539694926123,6.71859400271227,6.20210042033109,6.72755137214603,216.612303839859,194.494867742142,1990.28693548698,2012.4043715847,838000000,2
318,319,15.2853004550909,6.20539694926123,6.71859400271227,6.46028887236359,6.73247532906814,209.780168197233,194.494867742142,1990.28693548698,2005.57223594207,838000000,2
319,158,12.5428325510775,6.46028887236359,6.73247532906814,6.452608,6.726605,222.323000748311,209.780168197233,2005.57223594207,2018.11506849315,838000000,2
319,159,12.504476386694,6.46028887236359,6.73247532906814,6.452245,6.728375,222.284644583927,209.780168197233,2005.57223594207,2018.07671232877,838000000,2
320,161,25.1561598031035,7.11469651940298,6.69272678223496,7.098654,6.678859,222.257247323653,197.101087520549,1992.89315526539,2018.04931506849,838000000,2
320,162,25.1753378852952,7.11469651940298,6.69272678223496,6.65658405316748,6.38655116312134,222.276425405845,197.101087520549,1992.89315526539,2018.06849315068,838000000,2
321,163,27.0115400210035,6.22936408050215,6.7468605497029,7.11365,6.74345,222.372315816804,195.3607757958,1991.15284354064,2018.16438356164,838000000,2
321,322,10.4636920154529,6.22936408050215,6.7468605497029,6.22361877360851,6.75389871566648,205.824467811253,195.3607757958,1991.15284354064,2001.61653555609,838000000,2
322,164,17.3889438959614,6.22361877360851,6.75389871566648,6.66420950496927,6.38619792979542,223.213411707215,205.824467811253,2001.61653555609,2019.00547945205,838000000,2
322,165,17.5423685534956,6.22361877360851,6.75389871566648,6.19489959353238,6.730142544728,223.366836364749,205.824467811253,2001.61653555609,2019.15890410959,838000000,2
355,383,215.987940054747,9.54594779949781,9.29237068009242,9.99827141583397,8.86744814928404,215.987940054747,0,1725.49446911411,1941.48240916886,182000000,3
355,356,205.099949901176,9.54594779949781,9.29237068009242,9.6541149617147,9.47048560013407,205.099949901176,0,1725.49446911411,1930.59441901528,182000000,3
356,357,2.91176320520454,9.6541149617147,9.47048560013407,9.19552309285701,9.01802668809471,208.01171310638,205.099949901176,1930.59441901528,1933.50618222049,182000000,3
356,370,17.3743419426583,9.6541149617147,9.47048560013407,9.69412080481527,9.46697377004728,222.474291843834,205.099949901176,1930.59441901528,1947.96876095794,182000000,3
357,336,82.5511948286914,9.19552309285701,9.01802668809471,7.213958,10.183256,290.562907935072,208.01171310638,1933.50618222049,2016.05737704918,182000000,3
357,358,15.1049577049908,9.19552309285701,9.01802668809471,8.47832113218932,8.48294198859239,223.116670811371,208.01171310638,1933.50618222049,1948.61113992548,182000000,3
358,359,49.7024425244248,8.47832113218932,8.48294198859239,8.44280143344074,8.49872074702155,272.819113335796,223.116670811371,1948.61113992548,1998.3135824499,182000000,3
358,365,38.9318680507952,8.47832113218932,8.48294198859239,8.43962453176296,8.53956292406231,262.048538862166,223.116670811371,1948.61113992548,1987.54300797628,182000000,3
359,360,2.99565970981961,8.44280143344074,8.49872074702155,8.44823102047641,8.49365537076913,275.814773045615,272.819113335796,1998.3135824499,2001.30924215972,182000000,3
359,364,6.80416505740855,8.44280143344074,8.49872074702155,8.44966313691631,8.49483580613914,279.623278393204,272.819113335796,1998.3135824499,2005.11774750731,182000000,3
360,361,2.55273797063198,8.44823102047641,8.49365537076913,8.47248940580923,8.55119880750036,278.367511016247,275.814773045615,2001.30924215972,2003.86198013036,182000000,3
360,362,2.14210564186585,8.44823102047641,8.49365537076913,8.45614032865846,8.50224992103954,277.956878687481,275.814773045615,2001.30924215972,2003.45134780159,182000000,3
361,323,10.1900746641643,8.47248940580923,8.55119880750036,8.49381214823964,8.51703746067522,288.557585680412,278.367511016247,2003.86198013036,2014.05205479452,182000000,3
361,324,12.1325404175891,8.47248940580923,8.55119880750036,8.4,8.55,290.500051433837,278.367511016247,2003.86198013036,2015.99452054795,182000000,3
362,325,12.671603018082,8.45614032865846,8.50224992103954,8.49082198998264,8.5243511189507,290.628481705563,277.956878687481,2003.45134780159,2016.12295081967,182000000,3
362,363,11.9553549928193,8.45614032865846,8.50224992103954,8.49890576586954,8.51637269652586,289.912233680301,277.956878687481,2003.45134780159,2015.40670279441,182000000,3
363,326,0.683461140016989,8.49890576586954,8.51637269652586,8.49673676105199,8.51827276451837,290.595694820318,289.912233680301,2015.40670279441,2016.09016393443,182000000,3
363,327,1.65631090422082,8.49890576586954,8.51637269652586,8.49250971303941,8.52427035644084,291.568544584521,289.912233680301,2015.40670279441,2017.06301369863,182000000,3
364,329,11.0789738041623,8.44966313691631,8.49483580613914,8.49722211487721,8.52250887393349,290.702252197367,279.623278393204,2005.11774750731,2016.19672131148,182000000,3
364,328,10.934165060993,8.44966313691631,8.49483580613914,8.49394782251341,8.52434324929002,290.557443454197,279.623278393204,2005.11774750731,2016.05191256831,182000000,3
365,366,11.1861701004637,8.43962453176296,8.53956292406231,8.493652331131,8.55949633863292,273.23470896263,262.048538862166,1987.54300797628,1998.72917807674,182000000,3
365,369,4.59453421660497,8.43962453176296,8.53956292406231,7.54640110642108,7.90747817028996,266.643073078771,262.048538862166,1987.54300797628,1992.13754219288,182000000,3
366,333,17.3691825789991,8.493652331131,8.55949633863292,8.325363,8.450158,290.603891541629,273.23470896263,1998.72917807674,2016.09836065574,182000000,3
366,367,12.3077173994593,8.493652331131,8.55949633863292,7.61780569417268,8.38521049810938,285.542426362089,273.23470896263,1998.72917807674,2011.0368954762,182000000,3
367,368,0.281644068035368,7.61780569417268,8.38521049810938,7.63665541838695,8.40350841721308,285.824070430125,285.542426362089,2011.0368954762,2011.31853954423,182000000,3
367,332,1.78824113582394,7.61780569417268,8.38521049810938,7.63105642009365,8.3982002138126,287.330667497913,285.542426362089,2011.0368954762,2012.82513661202,182000000,3
368,330,0.492419359876302,7.63665541838695,8.40350841721308,7.63036786338119,8.39992910373903,286.316489790001,285.824070430125,2011.31853954423,2011.81095890411,182000000,3
368,331,0.489679633848945,7.63665541838695,8.40350841721308,7.62856447149673,8.40233005947631,286.313750063973,285.824070430125,2011.31853954423,2011.80821917808,182000000,3
369,334,24.015463271601,7.54640110642108,7.90747817028996,7.565864,7.917972,290.658536350372,266.643073078771,1992.13754219288,2016.15300546448,182000000,3
369,335,25.9117728756132,7.54640110642108,7.90747817028996,5.79449,7.03589,292.554845954384,266.643073078771,1992.13754219288,2018.04931506849,182000000,3
370,374,20.2320873728497,9.69412080481527,9.46697377004728,9.61561815980841,9.3574097166127,242.706379216684,222.474291843834,1947.96876095794,1968.20084833079,182000000,3
370,371,33.9947286885237,9.69412080481527,9.46697377004728,9.7894527985728,9.57160805257107,256.469020532358,222.474291843834,1947.96876095794,1981.96348964647,182000000,3
371,372,10.9992627143451,9.7894527985728,9.57160805257107,9.7201300170519,9.55440181738558,267.468283246703,256.469020532358,1981.96348964647,1992.96275236081,182000000,3
371,340,34.1020841240253,9.7894527985728,9.57160805257107,9.755908,9.553992,290.571104656383,256.469020532358,1981.96348964647,2016.06557377049,182000000,3
372,339,26.1413572282297,9.7201300170519,9.55440181738558,7.336619,9.002272,293.609640474932,267.468283246703,1992.96275236081,2019.10410958904,182000000,3
372,373,9.48486560465853,9.7201300170519,9.55440181738558,10.2954040377163,10.3384679034018,276.953148851361,267.468283246703,1992.96275236081,2002.44761796547,182000000,3
373,338,12.8236149112423,10.2954040377163,10.3384679034018,10.2666745232369,10.3336668685297,289.776763762603,276.953148851361,2002.44761796547,2015.27123287671,182000000,3
373,337,13.6261525263333,10.2954040377163,10.3384679034018,10.2647177364198,10.3375519563515,290.579301377695,276.953148851361,2002.44761796547,2016.0737704918,182000000,3
374,375,8.83733579628271,9.61561815980841,9.3574097166127,10.1441264071149,9.78635253193563,251.543715012966,242.706379216684,1968.20084833079,1977.03818412708,182000000,3
374,350,47.8510642375136,9.61561815980841,9.3574097166127,8.87931,9.53879,290.557443454197,242.706379216684,1968.20084833079,2016.05191256831,182000000,3
375,341,38.9700125942362,10.1441264071149,9.78635253193563,9.383,9.133,290.513727607203,251.543715012966,1977.03818412708,2016.00819672131,182000000,3
375,376,2.83268489395346,10.1441264071149,9.78635253193563,10.1518547216298,9.80269770114675,254.37639990692,251.543715012966,1977.03818412708,1979.87086902103,182000000,3
376,377,4.75792078066777,10.1518547216298,9.80269770114675,10.1983420441962,9.79726416713891,259.134320687588,254.37639990692,1979.87086902103,1984.6287898017,182000000,3
376,382,10.7117498056605,10.1518547216298,9.80269770114675,9.97669595073067,9.50508695387448,265.08814971258,254.37639990692,1979.87086902103,1990.58261882669,182000000,3
377,347,29.2643608832351,10.1983420441962,9.79726416713891,10.3112976850022,9.84693145711002,288.398681570823,259.134320687588,1984.6287898017,2013.89315068493,182000000,3
377,378,15.1951206306851,10.1983420441962,9.79726416713891,10.1530474466927,9.77855635598197,274.329441318273,259.134320687588,1984.6287898017,1999.82391043238,182000000,3
378,379,10.2721821161394,10.1530474466927,9.77855635598197,10.1154476631962,9.76764245718978,284.601623434412,274.329441318273,1999.82391043238,2010.09609254852,182000000,3
378,381,4.42849632128994,10.1530474466927,9.77855635598197,10.2100100621785,9.77254128083249,278.757937639563,274.329441318273,1999.82391043238,2004.25240675367,182000000,3
379,344,7.90664717750656,10.1154476631962,9.76764245718978,10.0977870172285,9.76763539502364,292.508270611919,284.601623434412,2010.09609254852,2018.00273972603,182000000,3
379,380,3.64828017667376,10.1154476631962,9.76764245718978,10.1015676619586,9.76089559332396,288.249903611086,284.601623434412,2010.09609254852,2013.74437272519,182000000,3
380,343,2.28568191961428,10.1015676619586,9.76089559332396,10.0960379933405,9.76310340043939,290.5355855307,288.249903611086,2013.74437272519,2016.03005464481,182000000,3
380,342,2.4168294605977,10.1015676619586,9.76089559332396,10.675453,9.122348,290.666733071683,288.249903611086,2013.74437272519,2016.16120218579,182000000,3
381,346,11.0599220134519,10.2100100621785,9.77254128083249,9.595820427,9.617159843,289.817859653015,278.757937639563,2004.25240675367,2015.31232876712,182000000,3
381,345,9.68183982167115,10.2100100621785,9.77254128083249,10.3154654105242,9.84137042801742,288.439777461234,278.757937639563,2004.25240675367,2013.93424657534,182000000,3
382,348,27.521490762352,9.97669595073067,9.50508695387448,9.960813,9.502202,292.609640474932,265.08814971258,1990.58261882669,2018.10410958904,182000000,3
382,349,27.5105318582424,9.97669595073067,9.50508695387448,9.983,9.233,292.598681570823,265.08814971258,1990.58261882669,2018.09315068493,182000000,3
383,384,29.9206519807205,9.99827141583397,8.86744814928404,10.0957246052198,8.95788803298924,245.908592035468,215.987940054747,1941.48240916886,1971.40306114958,182000000,3
383,354,51.5175908311443,9.99827141583397,8.86744814928404,9.91936952796116,8.88882271195152,267.505530885891,215.987940054747,1941.48240916886,1993,182000000,3
384,351,44.7417475935932,10.0957246052198,8.95788803298924,10.523056,7.440278,290.650339629061,245.908592035468,1971.40306114958,2016.14480874317,182000000,3
384,385,14.126617020791,10.0957246052198,8.95788803298924,9.95812767322265,8.89791353449825,260.035209056259,245.908592035468,1971.40306114958,1985.52967817037,182000000,3
385,352,22.5550212831845,9.95812767322265,8.89791353449825,9.92084853352963,8.8941152644633,282.590230339443,260.035209056259,1985.52967817037,2008.08469945355,182000000,3
385,353,22.5550212831845,9.95812767322265,8.89791353449825,9.91622130079829,8.89356194600334,282.590230339443,260.035209056259,1985.52967817037,2008.08469945355,182000000,3
