node1,node2,length,startLat,startLon,endLat,endLon,endNodeL,startNodeL,startYear,endYear,treeID
256,356,730.900417594702,6.09812112555332,7.80721946841021,6.03126311587128,7.80407381064764,730.900417594702,0,985.565221167499,1716.4656387622,381400000
256,257,83.7685018767019,6.09812112555332,7.80721946841021,6.09118607451681,7.81924161661994,83.7685018767019,0,985.565221167499,1069.3337230442,381400000
257,261,250.535043621004,6.09118607451681,7.81924161661994,6.64424464301094,7.78983486149855,334.303545497705,83.7685018767019,1069.3337230442,1319.8687666652,381400000
257,258,135.258251935882,6.09118607451681,7.81924161661994,6.06229926775914,7.80644266518429,219.026753812584,83.7685018767019,1069.3337230442,1204.59197498008,381400000
258,1,765.039381137653,6.06229926775914,7.80644266518429,10.686987,13.272643,984.066134950237,219.026753812584,1204.59197498008,1969.63135611774,381400000
258,259,352.593473773556,6.06229926775914,7.80644266518429,7.78147699044548,4.94728463185388,571.62022758614,219.026753812584,1204.59197498008,1557.18544875364,381400000
259,260,382.811030646726,7.78147699044548,4.94728463185388,7.85531914536192,5.18343519197692,954.431258232866,571.62022758614,1557.18544875364,1939.99647940036,381400000
259,4,455.01665484693,7.78147699044548,4.94728463185388,7.6833,4.6167,1026.63688243307,571.62022758614,1557.18544875364,2012.20210360057,381400000
260,2,76.0389575335377,7.85531914536192,5.18343519197692,7.845422,5.182916,1030.4702157664,954.431258232866,1939.99647940036,2016.0354369339,381400000
260,3,79.047274024293,7.85531914536192,5.18343519197692,7.525829,5.762072,1033.47853225716,954.431258232866,1939.99647940036,2019.04375342466,381400000
261,291,304.474607884932,6.64424464301094,7.78983486149855,7.99662308055835,-10.1041683790522,638.778153382637,334.303545497705,1319.8687666652,1624.34337455014,381400000
261,262,109.841873913924,6.64424464301094,7.78983486149855,8.45374972610637,8.62388806911704,444.14541941163,334.303545497705,1319.8687666652,1429.71064057913,381400000
262,290,424.204126637062,8.45374972610637,8.62388806911704,9.86341965703691,8.7962064350196,868.349546048692,444.14541941163,1429.71064057913,1853.91476721619,381400000
262,263,366.446406826738,8.45374972610637,8.62388806911704,8.50768569664666,8.64459541041172,810.591826238368,444.14541941163,1429.71064057913,1796.15704740587,381400000
263,5,219.900247451533,8.50768569664666,8.64459541041172,7.213958,10.183256,1030.4920736899,810.591826238368,1796.15704740587,2016.0572948574,381400000
263,264,31.6257049786414,8.50768569664666,8.64459541041172,8.51594076167417,8.63699982461429,842.217531217009,810.591826238368,1796.15704740587,1827.78275238451,381400000
264,278,34.3463943771334,8.51594076167417,8.63699982461429,9.76751012969217,9.57881152263979,876.563925594142,842.217531217009,1827.78275238451,1862.12914676164,381400000
264,265,40.7407061971579,8.51594076167417,8.63699982461429,8.50674548108985,8.52468686323204,882.958237414167,842.217531217009,1827.78275238451,1868.52345858167,381400000
265,266,77.9863846212761,8.50674548108985,8.52468686323204,8.44855137468748,8.54661987701673,960.944622035443,882.958237414167,1868.52345858167,1946.50984320294,381400000
265,271,110.651784270604,8.50674548108985,8.52468686323204,8.49805962960561,8.52588268983154,993.610021684771,882.958237414167,1868.52345858167,1979.17524285227,381400000
266,268,32.8141573021724,8.44855137468748,8.54661987701673,8.31616414400619,8.47432868317484,993.758779337615,960.944622035443,1946.50984320294,1979.32400050511,381400000
266,267,11.7450245417255,8.44855137468748,8.54661987701673,8.4514482673422,8.5470043952466,972.689646577169,960.944622035443,1946.50984320294,1958.25486774467,381400000
267,6,57.8980555280325,8.4514482673422,8.5470043952466,7.565864,7.917972,1030.5877021052,972.689646577169,1958.25486774467,2016.1529232727,381400000
267,7,59.7943651320447,8.4514482673422,8.5470043952466,5.79449,7.03589,1032.48401170921,972.689646577169,1958.25486774467,2018.04923287671,381400000
268,11,36.7742779588424,8.31616414400619,8.47432868317484,8.325363,8.450158,1030.53305729646,993.758779337615,1979.32400050511,2016.09827846396,381400000
268,269,28.9882376888843,8.31616414400619,8.47432868317484,7.63237265537083,8.39900980354136,1022.7470170265,993.758779337615,1979.32400050511,2008.312238194,381400000
269,10,4.51281622624225,7.63237265537083,8.39900980354136,7.63391160888006,8.40165399442606,1027.25983325274,1022.7470170265,2008.312238194,2012.82505442024,381400000
269,270,2.14061047737179,7.63237265537083,8.39900980354136,7.63082898581001,8.39831706569707,1024.88762750387,1022.7470170265,2008.312238194,2010.45284867137,381400000
270,9,1.35528831493084,7.63082898581001,8.39831706569707,7.63363739676226,8.39697275125557,1026.2429158188,1024.88762750387,2010.45284867137,2011.8081369863,381400000
270,8,1.35802804095819,7.63082898581001,8.39831706569707,7.63048244074588,8.3988255205873,1026.24565554483,1024.88762750387,2010.45284867137,2011.81087671233,381400000
271,277,13.8985488923446,8.49805962960561,8.52588268983154,8.49818686687352,8.52282005264473,1007.50857057712,993.610021684771,1979.17524285227,1993.07379174461,381400000
271,272,2.83583845247666,8.49805962960561,8.52588268983154,8.49789676528937,8.52571299897757,996.445860137248,993.610021684771,1979.17524285227,1982.01108130475,381400000
272,273,0.220873950925906,8.49789676528937,8.52571299897757,8.49837569519409,8.52482340720056,996.666734088174,996.445860137248,1982.01108130475,1982.23195525567,381400000
272,275,6.73664498348251,8.49789676528937,8.52571299897757,8.49538256348769,8.52701494111863,1003.18250512073,996.445860137248,1982.01108130475,1988.74772628823,381400000
273,14,18.0056674705792,8.49837569519409,8.52482340720056,9.91692405544008,8.89454039802612,1014.67240155875,996.666734088174,1982.23195525567,2000.23762272625,381400000
273,274,5.0930860353493,8.49837569519409,8.52482340720056,8.49910384460376,8.52464474946292,1001.75982012352,996.666734088174,1982.23195525567,1987.32504129102,381400000
274,12,28.6693970651425,8.49910384460376,8.52464474946292,8.4,8.55,1030.42921718867,1001.75982012352,1987.32504129102,2015.99443835616,381400000
274,13,26.7269313117177,8.49910384460376,8.52464474946292,8.49642602061313,8.52446469938605,1028.48675143524,1001.75982012352,1987.32504129102,2014.05197260274,381400000
275,15,27.3751423396619,8.49538256348769,8.52701494111863,8.49093394089794,8.51814460687556,1030.55764746039,1003.18250512073,1988.74772628823,2016.12286862789,381400000
275,276,25.6722258595241,8.49538256348769,8.52701494111863,8.49479412093044,8.5232126203995,1028.85473098025,1003.18250512073,1988.74772628823,2014.41995214775,381400000
276,17,1.67012959489205,8.49479412093044,8.5232126203995,8.49348319524115,8.51766841575592,1030.52486057515,1028.85473098025,2014.41995214775,2016.09008174265,381400000
276,16,2.64297935909588,8.49479412093044,8.5232126203995,8.49200422858583,8.52580567012689,1031.49771033935,1028.85473098025,2014.41995214775,2017.06293150685,381400000
277,19,23.1228473750798,8.49818686687352,8.52282005264473,8.49663803912223,8.52451547689467,1030.6314179522,1007.50857057712,1993.07379174461,2016.19663911969,381400000
277,18,22.9780386319105,8.49818686687352,8.52282005264473,8.49508525903931,8.52347205782366,1030.48660920903,1007.50857057712,1993.07379174461,2016.05183037653,381400000
278,287,74.7355628424844,9.76751012969217,9.57881152263979,9.7595200225416,9.5709606943159,951.299488436627,876.563925594142,1862.12914676164,1936.86470960413,381400000
278,279,53.7100220887358,9.76751012969217,9.57881152263979,9.96842157326243,9.50396751044571,930.273947682878,876.563925594142,1862.12914676164,1915.83916885038,381400000
279,20,100.212661526148,9.96842157326243,9.50396751044571,8.87931,9.53879,1030.48660920903,930.273947682878,1915.83916885038,2016.05183037653,381400000
279,280,21.686256809198,9.96842157326243,9.50396751044571,9.96956834535761,9.50368112410088,951.960204492076,930.273947682878,1915.83916885038,1937.52542565958,381400000
280,21,78.4826888699553,9.96956834535761,9.50368112410088,9.383,9.133,1030.44289336203,951.960204492076,1937.52542565958,2016.00811452953,381400000
280,281,3.94806619262958,9.96956834535761,9.50368112410088,9.96758278537944,9.50783096046609,955.908270684706,951.960204492076,1937.52542565958,1941.4734918522,381400000
281,22,76.6305355450555,9.96758278537944,9.50783096046609,9.960813,9.502202,1032.53880622976,955.908270684706,1941.4734918522,2018.10402739726,381400000
281,282,4.2389293453722,9.96758278537944,9.50783096046609,10.0960717850488,9.76653198599991,960.147200030078,955.908270684706,1941.4734918522,1945.71242119758,381400000
282,23,68.1806472955736,10.0960717850488,9.76653198599991,10.3187039537199,9.84675368873986,1028.32784732565,960.147200030078,1945.71242119758,2013.89306849315,381400000
282,283,34.0348541582334,10.0960717850488,9.76653198599991,10.0913379540885,9.77235298325743,994.182054188311,960.147200030078,1945.71242119758,1979.74727535581,381400000
283,286,10.6928803680143,10.0913379540885,9.77235298325743,10.2129554939972,9.75439020463469,1004.87493455633,994.182054188311,1979.74727535581,1990.44015572382,381400000
283,284,21.0992069346969,10.0913379540885,9.77235298325743,10.0933977172135,9.77127247502245,1015.28126112301,994.182054188311,1979.74727535581,2000.84648229051,381400000
284,285,10.2863856333853,10.0933977172135,9.77127247502245,10.0923747528084,9.77018285094387,1025.56764675639,1015.28126112301,2000.84648229051,2011.13286792389,381400000
284,26,17.1561752437393,10.0933977172135,9.77127247502245,10.0922539838213,9.77093387302643,1032.43743636675,1015.28126112301,2000.84648229051,2018.00265753425,381400000
285,25,4.89710452913546,10.0923747528084,9.77018285094387,10.0918376862845,9.76376702333931,1030.46475128553,1025.56764675639,2011.13286792389,2016.02997245303,381400000
285,24,5.02825207011888,10.0923747528084,9.77018285094387,10.675453,9.122348,1030.59589882651,1025.56764675639,2011.13286792389,2016.16111999401,381400000
286,27,23.494008659737,10.2129554939972,9.75439020463469,10.3111678608582,9.84327220492988,1028.36894321606,1004.87493455633,1990.44015572382,2013.93416438356,381400000
286,28,24.8720908515177,10.2129554939972,9.75439020463469,9.595820427,9.617159843,1029.74702540784,1004.87493455633,1990.44015572382,2015.31224657534,381400000
287,32,79.200781974585,9.7595200225416,9.5709606943159,9.755908,9.553992,1030.50027041121,951.299488436627,1936.86470960413,2016.06549157871,381400000
287,288,17.8334740383468,9.7595200225416,9.5709606943159,9.75822692227613,9.57339674799325,969.132962474974,951.299488436627,1936.86470960413,1954.69818364247,381400000
288,289,28.2359728756447,9.75822692227613,9.57339674799325,10.2569049784799,10.3257989580043,997.368935350618,969.132962474974,1954.69818364247,1982.93415651812,381400000
288,31,64.4058437547877,9.75822692227613,9.57339674799325,7.336619,9.002272,1033.53880622976,969.132962474974,1954.69818364247,2019.10402739726,381400000
289,30,32.3369941668141,10.2569049784799,10.3257989580043,10.2686363273471,10.3295460823264,1029.70592951743,997.368935350618,1982.93415651812,2015.27115068493,381400000
289,29,33.1395317819051,10.2569049784799,10.3257989580043,10.2653272688057,10.3303928184369,1030.50846713252,997.368935350618,1982.93415651812,2016.07368830002,381400000
290,33,139.41162116703,9.86341965703691,8.7962064350196,9.91845491564008,8.88674528216934,1007.76116721572,868.349546048692,1853.91476721619,1993.32638838322,381400000
290,34,162.229959335198,9.86341965703691,8.7962064350196,10.523056,7.440278,1030.57950538389,868.349546048692,1853.91476721619,2016.14472655139,381400000
291,298,109.272328213063,7.99662308055835,-10.1041683790522,7.97957232099496,-10.1237336621406,748.050481595701,638.778153382637,1624.34337455014,1733.6157027632,381400000
291,292,270.207282266003,7.99662308055835,-10.1041683790522,10.593203897082,-7.16655955106643,908.98543564864,638.778153382637,1624.34337455014,1894.55065681614,381400000
292,297,74.3031975842722,10.593203897082,-7.16655955106643,10.3971491042093,-7.26068808891916,983.288633232912,908.98543564864,1894.55065681614,1968.85385440041,381400000
292,293,98.0588516964927,10.593203897082,-7.16655955106643,10.5930397516235,-7.15581635919571,1007.04428734513,908.98543564864,1894.55065681614,1992.60950851263,381400000
293,294,1.02800303039936,10.5930397516235,-7.15581635919571,10.5892133603825,-7.16030221553316,1008.07229037553,1007.04428734513,1992.60950851263,1993.63751154303,381400000
293,39,17.2352555300685,10.5930397516235,-7.15581635919571,10.5911081068885,-7.15207826216229,1024.2795428752,1007.04428734513,1992.60950851263,2009.8447640427,381400000
294,38,18.5318051722922,10.5892133603825,-7.16030221553316,10.592701417886,-7.15932412940942,1026.60409554782,1008.07229037553,1993.63751154303,2012.16931671532,381400000
294,295,7.1525437441613,10.5892133603825,-7.16030221553316,10.5906710125241,-7.15994089760185,1015.22483411969,1008.07229037553,1993.63751154303,2000.79005528719,381400000
295,37,8.46576109467787,10.5906710125241,-7.15994089760185,10.5911805693205,-7.15407836132515,1023.69059521437,1015.22483411969,2000.79005528719,2009.25581638187,381400000
295,296,4.42495173387306,10.5906710125241,-7.15994089760185,10.5842292793238,-7.15734565547092,1019.64978585357,1015.22483411969,2000.79005528719,2005.21500702107,381400000
296,35,6.95430969425782,10.5842292793238,-7.15734565547092,10.6164,-7.1583,1026.60409554782,1019.64978585357,2005.21500702107,2012.16931671532,381400000
296,36,4.63053399921013,10.5842292793238,-7.15734565547092,10.5843747490015,-7.15969482309035,1024.28031985278,1019.64978585357,2005.21500702107,2009.84554102028,381400000
297,41,43.3498747309641,10.3971491042093,-7.26068808891916,10.3831,-7.1517,1026.63850796388,983.288633232912,1968.85385440041,2012.20372913138,381400000
297,40,43.3533880671199,10.3971491042093,-7.26068808891916,10.397222,-7.259167,1026.64202130003,983.288633232912,1968.85385440041,2012.20724246753,381400000
298,299,63.3583996411385,7.97957232099496,-10.1237336621406,7.99549097585721,-10.1239471146296,811.408881236839,748.050481595701,1733.6157027632,1796.97410240434,381400000
298,351,144.311107672229,7.97957232099496,-10.1237336621406,6.98303755223444,-9.46233542414209,892.361589267929,748.050481595701,1733.6157027632,1877.92681043543,381400000
299,42,206.176163639881,7.99549097585721,-10.1239471146296,10.059767,-10.58615,1017.58504487672,811.408881236839,1796.97410240434,2003.15026604422,381400000
299,300,56.8767186448271,7.99549097585721,-10.1239471146296,8.10797287296085,-11.1145420082238,868.285599881666,811.408881236839,1796.97410240434,1853.85082104917,381400000
300,301,23.0068523235147,8.10797287296085,-11.1145420082238,8.12752634857679,-11.1191727873229,891.292452205181,868.285599881666,1853.85082104917,1876.85767337268,381400000
300,345,29.5514984957365,8.10797287296085,-11.1145420082238,8.2177716301782,-11.0646485316896,897.837098377403,868.285599881666,1853.85082104917,1883.4023195449,381400000
301,337,18.8007415903411,8.12752634857679,-11.1191727873229,7.87507144585009,-11.7088825630439,910.093193795522,891.292452205181,1876.85767337268,1895.65841496302,381400000
301,302,66.6661174931759,8.12752634857679,-11.1191727873229,8.12077092038661,-11.1254193626956,957.958569698357,891.292452205181,1876.85767337268,1943.52379086586,381400000
302,309,13.6872920062931,8.12077092038661,-11.1254193626956,8.18590419566512,-11.1364103488881,971.64586170465,957.958569698357,1943.52379086586,1957.21108287215,381400000
302,303,2.89752323976019,8.12077092038661,-11.1254193626956,8.05363387002455,-11.1527373692617,960.856092938117,957.958569698357,1943.52379086586,1946.42131410562,381400000
303,304,6.19908722415471,8.05363387002455,-11.1527373692617,7.83038099485565,-11.2036728730089,967.055180162272,960.856092938117,1946.42131410562,1952.62040132977,381400000
303,49,28.5925841419325,8.05363387002455,-11.1527373692617,7.99984241915399,-10.9471662379946,989.448677080049,960.856092938117,1946.42131410562,1975.01389824755,381400000
304,307,23.8987482842332,7.83038099485565,-11.2036728730089,7.8592555469287,-11.1955456104468,990.953928446505,967.055180162272,1952.62040132977,1976.519149614,381400000
304,305,26.4619348922163,7.83038099485565,-11.2036728730089,7.83341082031567,-11.1985699196676,993.517115054488,967.055180162272,1952.62040132977,1979.08233622199,381400000
305,306,3.09100533109518,7.83341082031567,-11.1985699196676,7.83224660358464,-11.2004805292558,996.608120385583,993.517115054488,1979.08233622199,1982.17334155308,381400000
305,45,30.9614172026706,7.83341082031567,-11.1985699196676,8.18614700554421,-11.131898185359,1024.47853225716,993.517115054488,1979.08233622199,2010.04375342466,381400000
306,44,29.0567132414384,7.83224660358464,-11.2004805292558,7.99594102996626,-10.9481469448308,1025.66483362702,996.608120385583,1982.17334155308,2011.23005479452,381400000
306,43,30.3047183316397,7.83224660358464,-11.2004805292558,7.8578520245654,-11.1936305656815,1026.91283871722,996.608120385583,1982.17334155308,2012.47805988472,381400000
307,46,35.7266698335596,7.8592555469287,-11.1955456104468,7.925974,-11.054267,1026.68059828006,990.953928446505,1976.519149614,2012.24581944756,381400000
307,308,25.9097017052292,7.8592555469287,-11.1955456104468,7.86627246660149,-11.1939583711128,1016.86363015173,990.953928446505,1976.519149614,2002.42885131923,381400000
308,48,11.0998336122737,7.86627246660149,-11.1939583711128,7.86437021801599,-11.194405137972,1027.96346376401,1016.86363015173,2002.42885131923,2013.52868493151,381400000
308,47,10.9957240232326,7.86627246660149,-11.1939583711128,7.65,-11.133333,1027.85935417497,1016.86363015173,2002.42885131923,2013.42457534247,381400000
309,325,5.61950967651246,8.18590419566512,-11.1364103488881,8.16403127858987,-11.1147969283567,977.265371381162,971.64586170465,1957.21108287215,1962.83059254866,381400000
309,310,10.1202926446789,8.18590419566512,-11.1364103488881,8.18521992447105,-11.1376990950249,981.766154349329,971.64586170465,1957.21108287215,1967.33137551683,381400000
310,311,9.21582577575906,8.18521992447105,-11.1376990950249,8.18942945612727,-11.1375453653605,990.981980125088,981.766154349329,1967.33137551683,1976.54720129259,381400000
310,312,2.63919190608956,8.18521992447105,-11.1376990950249,8.1816501316517,-11.1349309455754,984.405346255418,981.766154349329,1967.33137551683,1969.97056742292,381400000
311,50,33.608880899194,8.18942945612727,-11.1375453653605,8.1855030157835,-11.1360014713224,1024.59086102428,990.981980125088,1976.54720129259,2010.15608219178,381400000
311,51,36.2204760784739,8.18942945612727,-11.1375453653605,8.355083,-11.324278,1027.20245620356,990.981980125088,1976.54720129259,2012.76767737106,381400000
312,322,15.8000467298486,8.1816501316517,-11.1349309455754,8.18711850878648,-11.1315787615503,1000.20539298527,984.405346255418,1969.97056742292,1985.77061415277,381400000
312,313,13.2923947969055,8.1816501316517,-11.1349309455754,8.18476111520398,-11.1375222798937,997.697741052324,984.405346255418,1969.97056742292,1983.26296221982,381400000
313,315,3.96323248363311,8.18476111520398,-11.1375222798937,8.18687520805336,-11.1371444096327,1001.66097353596,997.697741052324,1983.26296221982,1987.22619470346,381400000
313,314,20.7355325133157,8.18476111520398,-11.1375222798937,8.04646411570412,-11.1137704825254,1018.43327356564,997.697741052324,1983.26296221982,2003.99849473314,381400000
314,53,7.44251896549152,8.04646411570412,-11.1137704825254,8.04546810314645,-11.1055024662381,1025.87579253113,1018.43327356564,2003.99849473314,2011.44101369863,381400000
314,52,7.96580663672451,8.04646411570412,-11.1137704825254,8.0470567056,-11.1136381440805,1026.39908020236,1018.43327356564,2003.99849473314,2011.96430136986,381400000
315,319,0.934756258565137,8.18687520805336,-11.1371444096327,8.18445868658533,-11.1369005075323,1002.59572979452,1001.66097353596,1987.22619470346,1988.16095096202,381400000
315,316,2.02547487950563,8.18687520805336,-11.1371444096327,8.18841232478993,-11.1376920681419,1003.68644841546,1001.66097353596,1987.22619470346,1989.25166958296,381400000
316,57,24.1619468553944,8.18841232478993,-11.1376920681419,8.18834650129145,-11.1371562331531,1027.84839527086,1003.68644841546,1989.25166958296,2013.41361643836,381400000
316,317,12.3129448182891,8.18841232478993,-11.1376920681419,8.18757547648614,-11.1377013046172,1015.99939323375,1003.68644841546,1989.25166958296,2001.56461440125,381400000
317,56,11.555851352174,8.18757547648614,-11.1377013046172,8.18705581876913,-11.1348828224725,1027.55524458593,1015.99939323375,2001.56461440125,2013.12046575342,381400000
317,318,1.46634709974515,8.18757547648614,-11.1377013046172,8.18885571857158,-11.1352051193089,1017.4657403335,1015.99939323375,2001.56461440125,2003.030961501,381400000
318,55,9.52633335640362,8.18885571857158,-11.1352051193089,7.86097482647732,-11.1993026789952,1026.9920736899,1017.4657403335,2003.030961501,2012.5572948574,381400000
318,54,9.02906559684074,8.18885571857158,-11.1352051193089,8.116599,-11.174797,1026.49480593034,1017.4657403335,2003.030961501,2012.06002709784,381400000
319,321,9.04557831863499,8.18445868658533,-11.1369005075323,8.18156842648858,-11.1294608675622,1011.64130811316,1002.59572979452,1988.16095096202,1997.20652928066,381400000
319,320,20.2001887041415,8.18445868658533,-11.1369005075323,8.15344943951707,-11.1602207801702,1022.79591849866,1002.59572979452,1988.16095096202,2008.36113966616,381400000
320,58,1.5757644434264,8.15344943951707,-11.1602207801702,8.154893,-11.171735,1024.37168294209,1022.79591849866,2008.36113966616,2009.93690410959,381400000
320,59,3.87375081965211,8.15344943951707,-11.1602207801702,7.85998109222801,-11.1955175371644,1026.66966931832,1022.79591849866,2008.36113966616,2012.23489048581,381400000
321,61,14.0783200344123,8.18156842648858,-11.1294608675622,7.85723222765554,-11.1980350301359,1025.71962814757,1011.64130811316,1997.20652928066,2011.28484931507,381400000
321,60,14.8753557406778,8.18156842648858,-11.1294608675622,8.1978275,-11.0803252,1026.51666385383,1011.64130811316,1997.20652928066,2012.08188502133,381400000
322,65,27.7251940664122,8.18711850878648,-11.1315787615503,8.18813373839985,-11.1310740400258,1027.93058705168,1000.20539298527,1985.77061415277,2013.49580821918,381400000
322,323,12.530285761787,8.18711850878648,-11.1315787615503,8.1858352696264,-11.1318393574502,1012.73567874705,1000.20539298527,1985.77061415277,1998.30089991455,381400000
323,64,14.5268867461252,8.1858352696264,-11.1318393574502,7.86519293065456,-11.7055462645325,1027.26256549318,1012.73567874705,1998.30089991455,2012.82778666068,381400000
323,324,9.25794831914097,8.1858352696264,-11.1318393574502,8.19411568552589,-11.140593078208,1021.9936270662,1012.73567874705,1998.30089991455,2007.55884823369,381400000
324,63,2.21093258822378,8.19411568552589,-11.140593078208,8.38727,-11.0879,1024.20455965442,1021.9936270662,2007.55884823369,2009.76978082192,381400000
324,62,4.55035919201162,8.19411568552589,-11.140593078208,8.18364246477303,-11.1379415035979,1026.54398625821,1021.9936270662,2007.55884823369,2012.10920742571,381400000
325,331,0.404847196350737,8.16403127858987,-11.1147969283567,8.16358502104453,-11.1153091672499,977.670218577513,977.265371381162,1962.83059254866,1963.23543974501,381400000
325,326,5.5964348357764,8.16403127858987,-11.1147969283567,8.17405968921839,-11.0965565500982,982.861806216939,977.265371381162,1962.83059254866,1968.42702738444,381400000
326,66,43.6876445221421,8.17405968921839,-11.0965565500982,8.18,-11.08,1026.54945073908,982.861806216939,1968.42702738444,2012.11467190658,381400000
326,327,1.22877932295204,8.17405968921839,-11.0965565500982,8.17475247612893,-11.0935698458819,984.090585539891,982.861806216939,1968.42702738444,1969.65580670739,381400000
327,330,30.1417367294049,8.17475247612893,-11.0935698458819,8.16920411681561,-11.1188611711408,1014.2323222693,984.090585539891,1969.65580670739,1999.79754343679,381400000
327,328,8.13238987091176,8.17475247612893,-11.0935698458819,8.18972524504446,-11.0458972683748,992.222975410803,984.090585539891,1969.65580670739,1977.7881965783,381400000
328,329,4.89653587980141,8.18972524504446,-11.0458972683748,8.18687464581568,-11.0476636254623,997.119511290604,992.222975410803,1977.7881965783,1982.6847324581,381400000
328,67,31.5377486271779,8.18972524504446,-11.0458972683748,8.21510762199788,-11.0639896294776,1023.76072403798,992.222975410803,1977.7881965783,2009.32594520548,381400000
329,69,26.6384730213491,8.18687464581568,-11.0476636254623,7.85913224313084,-11.1953226556757,1023.75798431195,997.119511290604,1982.6847324581,2009.32320547945,381400000
329,68,29.1891579528559,8.18687464581568,-11.0476636254623,8.21154,-11.05124,1026.30866924346,997.119511290604,1982.6847324581,2011.87389041096,381400000
330,71,12.1037442344382,8.16920411681561,-11.1188611711408,7.86746362836799,-11.7055249962084,1026.33606650373,1014.2323222693,1999.79754343679,2011.90128767123,381400000
330,70,12.0818264262189,8.16920411681561,-11.1188611711408,8.18231285801774,-11.1357280204281,1026.31414869551,1014.2323222693,1999.79754343679,2011.87936986301,381400000
331,336,34.8492418265202,8.16358502104453,-11.1153091672499,7.86846193057892,-11.2032472688586,1012.51946040403,977.670218577513,1963.23543974501,1998.08468157153,381400000
331,332,25.2129301718437,8.16358502104453,-11.1153091672499,8.17630114037081,-11.134706417079,1002.88314874936,977.670218577513,1963.23543974501,1988.44836991686,381400000
332,333,18.0349384393801,8.17630114037081,-11.134706417079,8.2103512931625,-11.0605872652485,1020.91808718874,1002.88314874936,1988.44836991686,2006.48330835624,381400000
332,72,23.4748355625962,8.17630114037081,-11.134706417079,8.18630872111592,-11.1372254649085,1026.35798431195,1002.88314874936,1988.44836991686,2011.92320547945,381400000
333,334,1.69194879111283,8.2103512931625,-11.0605872652485,8.22056360532924,-11.0622400330124,1022.61003597985,1020.91808718874,2006.48330835624,2008.17525714735,381400000
333,73,4.97414369855856,8.2103512931625,-11.0605872652485,8.21654631975472,-11.0615418347289,1025.8922308873,1020.91808718874,2006.48330835624,2011.45745205479,381400000
334,74,1.47945518141842,8.22056360532924,-11.0622400330124,8.21966060254575,-11.0611965695348,1024.08949116127,1022.61003597985,2008.17525714735,2009.65471232877,381400000
334,335,1.09900391742232,8.22056360532924,-11.0622400330124,8.22214514054181,-11.057667803231,1023.70903989727,1022.61003597985,2008.17525714735,2009.27426106477,381400000
335,76,0.829766332489301,8.22214514054181,-11.057667803231,7.874519,-11.342483,1024.53880622976,1023.70903989727,2009.27426106477,2010.10402739726,381400000
335,75,0.725656743448129,8.22214514054181,-11.057667803231,8.22241435967181,-11.0576008778275,1024.43469664072,1023.70903989727,2009.27426106477,2009.99991780822,381400000
336,78,15.0111266476458,7.86846193057892,-11.2032472688586,8.3188107,-11.3151104,1027.53058705168,1012.51946040403,1998.08468157153,2013.09580821918,381400000
336,77,13.6029074695636,7.86846193057892,-11.2032472688586,7.8631693432464,-11.1932620052616,1026.1223678736,1012.51946040403,1998.08468157153,2011.6875890411,381400000
337,338,16.8125780096757,7.87507144585009,-11.7088825630439,7.87228280619696,-11.7083827106772,926.905771805198,910.093193795522,1895.65841496302,1912.4709929727,381400000
337,79,116.592868965417,7.87507144585009,-11.7088825630439,7.87139007131237,-11.7077825844272,1026.68606276094,910.093193795522,1895.65841496302,2012.25128392844,381400000
338,80,99.6846625404405,7.87228280619696,-11.7083827106772,7.86977061454131,-11.7088585264236,1026.59043434564,926.905771805198,1912.4709929727,2012.15565551314,381400000
338,339,12.6106087767612,7.87228280619696,-11.7083827106772,7.86656329328963,-11.7107831795582,939.516380581959,926.905771805198,1912.4709929727,1925.08160174946,381400000
339,340,72.5603750053103,7.86656329328963,-11.7107831795582,7.8703793786593,-11.6925303836182,1012.07675558727,939.516380581959,1925.08160174946,1997.64197675477,381400000
339,341,68.2546934014306,7.86656329328963,-11.7107831795582,7.86729354294075,-11.715131531543,1007.77107398339,939.516380581959,1925.08160174946,1993.33629515089,381400000
340,81,15.8921876287934,7.8703793786593,-11.6925303836182,7.666711,-11.859363,1027.96894321606,1012.07675558727,1997.64197675477,2013.53416438356,381400000
340,82,13.5223246150949,7.8703793786593,-11.6925303836182,7.86734667706941,-11.7077256360758,1025.59908020236,1012.07675558727,1997.64197675477,2011.16430136986,381400000
341,83,19.2237319469481,7.86729354294075,-11.715131531543,7.87092962962908,-11.7044158886431,1026.99480593034,1007.77107398339,1993.33629515089,2012.56002709784,381400000
341,342,4.64723193088884,7.86729354294075,-11.715131531543,7.87152564316671,-11.7117258024075,1012.41830591428,1007.77107398339,1993.33629515089,1997.98352708178,381400000
342,87,14.4999972838188,7.87152564316671,-11.7117258024075,7.891162,-12.086255,1026.9183031981,1012.41830591428,1997.98352708178,2012.4835243656,381400000
342,343,1.05423604444859,7.87152564316671,-11.7117258024075,7.8702531695684,-11.711304889118,1013.47254195873,1012.41830591428,1997.98352708178,1999.03776312623,381400000
343,344,2.29793177361701,7.8702531695684,-11.711304889118,7.87054029478644,-11.7105944828535,1015.77047373234,1013.47254195873,1999.03776312623,2001.33569489984,381400000
343,86,13.0031382885505,7.8702531695684,-11.711304889118,7.86578192903884,-11.7137480809784,1026.47568024728,1013.47254195873,1999.03776312623,2012.04090141478,381400000
344,85,11.3008349302341,7.87054029478644,-11.7105944828535,7.8698018514884,-11.7080584948319,1027.07130866258,1015.77047373234,2001.33569489984,2012.63652983008,381400000
344,84,12.2477845522117,7.87054029478644,-11.7105944828535,7.9538763,-11.7132483,1028.01825828456,1015.77047373234,2001.33569489984,2013.58347945205,381400000
345,346,93.5376824188256,8.2177716301782,-11.0646485316896,9.87435019823122,-12.4580663517242,991.374780796228,897.837098377403,1883.4023195449,1976.94000196373,381400000
345,94,127.649653057838,8.2177716301782,-11.0646485316896,8.21414777561973,-11.0624511358112,1025.48675143524,897.837098377403,1883.4023195449,2011.05197260274,381400000
346,347,6.97979858217687,9.87435019823122,-12.4580663517242,9.87249549249957,-12.4272471296475,998.354579378405,991.374780796228,1976.94000196373,1983.9198005459,381400000
346,93,37.4078610499713,9.87435019823122,-12.4580663517242,9.86691647435993,-12.4340185198284,1028.7826418462,991.374780796228,1976.94000196373,2014.3478630137,381400000
347,348,12.6989102310474,9.87249549249957,-12.4272471296475,9.8711340200081,-12.4284416160319,1011.05348960945,998.354579378405,1983.9198005459,1996.61871077695,381400000
347,349,3.39855227248347,9.87249549249957,-12.4272471296475,9.8767313615543,-12.4277496617113,1001.75313165089,998.354579378405,1983.9198005459,1987.31835281839,381400000
348,88,17.7318919627744,9.8711340200081,-12.4284416160319,9.87317425745466,-12.4268514163369,1028.78538157223,1011.05348960945,1996.61871077695,2014.35060273973,381400000
348,89,17.7318919627744,9.8711340200081,-12.4284416160319,9.87151761227794,-12.4266791230247,1028.78538157223,1011.05348960945,1996.61871077695,2014.35060273973,381400000
349,90,27.0349896473659,9.8767313615543,-12.4277496617113,9.8739349429013,-12.4288494323836,1028.78812129825,1001.75313165089,1987.31835281839,2014.35334246575,381400000
349,350,25.9261645421159,9.8767313615543,-12.4277496617113,9.87104928308401,-12.4293625896133,1027.679296193,1001.75313165089,1987.31835281839,2013.2445173605,381400000
350,92,1.10608537922244,9.87104928308401,-12.4293625896133,9.86853383216205,-12.4325449912547,1028.78538157223,1027.679296193,2013.2445173605,2014.35060273973,381400000
350,91,1.10334565319508,9.87104928308401,-12.4293625896133,9.87099727058273,-12.4282607175669,1028.7826418462,1027.679296193,2013.2445173605,2014.3478630137,381400000
351,353,120.876942868466,6.98303755223444,-9.46233542414209,6.99453483003386,-9.47796414498555,1013.2385321364,892.361589267929,1877.92681043543,1998.80375330389,381400000
351,352,75.0647698032597,6.98303755223444,-9.46233542414209,6.99313221317234,-9.46853798148553,967.426359071189,892.361589267929,1877.92681043543,1952.99158023869,381400000
352,96,64.345323870901,6.99313221317234,-9.46853798148553,6.99330043557003,-9.47235332866745,1031.77168294209,967.426359071189,1952.99158023869,2017.33690410959,381400000
352,95,63.2897583345585,6.99313221317234,-9.46853798148553,7.24306,-8.87194,1030.71611740575,967.426359071189,1952.99158023869,2016.28133857325,381400000
353,100,12.3331508056945,6.99453483003386,-9.47796414498555,6.98986,-9.580031,1025.57168294209,1013.2385321364,1998.80375330389,2011.13690410959,381400000
353,354,4.13668650860764,6.99453483003386,-9.47796414498555,6.99560364183354,-9.47392892296255,1017.375218645,1013.2385321364,1998.80375330389,2002.9404398125,381400000
354,355,1.65739241672039,6.99560364183354,-9.47392892296255,6.99580175235094,-9.47410287452585,1019.03261106172,1017.375218645,2002.9404398125,2004.59783222922,381400000
354,97,14.1772862148951,6.99560364183354,-9.47392892296255,6.99145975919694,-9.47232719199173,1031.5525048599,1017.375218645,2002.9404398125,2017.1177260274,381400000
355,99,6.68427735981846,6.99580175235094,-9.47410287452585,6.99744413380113,-9.47603488543918,1025.71688842154,1019.03261106172,2004.59783222922,2011.28210958904,381400000
355,98,11.5550910434774,6.99580175235094,-9.47410287452585,6.99892183899031,-9.46771644448498,1030.5877021052,1019.03261106172,2004.59783222922,2016.1529232727,381400000
356,507,107.865244799409,6.03126311587128,7.80407381064764,6.03313010671893,7.79165647265435,838.765662394111,730.900417594702,1716.4656387622,1824.33088356161,381400000
356,357,107.718052993432,6.03126311587128,7.80407381064764,5.96396572858344,7.88960085827349,838.618470588133,730.900417594702,1716.4656387622,1824.18369175563,381400000
357,358,50.6976242983338,5.96396572858344,7.88960085827349,6.18900756640212,6.73360070447653,889.316094886467,838.618470588133,1824.18369175563,1874.88131605397,381400000
357,496,125.50553383137,5.96396572858344,7.88960085827349,5.9595187266871,7.87854561976421,964.124004419504,838.618470588133,1824.18369175563,1949.689225587,381400000
358,359,70.4458326933081,6.18900756640212,6.73360070447653,6.16030102525678,6.79985775167328,959.761927579775,889.316094886467,1874.88131605397,1945.32714874727,381400000
358,364,56.485393494087,6.18900756640212,6.73360070447653,6.19007950037342,6.7296026861253,945.801488380554,889.316094886467,1874.88131605397,1931.36670954805,381400000
359,360,2.36519747033857,6.16030102525678,6.79985775167328,8.88965646098803,11.3506355594594,962.127125050114,959.761927579775,1945.32714874727,1947.69234621761,381400000
359,106,28.7761021181618,6.16030102525678,6.79985775167328,6.166667,6.783333,988.538029697937,959.761927579775,1945.32714874727,1974.10325086544,381400000
360,363,42.9429773450364,8.88965646098803,11.3506355594594,8.89088336065405,11.3535205518328,1005.07010239515,962.127125050114,1947.69234621761,1990.63532356265,381400000
360,361,19.2059736911183,8.88965646098803,11.3506355594594,8.89115557056538,11.3501983115195,981.333098741232,962.127125050114,1947.69234621761,1966.89831990873,381400000
361,101,46.2769403652415,8.89115557056538,11.3501983115195,8.88872538594294,11.3543917175827,1027.61003910647,981.333098741232,1966.89831990873,2013.17526027397,381400000
361,362,13.1027317333113,8.89115557056538,11.3501983115195,8.8886081274641,11.354511291401,994.435830474543,981.333098741232,1966.89831990873,1980.00105164204,381400000
362,103,32.1026913027888,8.8886081274641,11.354511291401,8.89088031098822,11.3567319293518,1026.53852177733,994.435830474543,1980.00105164204,2012.10374294483,381400000
362,102,38.0920168511083,8.8886081274641,11.354511291401,8.89608884961453,11.3583498585335,1032.52784732565,994.435830474543,1980.00105164204,2018.09306849315,381400000
363,104,21.4738838630564,8.89088336065405,11.3535205518328,8.89682324940253,11.3606046137754,1026.54398625821,1005.07010239515,1990.63532356265,2012.10920742571,381400000
363,105,25.3755232073187,8.89088336065405,11.3535205518328,7.251211,9.976395,1030.44562560247,1005.07010239515,1990.63532356265,2016.01084676997,381400000
364,367,7.94759176878311,6.19007950037342,6.7296026861253,6.19028487451722,6.73154734042449,953.749080149337,945.801488380554,1931.36670954805,1939.31430131684,381400000
364,365,63.0825903986925,6.19007950037342,6.7296026861253,6.19590920783616,6.7285079861727,1008.88407877925,945.801488380554,1931.36670954805,1994.44929994675,381400000
365,366,16.7414756436901,6.19590920783616,6.7285079861727,6.20531547329713,6.73068758084983,1025.62555442294,1008.88407877925,1994.44929994675,2011.19077559044,381400000
365,109,24.5917137518845,6.19590920783616,6.7285079861727,7.272099,6.346321,1033.47579253113,1008.88407877925,1994.44929994675,2019.04101369863,381400000
366,108,6.94886824518063,6.20531547329713,6.73068758084983,6.20065876643408,6.72877717816011,1032.57442266812,1025.62555442294,2011.19077559044,2018.13964383562,381400000
366,107,6.93790934107097,6.20531547329713,6.73068758084983,6.19729023140339,6.72890796979721,1032.56346376401,1025.62555442294,2011.19077559044,2018.12868493151,381400000
367,368,50.8283112810329,6.19028487451722,6.73154734042449,6.19447025525026,6.72876674448946,1004.57739143037,953.749080149337,1939.31430131684,1990.14261259787,381400000
367,369,18.7166541266891,6.19028487451722,6.73154734042449,6.19125811806142,6.73244599925145,972.465734276026,953.749080149337,1939.31430131684,1958.03095544353,381400000
368,110,28.8627846624047,6.19447025525026,6.72876674448946,6.65507881498782,6.38060772574976,1033.44017609277,1004.57739143037,1990.14261259787,2019.00539726027,381400000
368,111,29.016209319939,6.19447025525026,6.72876674448946,6.19600398118291,6.73225881862522,1033.59360075031,1004.57739143037,1990.14261259787,2019.15882191781,381400000
369,370,7.92710470796959,6.19125811806142,6.73244599925145,6.75135810683838,6.16137289402778,980.392838983996,972.465734276026,1958.03095544353,1965.9580601515,381400000
369,492,2.6280777498794,6.19125811806142,6.73244599925145,6.19146437710206,6.73240691244841,975.093812025906,972.465734276026,1958.03095544353,1960.65903319341,381400000
370,393,2.29236976821709,6.75135810683838,6.16137289402778,6.7496935194437,6.22909160275944,982.685208752213,980.392838983996,1965.9580601515,1968.25042991971,381400000
370,371,0.447966947702653,6.75135810683838,6.16137289402778,6.74948881840931,6.16234248043772,980.840805931699,980.392838983996,1965.9580601515,1966.4060270992,381400000
371,381,14.1092200611921,6.74948881840931,6.16234248043772,6.7363389484262,6.23475375377328,994.950025992891,980.840805931699,1966.4060270992,1980.51524716039,381400000
371,372,2.14922284646482,6.74948881840931,6.16234248043772,6.74951548114674,6.16314938364091,982.990028778163,980.840805931699,1966.4060270992,1968.55524994566,381400000
372,375,19.9011408003227,6.74951548114674,6.16314938364091,6.74782029643013,6.14091858345263,1002.89116957849,982.990028778163,1968.55524994566,1988.45639074599,381400000
372,373,7.8987606184682,6.74951548114674,6.16314938364091,7.06182182279571,6.26672139818396,990.888789396632,982.990028778163,1968.55524994566,1976.45401056413,381400000
373,114,42.7185099838145,7.06182182279571,6.26672139818396,7.06334200472262,6.26572955106024,1033.60729938045,990.888789396632,1976.45401056413,2019.17252054795,381400000
373,374,8.34748737525236,7.06182182279571,6.26672139818396,7.06069012849858,6.26608868750034,999.236276771884,990.888789396632,1976.45401056413,1984.80149793938,381400000
374,112,33.308008909932,7.06069012849858,6.26608868750034,7.06837929412392,6.26592951250065,1032.54428568182,999.236276771884,1984.80149793938,2018.10950684932,381400000
374,113,33.2203376770552,7.06069012849858,6.26608868750034,7.0623117792244,6.26657420199458,1032.45661444894,999.236276771884,1984.80149793938,2018.02183561644,381400000
375,115,30.7106503499052,6.74782029643013,6.14091858345263,7.20179738725049,5.58419055681976,1033.60181992839,1002.89116957849,1988.45639074599,2019.16704109589,381400000
375,376,2.56120899027419,6.74782029643013,6.14091858345263,6.74984855351257,6.14057432496357,1005.45237856876,1002.89116957849,1988.45639074599,1991.01759973626,381400000
376,377,10.4759206505484,6.74984855351257,6.14057432496357,6.75734632521699,6.13770071973872,1015.92829921931,1005.45237856876,1991.01759973626,2001.49352038681,381400000
376,379,21.2253097718518,6.74984855351257,6.14057432496357,6.75688531617796,6.13147919784048,1026.67768834061,1005.45237856876,1991.01759973626,2012.24290950811,381400000
377,116,16.6790001611374,6.75734632521699,6.13770071973872,6.75467132333868,6.13730624936553,1032.60729938045,1015.92829921931,2001.49352038681,2018.17252054795,381400000
377,378,5.18901364350376,6.75734632521699,6.13770071973872,6.75631092989736,6.14136158077895,1021.11731286281,1015.92829921931,2001.49352038681,2006.68253403031,381400000
378,118,12.3831372025651,6.75631092989736,6.14136158077895,6.74968059658363,6.13210422265742,1033.50045006538,1021.11731286281,2006.68253403031,2019.06567123288,381400000
378,117,7.38313720256508,6.75631092989736,6.14136158077895,6.75229484148239,6.21998296020853,1028.50045006538,1021.11731286281,2006.68253403031,2014.06567123288,381400000
379,380,4.75142263172366,6.75688531617796,6.13147919784048,6.75383578712483,6.13045564620266,1031.42911097234,1026.67768834061,2012.24290950811,2016.99433213984,381400000
379,119,5.88029597134084,6.75688531617796,6.13147919784048,7.113571,6.327094,1032.55798431195,1026.67768834061,2012.24290950811,2018.12320547945,381400000
380,121,1.07407881906912,6.75383578712483,6.13045564620266,6.7533168927775,6.12931849930105,1032.50318979141,1031.42911097234,2016.99433213984,2018.0684109589,381400000
380,120,1.10147607934315,6.75383578712483,6.13045564620266,6.75393416530124,6.13097176905984,1032.53058705168,1031.42911097234,2016.99433213984,2018.09580821918,381400000
381,382,1.317097039545,6.7363389484262,6.23475375377328,6.75256666724528,6.2230202931845,996.267123032436,994.950025992891,1980.51524716039,1981.83234419994,381400000
381,134,38.5723418807062,6.7363389484262,6.23475375377328,6.73466100940397,6.22634135490977,1033.5223678736,994.950025992891,1980.51524716039,2019.0875890411,381400000
382,384,7.08642654425553,6.75256666724528,6.2230202931845,6.71575561808625,6.33283756787434,1003.35354957669,996.267123032436,1981.83234419994,1988.91877074419,381400000
382,383,20.5798390279021,6.75256666724528,6.2230202931845,6.75276898775894,6.21927167866156,1016.84696206034,996.267123032436,1981.83234419994,2002.41218322784,381400000
383,123,13.7106854000543,6.75276898775894,6.21927167866156,6.751025446131,6.21831871989634,1030.55764746039,1016.84696206034,2002.41218322784,2016.12286862789,381400000
383,122,16.606912662574,6.75276898775894,6.21927167866156,6.70946560600327,6.3332608629304,1033.45387472291,1016.84696206034,2002.41218322784,2019.01909589041,381400000
384,390,12.8204528898465,6.71575561808625,6.33283756787434,6.71650318579942,6.33976034148024,1016.17400246654,1003.35354957669,1988.91877074419,2001.73922363404,381400000
384,385,6.48025708545773,6.71575561808625,6.33283756787434,6.71547343581765,6.33339862865395,1009.83380666215,1003.35354957669,1988.91877074419,1995.39902782965,381400000
385,386,9.84595417826782,6.71547343581765,6.33339862865395,6.71677134383145,6.33042159390957,1019.67976084042,1009.83380666215,1995.39902782965,2005.24498200792,381400000
385,389,15.0808482649287,6.71547343581765,6.33339862865395,6.71393800585633,6.32640260410547,1024.91465492708,1009.83380666215,1995.39902782965,2010.47987609458,381400000
386,388,3.41287347512093,6.71677134383145,6.33042159390957,6.71237930408109,6.3274831012914,1023.09263431554,1019.67976084042,2005.24498200792,2008.65785548304,381400000
386,387,12.1808395797294,6.71677134383145,6.33042159390957,6.71058173312399,6.33196290159465,1031.86060042015,1019.67976084042,2005.24498200792,2017.42582158765,381400000
387,124,0.678205809615041,6.71058173312399,6.33196290159465,6.70824658989737,6.3307006021358,1032.53880622976,1031.86060042015,2017.42582158765,2018.10402739726,381400000
387,125,0.711082521943784,6.71058173312399,6.33196290159465,6.7140879103136,6.32657902249463,1032.57168294209,1031.86060042015,2017.42582158765,2018.13690410959,381400000
388,126,10.5201445169631,6.71237930408109,6.3274831012914,6.71244039161996,6.32952846572544,1033.6127788325,1023.09263431554,2008.65785548304,2019.178,381400000
388,127,10.3858979416208,6.71237930408109,6.3274831012914,6.71523551630728,6.32582323818771,1033.47853225716,1023.09263431554,2008.65785548304,2019.04375342466,381400000
389,129,7.65154856295737,6.71393800585633,6.32640260410547,6.71433227269789,6.32565155854892,1032.56620349004,1024.91465492708,2010.47987609458,2018.13142465753,381400000
389,128,7.61867185062863,6.71393800585633,6.32640260410547,6.71334707301718,6.32858269032628,1032.53332677771,1024.91465492708,2010.47987609458,2018.09854794521,381400000
390,130,17.4141188317166,6.71650318579942,6.33976034148024,7.07021123817855,6.27109523189423,1033.58812129825,1016.17400246654,2001.73922363404,2019.15334246575,381400000
390,391,14.4016867293889,6.71650318579942,6.33976034148024,6.70910120390252,6.33218699556526,1030.57568919593,1016.17400246654,2001.73922363404,2016.14091036343,381400000
391,133,2.04256908862916,6.70910120390252,6.33218699556526,6.70804390342761,6.33317537879883,1032.61825828456,1030.57568919593,2016.14091036343,2018.18347945206,381400000
391,392,0.497299991354127,6.70910120390252,6.33218699556526,6.70955859884501,6.33230820966601,1031.07298918728,1030.57568919593,2016.14091036343,2016.63821035478,381400000
392,132,2.45211841234352,6.70955859884501,6.33230820966601,6.71656950759657,6.33277898832234,1033.52510759962,1031.07298918728,2016.63821035478,2019.09032876712,381400000
392,131,1.54252937124768,6.70955859884501,6.33230820966601,6.71094780252779,6.32976866092619,1032.61551855853,1031.07298918728,2016.63821035478,2018.18073972603,381400000
393,234,49.7933235049454,6.7496935194437,6.22909160275944,7.80207,6.74365,1032.47853225716,982.685208752213,1968.25042991971,2018.04375342466,381400000
393,394,0.000943220557360291,6.7496935194437,6.22909160275944,6.74963491919328,6.22909408806027,982.686151972771,982.685208752213,1968.25042991971,1968.25137314027,381400000
394,450,2.08812803402071,6.74963491919328,6.22909408806027,6.75040418691588,6.22938015066918,984.774280006791,982.686151972771,1968.25137314027,1970.33950117429,381400000
394,395,3.84025550780031,6.74963491919328,6.22909408806027,6.74917232324531,6.22495448593276,986.526407480571,982.686151972771,1968.25137314027,1972.09162864807,381400000
395,396,2.62484298002679,6.74917232324531,6.22495448593276,6.74876891109874,6.22518043003292,989.151250460598,986.526407480571,1972.09162864807,1974.7164716281,381400000
395,424,5.74755905828768,6.74917232324531,6.22495448593276,6.7450146596996,6.22873355834265,992.273966538859,986.526407480571,1972.09162864807,1977.83918770636,381400000
396,422,1.76785968359062,6.74876891109874,6.22518043003292,6.74711717381871,6.22342351866417,990.919110144188,989.151250460598,1974.7164716281,1976.48433131169,381400000
396,397,1.71216735351541,6.74876891109874,6.22518043003292,6.92797185989279,5.77737447706017,990.863417814113,989.151250460598,1974.7164716281,1976.42863898161,381400000
397,398,21.8385492523708,6.92797185989279,5.77737447706017,6.92764100415605,5.7770324902295,1012.70196706648,990.863417814113,1976.42863898161,1998.26718823398,381400000
397,401,0.73886355942404,6.92797185989279,5.77737447706017,6.92936477295381,5.78016645461361,991.602281373537,990.863417814113,1976.42863898161,1977.16750254104,381400000
398,400,1.01986742254177,6.92764100415605,5.7770324902295,7.19528296052037,5.59045335224805,1013.72183448903,1012.70196706648,1998.26718823398,1999.28705565652,381400000
398,399,15.5764734166913,6.92764100415605,5.7770324902295,6.92870057979114,5.77462704140957,1028.27844048318,1012.70196706648,1998.26718823398,2013.84366165067,381400000
399,135,5.20009177398355,6.92870057979114,5.77462704140957,6.92724656319168,5.77374653779867,1033.47853225716,1028.27844048318,2013.84366165067,2019.04375342466,381400000
399,136,2.35570970945763,6.92870057979114,5.77462704140957,7.08545957172603,4.79601666143291,1030.63415019263,1028.27844048318,2013.84366165067,2016.19937136013,381400000
400,138,19.7101224256673,7.19528296052037,5.59045335224805,7.19731072976323,5.58787918731846,1033.43195691469,1013.72183448903,1999.28705565652,2018.99717808219,381400000
400,137,18.7402594119687,7.19528296052037,5.59045335224805,7.182869,5.581471,1032.46209390099,1013.72183448903,1999.28705565652,2018.02731506849,381400000
401,406,0.254540107330691,6.92936477295381,5.78016645461361,7.0772389704232,6.27296246288803,991.856821480868,991.602281373537,1977.16750254104,1977.42204264837,381400000
401,402,26.9758891467264,6.92936477295381,5.78016645461361,6.92778974613321,5.77688708812242,1018.57817052026,991.602281373537,1977.16750254104,2004.14339168776,381400000
402,143,13.9524165314156,6.92778974613321,5.77688708812242,6.92467812225638,5.77591638821476,1032.53058705168,1018.57817052026,2004.14339168776,2018.09580821918,381400000
402,403,2.86608288019397,6.92778974613321,5.77688708812242,6.92666202414965,5.75981141080825,1021.44425340046,1018.57817052026,2004.14339168776,2007.00947456796,381400000
403,404,0.542135052653103,6.92666202414965,5.75981141080825,6.78046252084056,5.59103194655407,1021.98638845311,1021.44425340046,2007.00947456796,2007.55160962061,381400000
403,142,11.1520870758791,6.92666202414965,5.75981141080825,6.33618744734847,5.62277581666933,1032.59634047634,1021.44425340046,2007.00947456796,2018.16156164384,381400000
404,141,7.02913010541786,6.78046252084056,5.59103194655407,6.78255079575478,5.59336020637418,1029.01551855853,1021.98638845311,2007.55160962061,2014.58073972603,381400000
404,405,0.795420940559653,6.78046252084056,5.59103194655407,6.78192276753245,5.59093098512779,1022.78180939367,1021.98638845311,2007.55160962061,2008.34703056117,381400000
405,139,6.02548998677609,6.78192276753245,5.59093098512779,6.78378758316774,5.59117229829529,1028.80729938045,1022.78180939367,2008.34703056117,2014.37252054795,381400000
405,140,10.6556269730774,6.78192276753245,5.59093098512779,6.77948864575629,5.59361206480629,1033.43743636675,1022.78180939367,2008.34703056117,2019.00265753425,381400000
406,407,27.0641025586311,7.0772389704232,6.27296246288803,7.07420165724224,6.2744903791872,1018.9209240395,991.856821480868,1977.42204264837,2004.486145207,381400000
406,409,1.60658430116586,7.0772389704232,6.27296246288803,7.07659670309074,6.27225333633324,993.463405782034,991.856821480868,1977.42204264837,1979.02862694953,381400000
407,144,14.5658273957418,7.07420165724224,6.2744903791872,7.08703466799818,6.27911043494636,1033.48675143524,1018.9209240395,2004.486145207,2019.05197260274,381400000
407,408,5.90125903225779,7.07420165724224,6.2744903791872,7.06717263542047,6.26618009620203,1024.82218307176,1018.9209240395,2004.486145207,2010.38740423926,381400000
408,146,7.65360945937461,7.06717263542047,6.26618009620203,7.20173502351048,5.59044805787802,1032.47579253113,1024.82218307176,2010.38740423926,2018.04101369863,381400000
408,145,8.71662315800474,7.06717263542047,6.26618009620203,7.06507612260383,6.26523777485824,1033.53880622976,1024.82218307176,2010.38740423926,2019.10402739726,381400000
409,416,2.51613568639272,7.07659670309074,6.27225333633324,7.0806060309088,6.29042838703971,995.979541468426,993.463405782034,1979.02862694953,1981.54476263593,381400000
409,410,0.127921458809311,7.07659670309074,6.27225333633324,7.08015599765279,6.27274693452065,993.591327240843,993.463405782034,1979.02862694953,1979.15654840834,381400000
410,411,2.37783694663822,7.08015599765279,6.27274693452065,7.08057850356497,6.27158257083673,995.969164187481,993.591327240843,1979.15654840834,1981.53438535498,381400000
410,153,36.8515661211887,7.08015599765279,6.27274693452065,6.75468752084555,6.22017992371867,1030.44289336203,993.591327240843,1979.15654840834,2016.00811452953,381400000
411,413,12.2948502396222,7.08057850356497,6.27158257083673,7.07875570162117,6.27349106812789,1008.2640144271,995.969164187481,1981.53438535498,1993.8292355946,381400000
411,412,7.89634223137634,7.08057850356497,6.27158257083673,7.06715808977799,6.27012261652697,1003.86550641886,995.969164187481,1981.53438535498,1989.43072758636,381400000
412,148,28.7198751533696,7.06715808977799,6.27012261652697,7.06271063579991,6.26439392514661,1032.58538157223,1003.86550641886,1989.43072758636,2018.15060273973,381400000
412,147,28.7061765232326,7.06715808977799,6.27012261652697,7.218593,6.334514,1032.57168294209,1003.86550641886,1989.43072758636,2018.13690410959,381400000
413,149,25.2336959122469,7.07875570162117,6.27349106812789,7.08715158092637,6.28526327155292,1033.49771033935,1008.2640144271,1993.8292355946,2019.06293150685,381400000
413,414,1.40816172513512,7.07875570162117,6.27349106812789,7.08324036618718,6.28168629647919,1009.67217615224,1008.2640144271,1993.8292355946,1995.23739731974,381400000
414,150,23.8036163788927,7.08324036618718,6.28168629647919,7.08463701592936,6.28567407291832,1033.47579253113,1009.67217615224,1995.23739731974,2019.04101369863,381400000
414,415,11.3040796903083,7.08324036618718,6.28168629647919,7.08630046910353,6.27993063668479,1020.97625584255,1009.67217615224,1995.23739731974,2006.54147701005,381400000
415,151,12.4967969625568,7.08630046910353,6.27993063668479,7.08764331447751,6.28241165200751,1033.4730528051,1020.97625584255,2006.54147701005,2019.0382739726,381400000
415,152,12.4666599762556,7.08630046910353,6.27993063668479,7.08164612219633,6.28614802603344,1033.4429158188,1020.97625584255,2006.54147701005,2019.0081369863,381400000
416,419,1.06273385142766,7.0806060309088,6.29042838703971,7.08114212674847,6.28515934069413,997.042275319854,995.979541468426,1981.54476263593,1982.60749648735,381400000
416,417,4.80300843568524,7.0806060309088,6.29042838703971,7.07087771768964,6.29426559983071,1000.78254990411,995.979541468426,1981.54476263593,1986.34777107161,381400000
417,418,13.2671715210849,7.07087771768964,6.29426559983071,7.05887690182255,6.27134932629712,1014.0497214252,1000.78254990411,1986.34777107161,1999.6149425927,381400000
417,154,31.2648515392611,7.07087771768964,6.29426559983071,7.088383,6.290372,1032.04740144337,1000.78254990411,1986.34777107161,2017.61262261087,381400000
418,156,19.4397697360718,7.05887690182255,6.27134932629712,7.06271227408243,6.26876793434739,1033.48949116127,1014.0497214252,1999.6149425927,2019.05471232877,381400000
418,155,19.48360535251,7.05887690182255,6.27134932629712,7.06386404147309,6.26306227773901,1033.53332677771,1014.0497214252,1999.6149425927,2019.09854794521,381400000
419,421,32.5550719507957,7.08114212674847,6.28515934069413,7.08090275837296,6.28575360422256,1029.59734727065,997.042275319854,1982.60749648735,2015.16256843815,381400000
419,420,15.6029988120169,7.08114212674847,6.28515934069413,7.08564786856985,6.28612938828594,1012.64527413187,997.042275319854,1982.60749648735,1998.21049529937,381400000
420,157,20.9483266184383,7.08564786856985,6.28612938828594,7.08428158842933,6.28288690094011,1033.59360075031,1012.64527413187,1998.21049529937,2019.15882191781,381400000
420,158,20.835997851315,7.08564786856985,6.28612938828594,7.06467573391672,6.26900047558229,1033.48127198319,1012.64527413187,1998.21049529937,2019.04649315069,381400000
421,160,3.99077402760482,7.08090275837296,6.28575360422256,7.07904239837763,6.28037200737254,1033.58812129825,1029.59734727065,2015.16256843815,2019.15334246575,381400000
421,159,2.90310279472802,7.08090275837296,6.28575360422256,7.0798142117915,6.2873778345267,1032.50045006538,1029.59734727065,2015.16256843815,2018.06567123288,381400000
422,161,42.5676412910524,6.74711717381871,6.22342351866417,6.754196,6.054167,1033.48675143524,990.919110144188,1976.48433131169,2019.05197260274,381400000
422,423,24.657174579981,6.74711717381871,6.22342351866417,6.75022061846583,6.22171963560368,1015.57628472417,990.919110144188,1976.48433131169,2001.14150589167,381400000
423,163,17.885809176825,6.75022061846583,6.22171963560368,6.74804632518215,6.12973517952285,1033.46209390099,1015.57628472417,2001.14150589167,2019.02731506849,381400000
423,162,17.9871790398386,6.75022061846583,6.22171963560368,6.74285775284606,6.22125116268021,1033.56346376401,1015.57628472417,2001.14150589167,2019.12868493151,381400000
424,425,1.42698472962408,6.7450146596996,6.22873355834265,6.74837308075009,6.22016872475362,993.700951268483,992.273966538859,1977.83918770636,1979.26617243598,381400000
424,437,2.61321045695953,6.7450146596996,6.22873355834265,6.74795566042059,6.23720245257083,994.887176995818,992.273966538859,1977.83918770636,1980.45239816332,381400000
425,426,0.388816317283606,6.74837308075009,6.22016872475362,6.74807912268435,6.2209964930705,994.089767585766,993.700951268483,1979.26617243598,1979.65498875327,381400000
425,435,0.686533582943042,6.74837308075009,6.22016872475362,6.74830959235899,6.21986238792558,994.387484851426,993.700951268483,1979.26617243598,1979.95270601892,381400000
426,433,3.69241077886441,6.74807912268435,6.2209964930705,6.93218123701795,5.97813145396759,997.782178364631,994.089767585766,1979.65498875327,1983.34739953213,381400000
426,427,2.79783502883761,6.74807912268435,6.2209964930705,6.73899110610483,6.22019363052282,996.887602614604,994.089767585766,1979.65498875327,1982.4528237821,381400000
427,428,0.267296821060555,6.73899110610483,6.22019363052282,6.74040176721077,6.22075231853872,997.154899435664,996.887602614604,1982.4528237821,1982.72012060316,381400000
427,432,18.1053344469668,6.73899110610483,6.22019363052282,7.06483670362955,6.26082327412823,1014.99293706157,996.887602614604,1982.4528237821,2000.55815822907,381400000
428,429,1.44831645826644,6.74040176721077,6.22075231853872,6.74426016024803,6.22438892627138,998.603215893931,997.154899435664,1982.72012060316,1984.16843706143,381400000
428,168,35.3263725475216,6.74040176721077,6.22075231853872,6.997077,5.904454,1032.48127198319,997.154899435664,1982.72012060316,2018.04649315069,381400000
429,430,1.94922703258725,6.74426016024803,6.22438892627138,6.6626157416482,6.04928164732304,1000.55244292652,998.603215893931,1984.16843706143,1986.11766409402,381400000
429,164,23.9653518731493,6.74426016024803,6.22438892627138,6.74321956251889,6.22545004495174,1022.56856776708,998.603215893931,1984.16843706143,2008.13378893458,381400000
430,431,27.2892415254968,6.6626157416482,6.04928164732304,6.74790379498789,6.13004431866659,1027.84168445201,1000.55244292652,1986.11766409402,2013.40690561951,381400000
430,165,32.0329386457091,6.6626157416482,6.04928164732304,6.615948,5.986347,1032.58538157223,1000.55244292652,1986.11766409402,2018.15060273973,381400000
431,166,4.73273821610265,6.74790379498789,6.13004431866659,6.74743865128725,6.13054215049201,1032.57442266812,1027.84168445201,2013.40690561951,2018.13964383562,381400000
431,167,5.60945054486975,6.74790379498789,6.13004431866659,6.74980639282831,6.13242777870838,1033.45113499688,1027.84168445201,2013.40690561951,2019.01635616438,381400000
432,169,18.5349102640811,7.06483670362955,6.26082327412823,7.06239858536181,6.2671301146712,1033.52784732565,1014.99293706157,2000.55815822907,2019.09306849315,381400000
432,170,18.5239513599714,7.06483670362955,6.26082327412823,6.678119,3.51526,1033.51688842154,1014.99293706157,2000.55815822907,2019.08210958904,381400000
433,434,3.75574881007788,6.93218123701795,5.97813145396759,6.93821219789226,5.98854536941537,1001.53792717471,997.782178364631,1983.34739953213,1987.10314834221,381400000
433,173,34.7675867692402,6.93218123701795,5.97813145396759,6.33050736698032,5.62720499639124,1032.54976513387,997.782178364631,1983.34739953213,2018.11498630137,381400000
434,172,31.0447146714911,6.93821219789226,5.98854536941537,6.93732686596056,5.98888996265268,1032.5826418462,1001.53792717471,1987.10314834221,2018.1478630137,381400000
434,171,31.9625228906692,6.93821219789226,5.98854536941537,6.94209543256071,5.98571356461745,1033.50045006538,1001.53792717471,1987.10314834221,2019.06567123288,381400000
435,176,38.085567953678,6.74830959235899,6.21986238792558,7.20162868634326,5.59103370197219,1032.4730528051,994.387484851426,1979.95270601892,2018.0382739726,381400000
435,436,3.71596733855061,6.74830959235899,6.21986238792558,6.75109877199655,6.22244271328943,998.103452189976,994.387484851426,1979.95270601892,1983.66867335748,381400000
436,175,33.5832992452645,6.75109877199655,6.22244271328943,6.75116546447333,6.21959899334208,1031.68675143524,998.103452189976,1983.66867335748,2017.25197260274,381400000
436,174,34.4846691082783,6.75109877199655,6.22244271328943,6.713854,6.154398,1032.58812129825,998.103452189976,1983.66867335748,2018.15334246575,381400000
437,438,16.8740248659939,6.74795566042059,6.23720245257083,6.74568870968304,6.23157225530666,1011.76120186181,994.887176995818,1980.45239816332,1997.32642302931,381400000
437,190,37.6105333435323,6.74795566042059,6.23720245257083,6.71568770023263,6.331453502306,1032.49771033935,994.887176995818,1980.45239816332,2018.06293150685,381400000
438,189,10.831451844673,6.74568870968304,6.23157225530666,6.73640856818718,6.22380575292785,1022.59265370648,1011.76120186181,1997.32642302931,2008.15787487398,381400000
438,439,0.249435137274386,6.74568870968304,6.23157225530666,7.19336066528683,5.58224151711183,1012.01063699909,1011.76120186181,1997.32642302931,1997.57585816659,381400000
439,440,0.0360480420523004,7.19336066528683,5.58224151711183,7.19195869980719,5.58201440869476,1012.04668504114,1012.01063699909,1997.57585816659,1997.61190620864,381400000
439,446,5.30664209637251,7.19336066528683,5.58224151711183,7.20044194887823,5.58361691255199,1017.31727909546,1012.01063699909,1997.57585816659,2002.88250026296,381400000
440,441,2.95223215226034,7.19195869980719,5.58201440869476,7.19081537221386,5.5815087798856,1014.9989171934,1012.04668504114,1997.61190620864,2000.5641383609,381400000
440,442,0.838688824624704,7.19195869980719,5.58201440869476,7.19110526863251,5.57687667638562,1012.88537386576,1012.04668504114,1997.61190620864,1998.45059503326,381400000
441,178,18.5946835569103,7.19081537221386,5.5815087798856,6.85256751531468,5.59817483448513,1033.59360075031,1014.9989171934,2000.5641383609,2019.15882191781,381400000
441,177,18.482354789787,7.19081537221386,5.5815087798856,7.19558700783069,5.58817137374298,1033.48127198319,1014.9989171934,2000.5641383609,2019.04649315069,381400000
442,444,0.774459334753477,7.19110526863251,5.57687667638562,7.16262862257583,5.61398479705992,1013.65983320052,1012.88537386576,1998.45059503326,1999.22505436802,381400000
442,443,3.56544725751701,7.19110526863251,5.57687667638562,6.92904236458732,5.75481722343203,1016.45082112328,1012.88537386576,1998.45059503326,2002.01604229078,381400000
443,179,11.0249714078509,6.92904236458732,5.75481722343203,6.87224,5.75412,1027.47579253113,1016.45082112328,2002.01604229078,2013.04101369863,381400000
443,180,11.0633275722344,6.92904236458732,5.75481722343203,6.93120173002071,5.77686443810564,1027.51414869551,1016.45082112328,2002.01604229078,2013.07936986301,381400000
444,183,19.9419867278747,7.16262862257583,5.61398479705992,7.19635477474167,5.58644267735171,1033.60181992839,1013.65983320052,1999.22505436802,2019.16704109589,381400000
444,445,18.4592562778167,7.16262862257583,5.61398479705992,6.85133018407449,5.77778856423424,1032.11908947833,1013.65983320052,1999.22505436802,2017.68431064583,381400000
445,182,0.430675655537335,6.85133018407449,5.77778856423424,6.85193043971175,5.77845409230485,1032.54976513387,1032.11908947833,2017.68431064583,2018.11498630137,381400000
445,181,1.33478524457846,6.85133018407449,5.77778856423424,6.85094175864151,5.77729449104756,1033.45387472291,1032.11908947833,2017.68431064583,2019.01909589041,381400000
446,447,6.91690154591582,7.20044194887823,5.58361691255199,7.20365011668225,5.58422722077205,1024.23418064137,1017.31727909546,2002.88250026296,2009.79940180887,381400000
446,184,13.2157782009991,7.20044194887823,5.58361691255199,6.92879666017206,5.77401085388108,1030.53305729646,1017.31727909546,2002.88250026296,2016.09827846396,381400000
447,448,2.56424533088638,7.20365011668225,5.58422722077205,7.20070697716342,5.58146147320673,1026.79842597226,1024.23418064137,2009.79940180887,2012.36364713976,381400000
447,185,9.23887216372904,7.20365011668225,5.58422722077205,7.20201659531702,5.58495069377593,1033.4730528051,1024.23418064137,2009.79940180887,2019.0382739726,381400000
448,188,5.68010628489761,7.20070697716342,5.58146147320673,7.20185971907732,5.58658708671465,1032.47853225716,1026.79842597226,2012.36364713976,2018.04375342466,381400000
448,449,5.11035039472826,7.20070697716342,5.58146147320673,7.19709191721975,5.58295854747016,1031.90877636699,1026.79842597226,2012.36364713976,2017.47399753449,381400000
449,186,0.643728492909139,7.19709191721975,5.58295854747016,7.19433682713304,5.58929930177461,1032.5525048599,1031.90877636699,2017.47399753449,2018.1177260274,381400000
449,187,1.61359150660775,7.19709191721975,5.58295854747016,7.19330615500896,5.58284989884439,1033.5223678736,1031.90877636699,2017.47399753449,2019.0875890411,381400000
450,451,4.75965388685466,6.75040418691588,6.22938015066918,6.7526483898048,6.23413892065869,989.533933893646,984.774280006791,1970.33950117429,1975.09915506115,381400000
450,452,3.22650027023772,6.75040418691588,6.22938015066918,7.06751017162438,6.26690384874632,988.000780277029,984.774280006791,1970.33950117429,1973.56600144453,381400000
451,192,43.0213106922799,6.7526483898048,6.23413892065869,6.947775,5.91429,1032.55524458593,989.533933893646,1975.09915506115,2018.12046575342,381400000
451,191,33.0419907451505,6.7526483898048,6.23413892065869,6.71067674043812,6.32495226557367,1022.5759246388,989.533933893646,1975.09915506115,2008.1411458063,381400000
452,453,12.2246355092551,7.06751017162438,6.26690384874632,7.44952629097607,5.80094891628333,1000.22541578628,988.000780277029,1973.56600144453,1985.79063695378,381400000
452,193,45.5572040349242,7.06751017162438,6.26690384874632,7.06314473772938,6.26421719562928,1033.55798431195,988.000780277029,1973.56600144453,2019.12320547945,381400000
453,454,1.83591642499806,7.44952629097607,5.80094891628333,6.93080263166985,5.7773828452506,1002.06133221128,1000.22541578628,1985.79063695378,1987.62655337878,381400000
453,194,33.2311986626553,7.44952629097607,5.80094891628333,7.457113,5.799837,1033.45661444894,1000.22541578628,1985.79063695378,2019.02183561644,381400000
454,455,5.33856729849218,6.93080263166985,5.7773828452506,6.9300803183585,5.77420813726144,1007.39989950977,1002.06133221128,1987.62655337878,1992.96512067727,381400000
454,456,2.62049241148241,6.93080263166985,5.7773828452506,6.92736246310489,5.77527281354693,1004.68182462276,1002.06133221128,1987.62655337878,1990.24704579026,381400000
455,196,25.1937012405349,6.9300803183585,5.77420813726144,6.85219831943157,5.60143705865019,1032.59360075031,1007.39989950977,1992.96512067727,2018.15882191781,381400000
455,195,22.8813724734116,6.9300803183585,5.77420813726144,6.93029005379749,5.77362980348359,1030.28127198319,1007.39989950977,1992.96512067727,2015.84649315069,381400000
456,459,8.45669485746323,6.92736246310489,5.77527281354693,7.19865848932213,5.589033269529,1013.13851948023,1004.68182462276,1990.24704579026,1998.70374064773,381400000
456,457,6.44734514551443,6.92736246310489,5.77527281354693,6.92364218318649,5.77576159478839,1011.12916976828,1004.68182462276,1990.24704579026,1996.69439093578,381400000
457,458,20.5514281183209,6.92364218318649,5.77576159478839,6.92417375747202,5.7717698954012,1031.6805978866,1011.12916976828,1996.69439093578,2017.2458190541,381400000
457,197,17.9110063244961,6.92364218318649,5.77576159478839,6.92770990373113,5.77876930795338,1029.04017609278,1011.12916976828,1996.69439093578,2014.60539726027,381400000
458,199,0.866427521243666,6.92417375747202,5.7717698954012,6.92485726566036,5.7730367363357,1032.54702540784,1031.6805978866,2017.2458190541,2018.11224657534,381400000
458,198,1.81163300069584,6.92417375747202,5.7717698954012,6.92237998208703,5.76964755366078,1033.4922308873,1031.6805978866,2017.2458190541,2019.05745205479,381400000
459,475,2.11146607271469,7.19865848932213,5.589033269529,7.19958780134562,5.58641726349502,1015.24998555294,1013.13851948023,1998.70374064773,2000.81520672044,381400000
459,460,10.1011133123092,7.19865848932213,5.589033269529,7.19487846398825,5.58905461113153,1023.23963279254,1013.13851948023,1998.70374064773,2008.80485396004,381400000
460,461,0.194265681182893,7.19487846398825,5.58905461113153,7.1961566804141,5.59113415960826,1023.43389847372,1023.23963279254,2008.80485396004,2008.99911964122,381400000
460,462,0.8771870585391,7.19487846398825,5.58905461113153,7.19646418711381,5.58865574317529,1024.11681985108,1023.23963279254,2008.80485396004,2009.68204101858,381400000
461,200,9.09668857795921,7.1961566804141,5.59113415960826,7.19346269224119,5.59131736351604,1032.53058705168,1023.43389847372,2008.99911964122,2018.09580821918,381400000
461,201,9.10764748206886,7.1961566804141,5.59113415960826,7.19460507621637,5.58776652025799,1032.54154595579,1023.43389847372,2008.99911964122,2018.10676712329,381400000
462,463,1.1580280591532,7.19646418711381,5.58865574317529,7.19768266513584,5.58880596328499,1025.27484791023,1024.11681985108,2009.68204101858,2010.84006907773,381400000
462,472,0.108991163856029,7.19646418711381,5.58865574317529,7.19672941662639,5.58872811581744,1024.22581101493,1024.11681985108,2009.68204101858,2009.79103218243,381400000
463,464,0.117816519591271,7.19768266513584,5.58880596328499,7.197742639689,5.58881387493598,1025.39266442982,1025.27484791023,2010.84006907773,2010.95788559732,381400000
463,202,7.28313640172382,7.19768266513584,5.58880596328499,7.62692,5.21561,1032.55798431195,1025.27484791023,2010.84006907773,2018.12320547945,381400000
464,465,0.403203242844811,7.197742639689,5.58881387493598,7.19494586680083,5.58696571526218,1025.79586767267,1025.39266442982,2010.95788559732,2011.36108884016,381400000
464,469,0.254249316170953,7.197742639689,5.58881387493598,7.19796267529615,5.58971788306274,1025.64691374599,1025.39266442982,2010.95788559732,2011.21213491349,381400000
465,466,2.42811838896595,7.19494586680083,5.58696571526218,7.19647107024602,5.5860281460398,1028.22398606163,1025.79586767267,2011.36108884016,2013.78920722913,381400000
465,468,3.82352837013765,7.19494586680083,5.58696571526218,7.19710678786785,5.58490017824368,1029.6193960428,1025.79586767267,2011.36108884016,2015.1846172103,381400000
466,205,1.91755989415733,7.19647107024602,5.5860281460398,7.19704647723057,5.58734482438409,1030.14154595579,1028.22398606163,2013.78920722913,2015.70676712329,381400000
466,467,0.635203053411287,7.19647107024602,5.5860281460398,7.19479628431614,5.58423451569684,1028.85918911504,1028.22398606163,2013.78920722913,2014.42441028254,381400000
467,204,3.619343142116,7.19479628431614,5.58423451569684,7.19759888116355,5.58241318280723,1032.47853225716,1028.85918911504,2014.42441028254,2018.04375342466,381400000
467,203,4.67139793663647,7.19479628431614,5.58423451569684,7.19471202343731,5.58581905894364,1033.53058705168,1028.85918911504,2014.42441028254,2019.09580821918,381400000
468,206,2.93858826915009,7.19710678786785,5.58490017824368,7.19937538485265,5.58328084524703,1032.55798431195,1029.6193960428,2015.1846172103,2018.12320547945,381400000
468,207,2.93858826915009,7.19710678786785,5.58490017824368,7.19254156709298,5.58532579851862,1032.55798431195,1029.6193960428,2015.1846172103,2018.12320547945,381400000
469,211,7.84805686733147,7.19796267529615,5.58971788306274,7.19442936884528,5.58775334606547,1033.49497061332,1025.64691374599,2011.21213491349,2019.06019178082,381400000
469,470,0.956431366362207,7.19796267529615,5.58971788306274,7.19604867681939,5.589983326931,1026.60334511235,1025.64691374599,2011.21213491349,2012.16856627985,381400000
470,471,0.222362028711077,7.19604867681939,5.589983326931,7.19822604762537,5.58670295672207,1026.82570714106,1026.60334511235,2012.16856627985,2012.39092830856,381400000
470,208,7.00669399411987,7.19604867681939,5.589983326931,7.19282821133646,5.59096418976147,1033.61003910647,1026.60334511235,2012.16856627985,2019.17526027397,381400000
471,210,6.76789360924442,7.19822604762537,5.58670295672207,7.2017630040973,5.58990338571574,1033.59360075031,1026.82570714106,2012.39092830856,2019.15882191781,381400000
471,209,6.68570182842256,7.19822604762537,5.58670295672207,7.19847435932204,5.58318664595817,1033.51140896949,1026.82570714106,2012.39092830856,2019.07663013699,381400000
472,473,4.44182443483971,7.19672941662639,5.58872811581744,7.19609461067137,5.58858314076128,1028.66763544977,1024.22581101493,2009.79103218243,2014.23285661727,381400000
472,212,9.3239541189387,7.19672941662639,5.58872811581744,7.1975728827714,5.58641215858019,1033.54976513387,1024.22581101493,2009.79103218243,2019.11498630137,381400000
473,213,4.81363653341414,7.19609461067137,5.58858314076128,7.19798237580792,5.58971461237411,1033.48127198319,1028.66763544977,2014.23285661727,2019.04649315069,381400000
473,474,0.243072326773019,7.19609461067137,5.58858314076128,7.19346282167792,5.58763477661765,1028.91070777654,1028.66763544977,2014.23285661727,2014.47592894404,381400000
474,214,3.55412585047675,7.19346282167792,5.58763477661765,7.1957563690716,5.58898820578412,1032.46483362702,1028.91070777654,2014.47592894404,2018.03005479452,381400000
474,215,3.6308381792439,7.19346282167792,5.58763477661765,7.19521713031357,5.58551549728122,1032.54154595579,1028.91070777654,2014.47592894404,2018.10676712329,381400000
475,476,1.87786140886211,7.19958780134562,5.58641726349502,7.19658004003657,5.58616133099704,1017.1278469618,1015.24998555294,2000.81520672044,2002.6930681293,381400000
475,490,2.8025125415261,7.19958780134562,5.58641726349502,7.19636140616104,5.59016214997897,1018.05249809447,1015.24998555294,2000.81520672044,2003.61771926197,381400000
476,485,0.599802143475829,7.19658004003657,5.58616133099704,7.19901927674723,5.5875871198707,1017.72764910528,1017.1278469618,2002.6930681293,2003.29287027278,381400000
476,477,0.403047712205396,7.19658004003657,5.58616133099704,7.19725103393392,5.58404526596123,1017.53089467401,1017.1278469618,2002.6930681293,2003.09611584151,381400000
477,216,14.950377309176,7.19725103393392,5.58404526596123,8.84538,7.87839,1032.48127198319,1017.53089467401,2003.09611584151,2018.04649315069,381400000
477,478,3.49810963017206,7.19725103393392,5.58404526596123,7.20020181561673,5.58517752863368,1021.02900430418,1017.53089467401,2003.09611584151,2006.59422547168,381400000
478,479,2.98804470692187,7.20020181561673,5.58517752863368,7.20085749749333,5.58484542506552,1024.0170490111,1021.02900430418,2006.59422547168,2009.5822701786,381400000
478,480,3.1409919582805,7.20020181561673,5.58517752863368,7.19746896383569,5.58380377949584,1024.16999626246,1021.02900430418,2006.59422547168,2009.73521742996,381400000
479,217,9.46696269810946,7.20085749749333,5.58484542506552,6.733367,5.401827,1033.48401170921,1024.0170490111,2009.5822701786,2019.04923287671,381400000
479,218,9.56559283509569,7.20085749749333,5.58484542506552,7.08718066626886,4.79806503325777,1033.5826418462,1024.0170490111,2009.5822701786,2019.1478630137,381400000
480,224,6.42863480448733,7.19746896383569,5.58380377949584,7.1987548003697,5.59119095371506,1030.59863106695,1024.16999626246,2009.73521742996,2016.16385223445,381400000
480,481,0.282548474316638,7.19746896383569,5.58380377949584,7.19796154181611,5.58513735515185,1024.45254473678,1024.16999626246,2009.73521742996,2010.01776590428,381400000
481,219,8.09996012311926,7.19796154181611,5.58513735515185,7.1970279646936,5.58344224855202,1032.5525048599,1024.45254473678,2010.01776590428,2018.1177260274,381400000
481,482,1.33758653200516,7.19796154181611,5.58513735515185,7.19716022086716,5.58291263194982,1025.79013126878,1024.45254473678,2010.01776590428,2011.35535243628,381400000
482,483,2.41735160412754,7.19716022086716,5.58291263194982,7.19635608707771,5.58578375545769,1028.20748287291,1025.79013126878,2011.35535243628,2013.77270404041,381400000
482,484,0.876129736097511,7.19716022086716,5.58291263194982,7.19788010176215,5.58262864618766,1026.66626100488,1025.79013126878,2011.35535243628,2012.23148217238,381400000
483,221,4.26556993219184,7.19635608707771,5.58578375545769,7.20046132329553,5.58458898353201,1032.4730528051,1028.20748287291,2013.77270404041,2018.0382739726,381400000
483,220,3.27652883630149,7.19635608707771,5.58578375545769,7.19906286839396,5.58266652971255,1031.48401170921,1028.20748287291,2013.77270404041,2017.04923287671,381400000
484,222,5.88350412898901,7.19788010176215,5.58262864618766,7.20119152221106,5.5815548228656,1032.54976513387,1026.66626100488,2012.23148217238,2018.11498630137,381400000
484,223,6.83418906049589,7.19788010176215,5.58262864618766,7.20042016638878,5.59145797161772,1033.50045006538,1026.66626100488,2012.23148217238,2019.06567123288,381400000
485,488,6.3026018941514,7.19901927674723,5.5875871198707,7.2033557515068,5.58440944338893,1024.03025099943,1017.72764910528,2003.29287027278,2009.59547216693,381400000
485,486,1.4788865804298,7.19901927674723,5.5875871198707,7.20153855771946,5.58756480011184,1019.20653568571,1017.72764910528,2003.29287027278,2004.77175685321,381400000
486,487,10.2411066479812,7.20153855771946,5.58756480011184,7.19578067729634,5.58614813130856,1029.44764233369,1019.20653568571,2004.77175685321,2015.01286350119,381400000
486,227,12.5487089002156,7.20153855771946,5.58756480011184,7.20202289527232,5.58666237850551,1031.75524458593,1019.20653568571,2004.77175685321,2017.32046575342,381400000
487,225,3.10486252620707,7.19578067729634,5.58614813130856,7.19731460544324,5.59113992852252,1032.5525048599,1029.44764233369,2015.01286350119,2018.1177260274,381400000
487,226,4.14869814264524,7.19578067729634,5.58614813130856,7.839884,5.857344,1033.59634047634,1029.44764233369,2015.01286350119,2019.16156164384,381400000
488,230,8.49759632621995,7.2033557515068,5.58440944338893,7.2013024703919,5.59143929412665,1032.52784732565,1024.03025099943,2009.59547216693,2018.09306849315,381400000
488,489,1.08905729519177,7.2033557515068,5.58440944338893,7.20337947294371,5.58524708340496,1025.11930829462,1024.03025099943,2009.59547216693,2010.68452946212,381400000
489,228,7.41675820911025,7.20337947294371,5.58524708340496,7.20082586462885,5.58298876639396,1032.53606650373,1025.11930829462,2010.68452946212,2018.10128767123,381400000
489,229,8.37292259267208,7.20337947294371,5.58524708340496,7.19324843786922,5.58216125147295,1033.4922308873,1025.11930829462,2010.68452946212,2019.05745205479,381400000
490,491,0.475052579292502,7.19636140616104,5.59016214997897,7.19484425288214,5.58545276218186,1018.52755067376,1018.05249809447,2003.61771926197,2004.09277184126,381400000
490,233,15.4506916969365,7.19636140616104,5.59016214997897,7.19591926664257,5.59132048552401,1033.50318979141,1018.05249809447,2003.61771926197,2019.0684109589,381400000
491,232,14.9783788436716,7.19484425288214,5.58545276218186,6.33444099945055,5.62609835515774,1033.50592951743,1018.52755067376,2004.09277184126,2019.07115068493,381400000
491,231,14.9044062409318,7.19484425288214,5.58545276218186,7.19283989671271,5.58623407283444,1033.43195691469,1018.52755067376,2004.09277184126,2018.99717808219,381400000
492,493,17.9377181262774,6.19146437710206,6.73240691244841,6.6595230351735,6.3839944355438,993.031530152183,975.093812025906,1960.65903319341,1978.59675131968,381400000
492,494,25.5048033398845,6.19146437710206,6.73240691244841,6.19630378882515,6.73192683442787,1000.59861536579,975.093812025906,1960.65903319341,1986.16383653329,381400000
493,235,39.4716596392218,6.6595230351735,6.3839944355438,6.65577560891479,6.38353171857904,1032.50318979141,993.031530152183,1978.59675131968,2018.0684109589,381400000
493,236,39.4524815570301,6.6595230351735,6.3839944355438,7.098654,6.678859,1032.48401170921,993.031530152183,1978.59675131968,2018.04923287671,381400000
494,239,26.2404528596293,6.19630378882515,6.73192683442787,6.2005248123172,6.73155160773482,1026.83906822542,1000.59861536579,1986.16383653329,2012.40428939292,381400000
494,495,17.1878602502506,6.19630378882515,6.73192683442787,6.45529739216724,6.72451255097225,1017.78647561604,1000.59861536579,1986.16383653329,2003.35169678354,381400000
495,238,14.7632895178299,6.45529739216724,6.72451255097225,6.452608,6.726605,1032.54976513387,1017.78647561604,2003.35169678354,2018.11498630137,381400000
495,237,14.7249333534464,6.45529739216724,6.72451255097225,6.452245,6.728375,1032.51140896949,1017.78647561604,2003.35169678354,2018.07663013699,381400000
496,497,36.613023248664,5.9595187266871,7.87854561976421,6.32024515393874,8.09314074258776,1000.73702766817,964.124004419504,1949.689225587,1986.30224883567,381400000
496,240,68.3435689335454,5.9595187266871,7.87854561976421,5.967,7.867,1032.46757335305,964.124004419504,1949.689225587,2018.03279452055,381400000
497,498,5.32016708499466,6.32024515393874,8.09314074258776,6.33552374803753,8.10285141958087,1006.05719475316,1000.73702766817,1986.30224883567,1991.62241592066,381400000
497,241,31.7634223972101,6.32024515393874,8.09314074258776,6.556183,8.303293,1032.50045006538,1000.73702766817,1986.30224883567,2018.06567123288,381400000
498,251,26.4925703807086,6.33552374803753,8.10285141958087,6.33268268209776,8.10421324746359,1032.54976513387,1006.05719475316,1991.62241592066,2018.11498630137,381400000
498,499,6.92944066702402,6.33552374803753,8.10285141958087,6.33201638125266,8.0976769123817,1012.98663542019,1006.05719475316,1991.62241592066,1998.55185658769,381400000
499,500,4.83160588708082,6.33201638125266,8.0976769123817,6.33098156810353,8.10048557448593,1017.81824130727,1012.98663542019,1998.55185658769,2003.38346247477,381400000
499,505,1.58905740294916,6.33201638125266,8.0976769123817,6.3312535623759,8.09569877560414,1014.57569282314,1012.98663542019,1998.55185658769,2000.14091399063,381400000
500,247,14.7178251964667,6.33098156810353,8.10048557448593,6.1878,8.1189,1032.53606650373,1017.81824130727,2003.38346247477,2018.10128767123,381400000
500,501,4.50289502521287,6.33098156810353,8.10048557448593,6.33099820871705,8.10247507683948,1022.32113633248,1017.81824130727,2003.38346247477,2007.88635749998,381400000
501,504,9.85841035433795,6.33099820871705,8.10247507683948,6.12926007571416,8.0070894261493,1032.17954668682,1022.32113633248,2007.88635749998,2017.74476785432,381400000
501,502,0.399622895446187,6.33099820871705,8.10247507683948,6.3316217657864,8.10140718725107,1022.72075922793,1022.32113633248,2007.88635749998,2008.28598039543,381400000
502,503,8.03612054275136,6.3316217657864,8.10140718725107,6.33150308170395,8.09735903862575,1030.75687977068,1022.72075922793,2008.28598039543,2016.32210093818,381400000
502,242,9.8153072758077,6.3316217657864,8.10140718725107,6.33510758449873,8.10354604155226,1032.53606650373,1022.72075922793,2008.28598039543,2018.10128767123,381400000
503,243,1.75726892483725,6.33150308170395,8.09735903862575,6.340038,8.129261,1032.51414869551,1030.75687977068,2016.32210093818,2018.07936986301,381400000
503,244,1.78740591113864,6.33150308170395,8.09735903862575,6.33104600078239,8.09675248847762,1032.54428568182,1030.75687977068,2016.32210093818,2018.10950684932,381400000
504,245,1.38665680321732,6.12926007571416,8.0070894261493,5.889345,7.953555,1033.56620349004,1032.17954668682,2017.74476785432,2019.13142465753,381400000
504,246,0.378437625135246,6.12926007571416,8.0070894261493,6.128725,8.00679,1032.55798431195,1032.17954668682,2017.74476785432,2018.12320547945,381400000
505,506,1.0351393675952,6.3312535623759,8.09569877560414,6.32961306238943,8.09488818845064,1015.61083219073,1014.57569282314,2000.14091399063,2001.17605335823,381400000
505,250,12.9247572422423,6.3312535623759,8.09569877560414,6.33163049922557,8.09689972940909,1027.50045006538,1014.57569282314,2000.14091399063,2013.06567123288,381400000
506,249,16.8841384225924,6.32961306238943,8.09488818845064,6.032415,7.850118,1032.49497061332,1015.61083219073,2001.17605335823,2018.06019178082,381400000
506,248,13.1882480116334,6.32961306238943,8.09488818845064,6.33407938874941,8.10330322874277,1028.79908020236,1015.61083219073,2001.17605335823,2014.36430136986,381400000
507,508,131.70456867139,6.03313010671893,7.79165647265435,6.0650462424556,7.81711939390146,970.470231065502,838.765662394111,1824.33088356161,1956.035452233,381400000
507,509,147.624925959257,6.03313010671893,7.79165647265435,6.04863643009329,7.76770201682055,986.390588353368,838.765662394111,1824.33088356161,1971.95580952087,381400000
508,253,60.0710229522679,6.0650462424556,7.81711939390146,6.0767,8.0701,1030.54125401777,970.470231065502,1956.035452233,2016.10647518527,381400000
508,252,62.0548765341228,6.0650462424556,7.81711939390146,6.065463,7.81309,1032.52510759962,970.470231065502,1956.035452233,2018.09032876712,381400000
509,254,44.1151465387186,6.04863643009329,7.76770201682055,5.485,7.035,1030.50573489209,986.390588353368,1971.95580952087,2016.07095605959,381400000
509,255,41.1345192462566,6.04863643009329,7.76770201682055,6.452667,7.510333,1027.52510759962,986.390588353368,1971.95580952087,2013.09032876712,381400000
