node1,node2,length,startLat,startLon,endLat,endLon,endNodeL,startNodeL,startYear,endYear,treeID
256,257,8.33043259322608,6.38003640789354,8.01997632092012,6.5011945455948,8.01064576358467,8.33043259322608,0,1108.61284746095,1116.94328005418,506000000
256,356,676.125725656667,6.38003640789354,8.01997632092012,6.29125471195212,8.01500765576274,676.125725656667,0,1108.61284746095,1784.73857311762,506000000
257,258,110.331333887107,6.5011945455948,8.01064576358467,7.86578968353887,4.84417655475153,118.661766480333,8.33043259322608,1116.94328005418,1227.27461394128,506000000
257,261,265.694459570178,6.5011945455948,8.01064576358467,8.18291093397154,8.26055528915324,274.024892163404,8.33043259322608,1116.94328005418,1382.63773962435,506000000
258,1,741.855064966095,7.86578968353887,4.84417655475153,10.686987,13.272643,860.516831446428,118.661766480333,1227.27461394128,1969.12967890738,506000000
258,259,353.220434325169,7.86578968353887,4.84417655475153,7.87290381171573,4.85185939900823,471.882200805503,118.661766480333,1227.27461394128,1580.49504826645,506000000
259,260,379.072458542152,7.87290381171573,4.85185939900823,7.86779082132038,5.17143371895538,850.954659347655,471.882200805503,1580.49504826645,1959.5675068086,506000000
259,4,431.707055334117,7.87290381171573,4.85185939900823,7.6833,4.6167,903.58925613962,471.882200805503,1580.49504826645,2012.20210360057,506000000
260,2,56.4679301252979,7.86779082132038,5.17143371895538,7.845422,5.182916,907.422589472953,850.954659347655,1959.5675068086,2016.0354369339,506000000
260,3,59.4762466160532,7.86779082132038,5.17143371895538,7.525829,5.762072,910.430905963708,850.954659347655,1959.5675068086,2019.04375342466,506000000
261,291,294.757642833359,8.18291093397154,8.26055528915324,10.4588574344819,-7.32210550683249,568.782534996763,274.024892163404,1382.63773962435,1677.39538245771,506000000
261,262,139.460135735219,8.18291093397154,8.26055528915324,8.22833029341173,8.27771196673586,413.485027898623,274.024892163404,1382.63773962435,1522.09787535957,506000000
262,290,313.034425540896,8.22833029341173,8.27771196673586,9.79215029365614,8.95422538889478,726.519453439519,413.485027898623,1522.09787535957,1835.13230090047,506000000
262,263,312.165612740966,8.22833029341173,8.27771196673586,8.27101414337024,8.3532323113097,725.65064063959,413.485027898623,1522.09787535957,1834.26348810054,506000000
263,5,181.793806756861,8.27101414337024,8.3532323113097,7.213958,10.183256,907.44444739645,725.65064063959,1834.26348810054,2016.0572948574,506000000
263,264,17.295445161448,8.27101414337024,8.3532323113097,8.27137221586771,8.35013253296452,742.946085801038,725.65064063959,1834.26348810054,1851.55893326199,506000000
264,278,42.8518173498622,8.27137221586771,8.35013253296452,9.77649643629816,9.53919208783975,785.7979031509,742.946085801038,1851.55893326199,1894.41075061185,506000000
264,265,46.419932006148,8.27137221586771,8.35013253296452,8.27625640869781,8.33123967400412,789.366017807186,742.946085801038,1851.55893326199,1897.97886526814,506000000
265,271,90.6981259352403,8.27625640869781,8.33123967400412,8.49439029676591,8.51321106850619,880.064143742426,789.366017807186,1897.97886526814,1988.67699120338,506000000
265,266,66.3568685234181,8.27625640869781,8.33123967400412,8.27818273471116,8.32934262652085,855.722886330604,789.366017807186,1897.97886526814,1964.33573379155,506000000
266,11,51.8171894811471,8.27818273471116,8.32934262652085,7.565864,7.917972,907.540075811751,855.722886330604,1964.33573379155,2016.1529232727,506000000
266,267,4.95685300307749,8.27818273471116,8.32934262652085,8.27815978816045,8.33349018552393,860.679739333681,855.722886330604,1964.33573379155,1969.29258679463,506000000
267,10,48.7566460820818,8.27815978816045,8.33349018552393,5.79449,7.03589,909.436385415763,860.679739333681,1969.29258679463,2018.04923287671,506000000
267,268,21.3359153794412,8.27815978816045,8.33349018552393,8.27677650947897,8.33239400896714,882.015654713122,860.679739333681,1969.29258679463,1990.62850217407,506000000
268,9,25.4697762898852,8.27677650947897,8.33239400896714,8.325363,8.450158,907.485431003008,882.015654713122,1990.62850217407,2016.09827846396,506000000
268,269,18.2951669212499,8.27677650947897,8.33239400896714,7.63452276785364,8.40104725182576,900.310821634372,882.015654713122,1990.62850217407,2008.92366909532,506000000
269,270,1.49412938616812,7.63452276785364,8.40104725182576,7.6299788341079,8.39883763065702,901.804951020541,900.310821634372,2008.92366909532,2010.41779848149,506000000
269,8,3.90138532491946,7.63452276785364,8.40104725182576,7.63391160888006,8.40165399442606,904.212206959292,900.310821634372,2008.92366909532,2012.82505442024,506000000
270,6,1.39307823083907,7.6299788341079,8.39883763065702,7.63048244074588,8.3988255205873,903.19802925138,901.804951020541,2010.41779848149,2011.81087671233,506000000
270,7,1.39033850481172,7.6299788341079,8.39883763065702,7.63363739676226,8.39697275125557,903.195289525352,901.804951020541,2010.41779848149,2011.8081369863,506000000
271,277,9.08781081985149,8.49439029676591,8.51321106850619,8.49577635791473,8.52298589334945,889.151954562278,880.064143742426,1988.67699120338,1997.76480202323,506000000
271,272,1.09144397751959,8.49439029676591,8.51321106850619,8.49291825304386,8.51817259461661,881.155587719946,880.064143742426,1988.67699120338,1989.7684351809,506000000
272,273,2.89564660701038,8.49291825304386,8.51817259461661,8.49124159958012,8.51659758734922,884.051234326956,881.155587719946,1989.7684351809,1992.66408178791,506000000
272,275,0.768303411524457,8.49291825304386,8.51817259461661,8.4918814222517,8.51852240246719,881.92389113147,881.155587719946,1989.7684351809,1990.53673859242,506000000
273,274,22.6342387989528,8.49124159958012,8.51659758734922,8.4937677502218,8.51754528050465,906.685473125909,884.051234326956,1992.66408178791,2015.29832058686,506000000
273,12,23.4587868399861,8.49124159958012,8.51659758734922,8.49093394089794,8.51814460687556,907.510021166942,884.051234326956,1992.66408178791,2016.12286862789,506000000
274,14,0.791761155787514,8.4937677502218,8.51754528050465,8.49348319524115,8.51766841575592,907.477234281696,906.685473125909,2015.29832058686,2016.09008174265,506000000
274,13,1.76461091999134,8.4937677502218,8.51754528050465,8.49200422858583,8.52580567012689,908.4500840459,906.685473125909,2015.29832058686,2017.06293150685,506000000
275,276,5.02998409377,8.4918814222517,8.51852240246719,8.49433664613636,8.51927931582203,886.95387522524,881.92389113147,1990.53673859242,1995.56672268619,506000000
275,17,9.70088413383263,8.4918814222517,8.51852240246719,9.91692405544008,8.89454039802612,891.624775265303,881.92389113147,1990.53673859242,2000.23762272625,506000000
276,15,20.4277156699752,8.49433664613636,8.51927931582203,8.4,8.55,907.381590895215,886.95387522524,1995.56672268619,2015.99443835616,506000000
276,16,18.4852499165504,8.49433664613636,8.51927931582203,8.49642602061313,8.52446469938605,905.43912514179,886.95387522524,1995.56672268619,2014.05197260274,506000000
277,19,18.4318370964678,8.49577635791473,8.52298589334945,8.49663803912223,8.52451547689467,907.583791658745,889.151954562278,1997.76480202323,2016.19663911969,506000000
277,18,18.2870283532986,8.49577635791473,8.52298589334945,8.49508525903931,8.52347205782366,907.438982915576,889.151954562278,1997.76480202323,2016.05183037653,506000000
278,279,30.1075113133653,9.77649643629816,9.53919208783975,9.77157322791032,9.5353529445567,815.905414464265,785.7979031509,1894.41075061185,1924.51826192521,506000000
278,287,60.3551719179954,9.77649643629816,9.53919208783975,9.75961798137437,9.55282234635664,846.153075068895,785.7979031509,1894.41075061185,1954.76592252984,506000000
279,20,91.5335684513108,9.77157322791032,9.5353529445567,8.87931,9.53879,907.438982915576,815.905414464265,1924.51826192521,2016.05183037653,506000000
279,280,19.7849010880384,9.77157322791032,9.5353529445567,9.77761623114447,9.53577524860492,835.690315552304,815.905414464265,1924.51826192521,1944.30316301325,506000000
280,21,71.7049515162777,9.77761623114447,9.53577524860492,9.383,9.133,907.395267068581,835.690315552304,1944.30316301325,2016.00811452953,506000000
280,281,6.77130831565479,9.77761623114447,9.53577524860492,9.77728274104484,9.53468305424209,842.461623867958,835.690315552304,1944.30316301325,1951.07447132891,506000000
281,22,67.0295560683527,9.77728274104484,9.53468305424209,9.960813,9.502202,909.491179936311,842.461623867958,1951.07447132891,2018.10402739726,506000000
281,282,6.56225931763772,9.77728274104484,9.53468305424209,10.3199190468673,9.86221447516072,849.023883185596,842.461623867958,1951.07447132891,1957.63673064655,506000000
282,23,56.2563378466053,10.3199190468673,9.86221447516072,10.3187039537199,9.84675368873986,905.280221032201,849.023883185596,1957.63673064655,2013.89306849315,506000000
282,283,26.8306982490915,10.3199190468673,9.86221447516072,10.3168688695542,9.85908873957235,875.854581434688,849.023883185596,1957.63673064655,1984.46742889564,506000000
283,284,19.3189474157459,10.3168688695542,9.85908873957235,10.0906808644565,9.76177301197202,895.173528850434,875.854581434688,1984.46742889564,2003.78637631138,506000000
283,286,9.28574297053864,10.3168688695542,9.85908873957235,10.3130906244536,9.84991533798413,885.140324405226,875.854581434688,1984.46742889564,1993.75317186618,506000000
284,285,8.23377659157911,10.0906808644565,9.76177301197202,10.0906542052623,9.76398164743747,903.407305442013,895.173528850434,2003.78637631138,2012.02015290296,506000000
284,26,14.2162812228638,10.0906808644565,9.76177301197202,10.0922539838213,9.77093387302643,909.389810073297,895.173528850434,2003.78637631138,2018.00265753425,506000000
285,25,4.00981955006615,10.0906542052623,9.76398164743747,10.0918376862845,9.76376702333931,907.417124992079,903.407305442013,2012.02015290296,2016.02997245303,506000000
285,24,4.14096709104957,10.0906542052623,9.76398164743747,10.675453,9.122348,907.548272533062,903.407305442013,2012.02015290296,2016.16111999401,506000000
286,27,20.1809925173862,10.3130906244536,9.84991533798413,10.3111678608582,9.84327220492988,905.321316922612,885.140324405226,1993.75317186618,2013.93416438356,506000000
286,28,21.559074709167,10.3130906244536,9.84991533798413,9.595820427,9.617159843,906.699399114393,885.140324405226,1993.75317186618,2015.31224657534,506000000
287,32,61.2995690488663,9.75961798137437,9.55282234635664,9.755908,9.553992,907.452644117762,846.153075068895,1954.76592252984,2016.06549157871,506000000
287,288,20.861189944381,9.75961798137437,9.55282234635664,9.74063607628613,9.55869671285145,867.014265013276,846.153075068895,1954.76592252984,1975.62711247423,506000000
288,289,16.5157649452387,9.74063607628613,9.55869671285145,10.2677716599324,10.3309611505549,883.530029958515,867.014265013276,1975.62711247423,1992.14287741946,506000000
288,31,43.4769149230348,9.74063607628613,9.55869671285145,7.336619,9.002272,910.491179936311,867.014265013276,1975.62711247423,2019.10402739726,506000000
289,30,23.1282732654672,10.2677716599324,10.3309611505549,10.2686363273471,10.3295460823264,906.658303223982,883.530029958515,1992.14287741946,2015.27115068493,506000000
289,29,23.9308108805582,10.2677716599324,10.3309611505549,10.2653272688057,10.3303928184369,907.460840839073,883.530029958515,1992.14287741946,2016.07368830002,506000000
290,33,158.012566683264,9.79215029365614,8.95422538889478,9.91845491564008,8.88674528216934,884.532020122783,726.519453439519,1835.13230090047,1993.14486758373,506000000
290,34,181.012425650921,9.79215029365614,8.95422538889478,10.523056,7.440278,907.531879090439,726.519453439519,1835.13230090047,2016.14472655139,506000000
291,298,98.0472354473264,10.4588574344819,-7.32210550683249,7.24755615097539,-9.63126894658324,666.829770444089,568.782534996763,1677.39538245771,1775.44261790504,506000000
291,292,227.200569712725,10.4588574344819,-7.32210550683249,10.5815263213716,-7.13775370578261,795.983104709488,568.782534996763,1677.39538245771,1904.59595217044,506000000
292,293,89.0347068457183,10.5815263213716,-7.13775370578261,10.591504277442,-7.15548269510681,885.017811555207,795.983104709488,1904.59595217044,1993.63065901616,506000000
292,297,70.8670922175329,10.5815263213716,-7.13775370578261,10.398230856748,-7.26774721389539,866.850196927021,795.983104709488,1904.59595217044,1975.46304438797,506000000
293,294,7.06168167225112,10.591504277442,-7.15548269510681,10.5915108681906,-7.15800271850925,892.079493227458,885.017811555207,1993.63065901616,2000.69234068841,506000000
293,39,18.5386576991673,10.591504277442,-7.15548269510681,10.592701417886,-7.15932412940942,903.556469254374,885.017811555207,1993.63065901616,2012.16931671532,506000000
294,35,8.95794880015822,10.5915108681906,-7.15800271850925,10.5911081068885,-7.15207826216229,901.037442027616,892.079493227458,2000.69234068841,2009.65028948857,506000000
294,295,4.24475369283105,10.5915108681906,-7.15800271850925,10.594722935368,-7.15801575943217,896.324246920289,892.079493227458,2000.69234068841,2004.93709438124,506000000
295,296,2.38162768675171,10.594722935368,-7.15801575943217,10.5979854458178,-7.15679700623812,898.70587460704,896.324246920289,2004.93709438124,2007.31872206799,506000000
295,36,4.45068443251455,10.594722935368,-7.15801575943217,10.5911805693205,-7.15407836132515,900.774931352803,896.324246920289,2004.93709438124,2009.38777881375,506000000
296,38,1.69981360815113,10.5979854458178,-7.15679700623812,10.5843747490015,-7.15969482309035,900.405688215192,898.70587460704,2007.31872206799,2009.01853567614,506000000
296,37,4.85059464733341,10.5979854458178,-7.15679700623812,10.6164,-7.1583,903.556469254374,898.70587460704,2007.31872206799,2012.16931671532,506000000
297,40,36.7822924363239,10.398230856748,-7.26774721389539,10.397222,-7.259167,903.632489363345,866.850196927021,1975.46304438797,2012.24533682429,506000000
297,41,36.7243836388618,10.398230856748,-7.26774721389539,10.3831,-7.1517,903.574580565883,866.850196927021,1975.46304438797,2012.18742802683,506000000
298,299,66.7651161618836,7.24755615097539,-9.63126894658324,7.23561732257329,-9.75012431837358,733.594886605973,666.829770444089,1775.44261790504,1842.20773406692,506000000
298,351,130.319229437236,7.24755615097539,-9.63126894658324,7.01140519216802,-9.47423162466218,797.148999881326,666.829770444089,1775.44261790504,1905.76184734228,506000000
299,42,160.990478582027,7.23561732257329,-9.75012431837358,10.059767,-10.58615,894.585365188,733.594886605973,1842.20773406692,2003.19821264895,506000000
299,300,39.345544165847,7.23561732257329,-9.75012431837358,8.20659927344154,-11.0608826556522,772.94043077182,733.594886605973,1842.20773406692,1881.55327823277,506000000
300,345,29.3564478036053,8.20659927344154,-11.0608826556522,8.20952729801236,-11.0728302541246,802.296878575425,772.94043077182,1881.55327823277,1910.90972603638,506000000
300,301,14.0974061927513,8.20659927344154,-11.0608826556522,8.18644327869669,-11.0169046098663,787.037836964571,772.94043077182,1881.55327823277,1895.65068442552,506000000
301,302,58.9331746297674,8.18644327869669,-11.0169046098663,8.17500787004365,-11.0176820256908,845.971011594339,787.037836964571,1895.65068442552,1954.58385905529,506000000
301,337,15.0359984158556,8.18644327869669,-11.0169046098663,7.86024253637056,-11.7223138728334,802.073835380427,787.037836964571,1895.65068442552,1910.68668284138,506000000
302,303,3.26640393386172,8.17500787004365,-11.0176820256908,7.99862696642672,-10.9515763624949,849.2374155282,845.971011594339,1954.58385905529,1957.85026298915,506000000
302,309,12.3087390732352,8.17500787004365,-11.0176820256908,8.18252001555052,-11.1356777378899,858.279750667574,845.971011594339,1954.58385905529,1966.89259812852,506000000
303,304,6.72613952171623,7.99862696642672,-10.9515763624949,7.99381889403258,-10.9530812887609,855.963555049917,849.2374155282,1957.85026298915,1964.57640251087,506000000
303,49,17.7122607971882,7.99862696642672,-10.9515763624949,7.99984241915399,-10.9471662379946,866.949676325389,849.2374155282,1957.85026298915,1975.56252378634,506000000
304,305,21.5465895548011,7.99381889403258,-10.9530812887609,7.99265818116111,-10.9501922251621,877.510144604718,855.963555049917,1964.57640251087,1986.12299206567,506000000
304,307,12.8888637615339,7.99381889403258,-10.9530812887609,7.93825657551421,-11.0086912837777,868.852418811451,855.963555049917,1964.57640251087,1977.4652662724,506000000
305,43,25.1070627288536,7.99265818116111,-10.9501922251621,7.99594102996626,-10.9481469448308,902.617207333571,877.510144604718,1986.12299206567,2011.23005479452,506000000
305,306,1.23048836598157,7.99265818116111,-10.9501922251621,7.94106992271794,-11.0425349288958,878.740632970699,877.510144604718,1986.12299206567,1987.35348043165,506000000
306,44,25.1245794530734,7.94106992271794,-11.0425349288958,7.8578520245654,-11.1936305656815,903.865212423773,878.740632970699,1987.35348043165,2012.47805988472,506000000
306,45,22.690272993009,7.94106992271794,-11.0425349288958,8.18614700554421,-11.131898185359,901.430905963708,878.740632970699,1987.35348043165,2010.04375342466,506000000
307,46,34.7805531751637,7.93825657551421,-11.0086912837777,7.925974,-11.054267,903.632971986614,868.852418811451,1977.4652662724,2012.24581944756,506000000
307,308,27.9198725306269,7.93825657551421,-11.0086912837777,7.83625590858557,-11.1867390606685,896.772291342078,868.852418811451,1977.4652662724,2005.38513880303,506000000
308,48,8.14354612848018,7.83625590858557,-11.1867390606685,7.86437021801599,-11.194405137972,904.915837470558,896.772291342078,2005.38513880303,2013.52868493151,506000000
308,47,8.039436539439,7.83625590858557,-11.1867390606685,7.65,-11.133333,904.811727881517,896.772291342078,2005.38513880303,2013.42457534247,506000000
309,310,8.26053524076233,8.18252001555052,-11.1356777378899,8.18154849701477,-11.132793550629,866.540285908336,858.279750667574,1966.89259812852,1975.15313336929,506000000
309,325,6.43684161366458,8.18252001555052,-11.1356777378899,8.18217688143719,-11.1348226023926,864.716592281239,858.279750667574,1966.89259812852,1973.32943974219,506000000
310,311,7.07411713118255,8.18154849701477,-11.132793550629,8.17982460405798,-11.1270711221978,873.614403039519,866.540285908336,1975.15313336929,1982.22725050047,506000000
310,312,1.21162777996594,8.18154849701477,-11.132793550629,8.18255822489877,-11.1323467907726,867.751913688302,866.540285908336,1975.15313336929,1976.36476114925,506000000
311,51,30.5404268705926,8.17982460405798,-11.1270711221978,8.355083,-11.324278,904.154829910112,873.614403039519,1982.22725050047,2012.76767737106,506000000
311,50,27.9288316913127,8.17982460405798,-11.1270711221978,8.1855030157835,-11.1360014713224,901.543234730832,873.614403039519,1982.22725050047,2010.15608219178,506000000
312,313,16.5266598668254,8.18255822489877,-11.1323467907726,8.18198579293244,-11.1286671862293,884.278573555128,867.751913688302,1976.36476114925,1992.89142101608,506000000
312,316,11.1644664230138,8.18255822489877,-11.1323467907726,8.17972584949182,-11.1369451449388,878.916380111316,867.751913688302,1976.36476114925,1987.52922757227,506000000
313,314,8.76084892988065,8.18198579293244,-11.1286671862293,8.17224588541035,-11.1260885358872,893.039422485008,884.278573555128,1992.89142101608,2001.65226994596,506000000
313,55,20.6043872031012,8.18198579293244,-11.1286671862293,8.18813373839985,-11.1310740400258,904.882960758229,884.278573555128,1992.89142101608,2013.49580821918,506000000
314,315,7.30635032272219,8.17224588541035,-11.1260885358872,8.18106691207602,-11.1150969735332,900.345772807731,893.039422485008,2001.65226994596,2008.95862026868,506000000
314,54,11.1755167147206,8.17224588541035,-11.1260885358872,7.86519293065456,-11.7055462645325,904.214939199729,893.039422485008,2001.65226994596,2012.82778666068,506000000
315,53,0.811160553237972,8.18106691207602,-11.1150969735332,8.38727,-11.0879,901.156933360969,900.345772807731,2008.95862026868,2009.76978082192,506000000
315,52,3.15058715702581,8.18106691207602,-11.1150969735332,8.18364246477303,-11.1379415035979,903.496359964756,900.345772807731,2008.95862026868,2012.10920742571,506000000
316,317,18.1319947732417,8.17972584949182,-11.1369451449388,8.04347958389645,-11.1049961231008,897.048374884558,878.916380111316,1987.52922757227,2005.66122234551,506000000
316,318,4.40887736771247,8.17972584949182,-11.1369451449388,8.18084025962315,-11.1342736089279,883.325257479029,878.916380111316,1987.52922757227,1991.93810493998,506000000
317,56,6.30307902435605,8.04347958389645,-11.1049961231008,8.0470567056,-11.1136381440805,903.351453908914,897.048374884558,2005.66122234551,2011.96430136986,506000000
317,57,5.77979135312306,8.04347958389645,-11.1049961231008,8.04546810314645,-11.1055024662381,902.828166237681,897.048374884558,2005.66122234551,2011.44101369863,506000000
318,322,2.12694193560903,8.18084025962315,-11.1342736089279,8.18332013419205,-11.1339439773808,885.452199414638,883.325257479029,1991.93810493998,1994.06504687559,506000000
318,319,1.18298697479206,8.18084025962315,-11.1342736089279,8.18347924625634,-11.1345812747724,884.508244453821,883.325257479029,1991.93810493998,1993.12109191477,506000000
319,320,14.2701568132761,8.18347924625634,-11.1345812747724,8.15595849106825,-11.172073788125,898.778401267097,884.508244453821,1993.12109191477,2007.39124872805,506000000
319,321,7.26308063341813,8.18347924625634,-11.1345812747724,8.18680699179544,-11.1349103431065,891.771325087239,884.508244453821,1993.12109191477,2000.38417254819,506000000
320,59,4.8436417577688,8.15595849106825,-11.172073788125,7.85998109222801,-11.1955175371644,903.622043024866,898.778401267097,2007.39124872805,2012.23489048581,506000000
320,58,2.54565538154309,8.15595849106825,-11.172073788125,8.154893,-11.171735,901.32405664864,898.778401267097,2007.39124872805,2009.93690410959,506000000
321,60,11.6977124731459,8.18680699179544,-11.1349103431065,8.1978275,-11.0803252,903.469037560385,891.771325087239,2000.38417254819,2012.08188502133,506000000
321,61,10.9006767668804,8.18680699179544,-11.1349103431065,7.85723222765554,-11.1980350301359,902.672001854119,891.771325087239,2000.38417254819,2011.28484931507,506000000
322,323,8.15173159100721,8.18332013419205,-11.1339439773808,8.19325154683007,-11.1326825455398,893.603931005645,885.452199414638,1994.06504687559,2002.21677846659,506000000
322,62,19.3485695627692,8.18332013419205,-11.1339439773808,8.18834650129145,-11.1371562331531,904.800768977407,885.452199414638,1994.06504687559,2013.41361643836,506000000
323,65,10.9036872868307,8.19325154683007,-11.1326825455398,8.18705581876913,-11.1348828224725,904.507618292476,893.603931005645,2002.21677846659,2013.12046575342,506000000
323,324,2.48729705575186,8.19325154683007,-11.1326825455398,8.18975787459731,-11.1350074874732,896.091228061397,893.603931005645,2002.21677846659,2004.70407552235,506000000
324,64,7.85321933505358,8.18975787459731,-11.1350074874732,7.86097482647732,-11.1993026789952,903.94444739645,896.091228061397,2004.70407552235,2012.5572948574,506000000
324,63,7.35595157549071,8.18975787459731,-11.1350074874732,8.116599,-11.174797,903.447179636887,896.091228061397,2004.70407552235,2012.06002709784,506000000
325,326,0.130750059280444,8.18217688143719,-11.1348226023926,8.18217876522169,-11.1348001689975,864.847342340519,864.716592281239,1973.32943974219,1973.46018980147,506000000
325,336,26.8746950360547,8.18217688143719,-11.1348226023926,8.32285362234916,-11.3139406049899,891.591287317293,864.716592281239,1973.32943974219,2000.20413477824,506000000
326,332,19.3248073364227,8.18217876522169,-11.1348001689975,8.1884797778541,-11.1357922904384,884.172149676942,864.847342340519,1973.46018980147,1992.78499713789,506000000
326,327,1.63156154771907,8.18217876522169,-11.1348001689975,8.18347700496609,-11.1350823490911,866.478903888238,864.847342340519,1973.46018980147,1975.09175134919,506000000
327,71,37.0229205573925,8.18347700496609,-11.1350823490911,8.18,-11.08,903.501824445631,866.478903888238,1975.09175134919,2012.11467190658,506000000
327,328,0.530589779196241,8.18347700496609,-11.1350823490911,8.18401208190435,-11.1347619332346,867.009493667434,866.478903888238,1975.09175134919,1975.62234112838,506000000
328,330,7.71996025613969,8.18401208190435,-11.1347619332346,8.17925260472154,-11.1333300007567,874.729453923574,867.009493667434,1975.62234112838,1983.34230138452,506000000
328,329,24.1438889140577,8.18401208190435,-11.1347619332346,8.20423188226287,-11.1384962397169,891.153382581492,867.009493667434,1975.62234112838,1999.76623004244,506000000
329,67,12.1350576287917,8.20423188226287,-11.1384962397169,7.86746362836799,-11.7055249962084,903.288440210284,891.153382581492,1999.76623004244,2011.90128767123,506000000
329,66,12.1131398205724,8.20423188226287,-11.1384962397169,8.18231285801774,-11.1357280204281,903.266522402064,891.153382581492,1999.76623004244,2011.87936986301,506000000
330,68,25.9836438209562,8.17925260472154,-11.1333300007567,8.21510762199788,-11.0639896294776,900.71309774453,874.729453923574,1983.34230138452,2009.32594520548,506000000
330,331,3.82645271465924,8.17925260472154,-11.1333300007567,8.1731969321486,-11.1346363967311,878.555906638233,874.729453923574,1983.34230138452,1987.16875409918,506000000
331,70,22.1544513802696,8.1731969321486,-11.1346363967311,7.85913224313084,-11.1953226556757,900.710358018503,878.555906638233,1987.16875409918,2009.32320547945,506000000
331,69,24.7051363117764,8.1731969321486,-11.1346363967311,8.21154,-11.05124,903.26104295001,878.555906638233,1987.16875409918,2011.87389041096,506000000
332,72,19.1382083415611,8.1884797778541,-11.1357922904384,8.18630872111592,-11.1372254649085,903.310358018503,884.172149676942,1992.78499713789,2011.92320547945,506000000
332,333,13.5454535081068,8.1884797778541,-11.1357922904384,8.22794395758381,-11.0631637663782,897.717603185048,884.172149676942,1992.78499713789,2006.330450646,506000000
333,73,5.12700140879674,8.22794395758381,-11.0631637663782,8.21654631975472,-11.0615418347289,902.844604593845,897.717603185048,2006.330450646,2011.45745205479,506000000
333,334,2.39374642832245,8.22794395758381,-11.0631637663782,8.2220877573112,-11.0578046190775,900.111349613371,897.717603185048,2006.330450646,2008.72419707432,506000000
334,335,0.28488779036819,8.2220877573112,-11.0578046190775,8.22198425937718,-11.0579202531793,900.396237403739,900.111349613371,2008.72419707432,2009.00908486469,506000000
334,74,0.930515254446977,8.2220877573112,-11.0578046190775,8.21966060254575,-11.0611965695348,901.041864867818,900.111349613371,2008.72419707432,2009.65471232877,506000000
335,76,0.990832943530821,8.22198425937718,-11.0579202531793,8.22241435967181,-11.0576008778275,901.38707034727,900.396237403739,2009.00908486469,2009.99991780822,506000000
335,75,1.09494253257199,8.22198425937718,-11.0579202531793,7.874519,-11.342483,901.491179936311,900.396237403739,2009.00908486469,2010.10402739726,506000000
336,78,12.8916734409355,8.32285362234916,-11.3139406049899,8.3188107,-11.3151104,904.482960758229,891.591287317293,2000.20413477824,2013.09580821918,506000000
336,77,11.4834542628534,8.32285362234916,-11.3139406049899,7.8631693432464,-11.1932620052616,903.074741580147,891.591287317293,2000.20413477824,2011.6875890411,506000000
337,338,19.8515774123252,7.86024253637056,-11.7223138728334,7.87375007013726,-11.709907678853,821.925412792752,802.073835380427,1910.68668284138,1930.5382602537,506000000
337,79,101.564601087062,7.86024253637056,-11.7223138728334,7.87139007131237,-11.7077825844272,903.638436467489,802.073835380427,1910.68668284138,2012.25128392844,506000000
338,80,81.6173952594358,7.87375007013726,-11.709907678853,7.86977061454131,-11.7088585264236,903.542808052188,821.925412792752,1930.5382602537,2012.15565551314,506000000
338,339,9.35748683570492,7.87375007013726,-11.709907678853,7.86977291632197,-11.709155575955,831.282899628457,821.925412792752,1930.5382602537,1939.89574708941,506000000
339,340,57.9805823549133,7.86977291632197,-11.709155575955,7.86557617799213,-11.702210822053,889.26348198337,831.282899628457,1939.89574708941,1997.87632944432,506000000
339,341,59.0491657606566,7.86977291632197,-11.709155575955,7.86671773436469,-11.7112127464785,890.332065389114,831.282899628457,1939.89574708941,1998.94491285006,506000000
340,81,15.657834939242,7.86557617799213,-11.702210822053,7.666711,-11.859363,904.921316922612,889.26348198337,1997.87632944432,2013.53416438356,506000000
340,82,13.2879719255435,7.86557617799213,-11.702210822053,7.86734667706941,-11.7077256360758,902.551453908914,889.26348198337,1997.87632944432,2011.16430136986,506000000
341,87,13.6151142477737,7.86671773436469,-11.7112127464785,7.87092962962908,-11.7044158886431,903.947179636887,890.332065389114,1998.94491285006,2012.56002709784,506000000
341,342,2.30311037608245,7.86671773436469,-11.7112127464785,7.86732960174496,-11.7106043368926,892.635175765196,890.332065389114,1998.94491285006,2001.24802322615,506000000
342,343,0.530683065851957,7.86732960174496,-11.7106043368926,7.86806869781058,-11.7105045227693,893.165858831048,892.635175765196,2001.24802322615,2001.778706292,506000000
342,83,11.2355011394508,7.86732960174496,-11.7106043368926,7.891162,-12.086255,903.870676904647,892.635175765196,2001.24802322615,2012.4835243656,506000000
343,86,10.2621951227792,7.86806869781058,-11.7105045227693,7.86578192903884,-11.7137480809784,903.428053953827,893.165858831048,2001.778706292,2012.04090141478,506000000
343,344,1.55102039987153,7.86806869781058,-11.7105045227693,7.86933465480124,-11.7080751639859,894.71687923092,893.165858831048,2001.778706292,2003.32972669187,506000000
344,85,9.30680313820821,7.86933465480124,-11.7080751639859,7.8698018514884,-11.7080584948319,904.023682369128,894.71687923092,2003.32972669187,2012.63652983008,506000000
344,84,10.2537527601858,7.86933465480124,-11.7080751639859,7.9538763,-11.7132483,904.970631991106,894.71687923092,2003.32972669187,2013.58347945206,506000000
345,346,73.8919459765837,8.20952729801236,-11.0728302541246,9.8682019179249,-12.431790294505,876.188824552009,802.296878575425,1910.90972603638,1984.80167201296,506000000
345,94,100.142246566365,8.20952729801236,-11.0728302541246,8.21414777561973,-11.0624511358112,902.43912514179,802.296878575425,1910.90972603638,2011.05197260274,506000000
346,93,29.5461910007402,9.8682019179249,-12.431790294505,9.86691647435993,-12.4340185198284,905.735015552749,876.188824552009,1984.80167201296,2014.3478630137,506000000
346,347,3.99822128529379,9.8682019179249,-12.431790294505,9.86857444600374,-12.427060669433,880.187045837303,876.188824552009,1984.80167201296,1988.79989329825,506000000
347,348,10.4996905030617,9.86857444600374,-12.427060669433,9.87136508776406,-12.4267580763974,890.686736340365,880.187045837303,1988.79989329825,1999.29958380131,506000000
347,349,1.32897057339549,9.86857444600374,-12.427060669433,9.87346739781316,-12.42847967972,881.516016410698,880.187045837303,1988.79989329825,1990.12886387165,506000000
348,89,15.0510189384121,9.87136508776406,-12.4267580763974,9.87151761227794,-12.4266791230247,905.737755278777,890.686736340365,1999.29958380131,2014.35060273973,506000000
348,88,15.0510189384121,9.87136508776406,-12.4267580763974,9.87317425745466,-12.4268514163369,905.737755278777,890.686736340365,1999.29958380131,2014.35060273973,506000000
349,92,24.2244785941059,9.87346739781316,-12.42847967972,9.8739349429013,-12.4288494323836,905.740495004804,881.516016410698,1990.12886387165,2014.35334246575,506000000
349,350,23.6210786250435,9.87346739781316,-12.42847967972,9.8710391071596,-12.4297064949598,905.137095035742,881.516016410698,1990.12886387165,2013.74994249669,506000000
350,90,0.597920517007465,9.8710391071596,-12.4297064949598,9.87099727058273,-12.4282607175669,905.735015552749,905.137095035742,2013.74994249669,2014.3478630137,506000000
350,91,0.600660243034822,9.8710391071596,-12.4297064949598,9.86853383216205,-12.4325449912547,905.737755278777,905.137095035742,2013.74994249669,2014.35060273973,506000000
351,352,63.2487110758718,7.01140519216802,-9.47423162466218,7.02427366374553,-9.46999778054106,860.397710957198,797.148999881326,1905.76184734228,1969.01055841815,506000000
351,353,95.316338664169,7.01140519216802,-9.47423162466218,7.00427619396867,-9.46544471069221,892.465338545495,797.148999881326,1905.76184734228,2001.07818600644,506000000
352,96,48.3263456914423,7.02427366374553,-9.46999778054106,6.99330043557003,-9.47235332866745,908.72405664864,860.397710957198,1969.01055841815,2017.33690410959,506000000
352,95,47.2707801550998,7.02427366374553,-9.46999778054106,7.24306,-8.87194,907.668491112297,860.397710957198,1969.01055841815,2016.28133857325,506000000
353,100,10.0587181031451,7.00427619396867,-9.46544471069221,6.98986,-9.580031,902.52405664864,892.465338545495,2001.07818600644,2011.13690410959,506000000
353,354,2.95491312676021,7.00427619396867,-9.46544471069221,7.00308286407472,-9.46675341826716,895.420251672255,892.465338545495,2001.07818600644,2004.0330991332,506000000
354,99,13.0846268941932,7.00308286407472,-9.46675341826716,6.99145975919694,-9.47232719199173,908.504878566448,895.420251672255,2004.0330991332,2017.1177260274,506000000
354,355,1.21904134542994,7.00308286407472,-9.46675341826716,7.00087647166122,-9.47050653752812,896.639293017685,895.420251672255,2004.0330991332,2005.25214047863,506000000
355,97,10.9007827940659,7.00087647166122,-9.47050653752812,6.99892183899031,-9.46771644448498,907.540075811751,896.639293017685,2005.25214047863,2016.1529232727,506000000
355,98,6.02996911040696,7.00087647166122,-9.47050653752812,6.99744413380113,-9.47603488543918,902.669262128092,896.639293017685,2005.25214047863,2011.28210958904,506000000
356,357,77.5644336490315,6.29125471195212,8.01500765576274,6.30478719652124,8.02553540221523,753.690159305699,676.125725656667,1784.73857311762,1862.30300676665,506000000
356,507,66.2002928689588,6.29125471195212,8.01500765576274,6.16267937553408,7.81881050861224,742.326018525626,676.125725656667,1784.73857311762,1850.93886598658,506000000
357,496,96.0230587596078,6.30478719652124,8.02553540221523,6.36155965909202,8.10904032770542,849.713218065307,753.690159305699,1862.30300676665,1958.32606552626,506000000
357,358,41.9644235805702,6.30478719652124,8.02553540221523,6.19596985910399,6.75239535970027,795.654582886269,753.690159305699,1862.30300676665,1904.26743034722,506000000
358,359,50.9768758328969,6.19596985910399,6.75239535970027,6.16520680762697,6.78735656655085,846.631458719166,795.654582886269,1904.26743034722,1955.24430618012,506000000
358,364,45.1876587024597,6.19596985910399,6.75239535970027,6.18762326078619,6.7445107587104,840.842241588729,795.654582886269,1904.26743034722,1949.45508904968,506000000
359,360,4.18832234410201,6.16520680762697,6.78735656655085,8.88985846478979,11.3597828339788,850.819781063268,846.631458719166,1955.24430618012,1959.43262852422,506000000
359,106,18.9166250435527,6.16520680762697,6.78735656655085,6.166667,6.783333,865.548083762719,846.631458719166,1955.24430618012,1974.16093122367,506000000
360,363,34.6471246340002,8.88985846478979,11.3597828339788,8.89801684113699,11.360876024712,885.466905697268,850.819781063268,1959.43262852422,1994.07975315822,506000000
360,361,15.9520229161557,8.88985846478979,11.3597828339788,8.88634488665355,11.3547545847906,866.771803979424,850.819781063268,1959.43262852422,1975.38465144037,506000000
361,101,37.7906088335998,8.88634488665355,11.3547545847906,8.88872538594294,11.3543917175827,904.562412813023,866.771803979424,1975.38465144037,2013.17526027397,506000000
361,362,8.86076040603457,8.88634488665355,11.3547545847906,8.89794041310078,11.3595626882351,875.632564385458,866.771803979424,1975.38465144037,1984.24541184641,506000000
362,103,27.8583310984237,8.89794041310078,11.3595626882351,8.89088031098822,11.3567319293518,903.490895483882,875.632564385458,1984.24541184641,2012.10374294483,506000000
362,102,33.8476566467433,8.89794041310078,11.3595626882351,8.89608884961453,11.3583498585335,909.480221032201,875.632564385458,1984.24541184641,2018.09306849315,506000000
363,105,21.9310936117506,8.89801684113699,11.360876024712,7.251211,9.976395,907.397999309019,885.466905697268,1994.07975315822,2016.01084676997,506000000
363,104,18.0294542674882,8.89801684113699,11.360876024712,8.89682324940253,11.3606046137754,903.496359964756,885.466905697268,1994.07975315822,2012.10920742571,506000000
364,494,47.3384808375739,6.18762326078619,6.7445107587104,6.196410634073,6.72797979963068,888.180722426303,840.842241588729,1949.45508904968,1996.79356988725,506000000
364,365,8.75874841644821,6.18762326078619,6.7445107587104,6.19935295527096,6.74562246628018,849.600990005177,840.842241588729,1949.45508904968,1958.21383746613,506000000
365,493,34.8291001516239,6.19935295527096,6.74562246628018,6.19899247988056,6.74124867094889,884.430090156801,849.600990005177,1958.21383746613,1993.04293761775,506000000
365,366,10.2527563192515,6.19935295527096,6.74562246628018,6.20782130790765,6.74280814632162,859.853746324428,849.600990005177,1958.21383746613,1968.46659378538,506000000
366,371,6.34475530875734,6.20782130790765,6.74280814632162,6.73183330257782,6.2029178933166,866.198501633186,859.853746324428,1968.46659378538,1974.81134909414,506000000
366,367,1.61198994547681,6.20782130790765,6.74280814632162,6.21181847297206,6.75335931415358,861.465736269905,859.853746324428,1968.46659378538,1970.07858373085,506000000
367,368,14.8953228832256,6.21181847297206,6.75335931415358,6.66798780001568,6.3569804921467,876.361059153131,861.465736269905,1970.07858373085,1984.97390661408,506000000
367,369,20.3287623985199,6.21181847297206,6.75335931415358,6.20426105043694,6.73196381808387,881.794498668425,861.465736269905,1970.07858373085,1990.40734612937,506000000
368,108,33.0753262626322,6.66798780001568,6.3569804921467,7.098654,6.678859,909.436385415763,876.361059153131,1984.97390661408,2018.04923287671,506000000
368,107,33.094504344824,6.66798780001568,6.3569804921467,6.65577560891479,6.38353171857904,909.455563497955,876.361059153131,1984.97390661408,2018.0684109589,506000000
369,370,12.5399661545032,6.20426105043694,6.73196381808387,6.4476355854027,6.72490443714096,894.334464822928,881.794498668425,1990.40734612937,2002.94731228388,506000000
369,111,21.9969432635443,6.20426105043694,6.73196381808387,6.2005248123172,6.73155160773482,903.791441931969,881.794498668425,1990.40734612937,2012.40428939292,506000000
370,109,15.1293178531088,6.4476355854027,6.72490443714096,6.452245,6.728375,909.463782676037,894.334464822928,2002.94731228388,2018.07663013699,506000000
370,110,15.1676740174922,6.4476355854027,6.72490443714096,6.452608,6.726605,909.50213884042,894.334464822928,2002.94731228388,2018.11498630137,506000000
371,394,2.74760191281911,6.73183330257782,6.2029178933166,6.73878706858663,6.20186417081397,868.946103546005,866.198501633186,1974.81134909414,1977.55895100695,506000000
371,372,1.41430511410027,6.73183330257782,6.2029178933166,6.7346823695872,6.2049479685029,867.612806747286,866.198501633186,1974.81134909414,1976.22565420824,506000000
372,373,11.9587940307193,6.7346823695872,6.2049479685029,6.74124738763815,6.2129837178123,879.571600778005,867.612806747286,1976.22565420824,1988.18444823895,506000000
372,385,1.100543742597,6.7346823695872,6.2049479685029,6.76939355619127,6.24274974682473,868.713350489883,867.612806747286,1976.22565420824,1977.32619795083,506000000
373,374,2.15317451452464,6.74124738763815,6.2129837178123,6.74232753034059,6.21891843960036,881.72477529253,879.571600778005,1988.18444823895,1990.33762275348,506000000
373,376,5.17004404121314,6.74124738763815,6.2129837178123,6.70977499464408,6.32565101723481,884.741644819218,879.571600778005,1988.18444823895,1993.35449228017,506000000
374,114,28.7499662876168,6.74232753034059,6.21891843960036,6.73466100940397,6.22634135490977,910.474741580147,881.72477529253,1990.33762275348,2019.0875890411,506000000
374,375,13.532746851316,6.74232753034059,6.21891843960036,6.75003441695474,6.21637746836692,895.257522143846,881.72477529253,1990.33762275348,2003.8703696048,506000000
375,113,12.2524990230961,6.75003441695474,6.21637746836692,6.751025446131,6.21831871989634,907.510021166942,895.257522143846,2003.8703696048,2016.12286862789,506000000
375,112,15.1487262856157,6.75003441695474,6.21637746836692,6.70946560600327,6.3332608629304,910.406248429462,895.257522143846,2003.8703696048,2019.01909589041,506000000
376,377,4.90555906215982,6.70977499464408,6.32565101723481,6.71428954507762,6.33003997710902,889.647203881378,884.741644819218,1993.35449228017,1998.26005134233,506000000
376,382,9.70840501769853,6.70977499464408,6.32565101723481,6.70900124385109,6.3276059030249,894.450049836917,884.741644819218,1993.35449228017,2003.06289729787,506000000
377,378,9.93994048756993,6.71428954507762,6.33003997710902,6.71435180793864,6.33059174199725,899.587144368948,889.647203881378,1998.26005134233,2008.1999918299,506000000
377,381,11.1940781840336,6.71428954507762,6.33003997710902,6.71301121679916,6.32788018326141,900.841282065412,889.647203881378,1998.26005134233,2009.45412952636,506000000
378,379,8.53631178974205,6.71435180793864,6.33059174199725,6.71344418359449,6.32650684677081,908.12345615869,899.587144368948,2008.1999918299,2016.73630361964,506000000
378,380,2.07199546552787,6.71435180793864,6.33059174199725,6.71227111807586,6.32667428014162,901.659139834476,899.587144368948,2008.1999918299,2010.27198729543,506000000
379,116,1.40060048994964,6.71344418359449,6.32650684677081,6.7140879103136,6.32657902249463,909.52405664864,908.12345615869,2016.73630361964,2018.13690410959,506000000
379,115,1.3677237776209,6.71344418359449,6.32650684677081,6.70824658989737,6.3307006021358,909.491179936311,908.12345615869,2016.73630361964,2018.10402739726,506000000
380,118,8.7717661292323,6.71227111807586,6.32667428014162,6.71523551630728,6.32582323818771,910.430905963708,901.659139834476,2010.27198729543,2019.04375342466,506000000
380,117,8.90601270457463,6.71227111807586,6.32667428014162,6.71244039161996,6.32952846572544,910.565152539051,901.659139834476,2010.27198729543,2019.178,506000000
381,120,8.67729513117303,6.71301121679916,6.32788018326141,6.71433227269789,6.32565155854892,909.518577196585,900.841282065412,2009.45412952636,2018.13142465753,506000000
381,119,8.64441841884429,6.71301121679916,6.32788018326141,6.71334707301718,6.32858269032628,909.485700484256,900.841282065412,2009.45412952636,2018.09854794521,506000000
382,383,11.8526249904653,6.70900124385109,6.3276059030249,6.70881134475401,6.33042610750111,906.302674827382,894.450049836917,2003.06289729787,2014.91552228833,506000000
382,121,16.0904451678873,6.70900124385109,6.3276059030249,7.07021123817855,6.27109523189423,910.540495004804,894.450049836917,2003.06289729787,2019.15334246575,506000000
383,384,1.86091733900379,6.70881134475401,6.33042610750111,6.7103375738277,6.32912629403518,908.163592166386,906.302674827382,2014.91552228833,2016.77643962734,506000000
383,122,3.26795716372338,6.70881134475401,6.33042610750111,6.70804390342761,6.33317537879883,909.570631991106,906.302674827382,2014.91552228833,2018.18347945206,506000000
384,124,1.40430009869223,6.7103375738277,6.32912629403518,6.71094780252779,6.32976866092619,909.567892265078,908.163592166386,2016.77643962734,2018.18073972603,506000000
384,123,2.31388913978807,6.7103375738277,6.32912629403518,6.71656950759657,6.33277898832234,910.477481306174,908.163592166386,2016.77643962734,2019.09032876712,506000000
385,386,12.8760423961964,6.76939355619127,6.24274974682473,7.06279688360556,6.26941279504286,881.589392886079,868.713350489883,1977.32619795083,1990.20224034703,506000000
385,388,16.7166584181899,6.76939355619127,6.24274974682473,6.74239651262327,6.1309095718684,885.430008908073,868.713350489883,1977.32619795083,1994.04285636902,506000000
386,387,5.83696817920286,7.06279688360556,6.26941279504286,7.06207905248827,6.2678475805301,887.426361065282,881.589392886079,1990.20224034703,1996.03920852623,506000000
386,127,28.9702802009166,7.06279688360556,6.26941279504286,7.06334200472262,6.26572955106024,910.559673086996,881.589392886079,1990.20224034703,2019.17252054795,506000000
387,125,22.0702983230836,7.06207905248827,6.2678475805301,7.06837929412392,6.26592951250065,909.496659388366,887.426361065282,1996.03920852623,2018.10950684932,506000000
387,126,21.9826270902068,7.06207905248827,6.2678475805301,7.0623117792244,6.26657420199458,909.408988155489,887.426361065282,1996.03920852623,2018.02183561644,506000000
388,128,25.1241847268683,6.74239651262327,6.1309095718684,7.20179738725049,5.58419055681976,910.554193634941,885.430008908073,1994.04285636902,2019.16704109589,506000000
388,389,1.41751376875278,6.74239651262327,6.1309095718684,6.74567586848299,6.13116012230636,886.847522676826,885.430008908073,1994.04285636902,1995.46037013778,506000000
389,392,17.6187219730176,6.74567586848299,6.13116012230636,6.74668712024105,6.1309727109556,904.466244649843,886.847522676826,1995.46037013778,2013.07909211079,506000000
389,390,8.50172856053911,6.74567586848299,6.13116012230636,6.74987710033131,6.13293506890761,895.349251237365,886.847522676826,1995.46037013778,2003.96209869831,506000000
390,391,5.81695155229483,6.74987710033131,6.13293506890761,6.75074108584512,6.13200228040639,901.16620278966,895.349251237365,2003.96209869831,2009.77905025061,506000000
390,129,14.2104218496311,6.74987710033131,6.13293506890761,6.75467132333868,6.13730624936553,909.559673086996,895.349251237365,2003.96209869831,2018.17252054795,506000000
391,130,4.28662098226779,6.75074108584512,6.13200228040639,6.75229484148239,6.21998296020853,905.452823771927,901.16620278966,2009.77905025061,2014.06567123288,506000000
391,131,9.28662098226779,6.75074108584512,6.13200228040639,6.74968059658363,6.13210422265742,910.452823771927,901.16620278966,2009.77905025061,2019.06567123288,506000000
392,393,4.10406108959393,6.74668712024105,6.1309727109556,6.75356754965677,6.13106337561691,908.570305739437,904.466244649843,2013.07909211079,2017.18315320039,506000000
392,132,5.04411336865951,6.74668712024105,6.1309727109556,7.113571,6.327094,909.510358018503,904.466244649843,2013.07909211079,2018.12320547945,506000000
393,133,0.912655018791547,6.75356754965677,6.13106337561691,6.75393416530124,6.13097176905984,909.482960758229,908.570305739437,2017.18315320039,2018.09580821918,506000000
393,134,0.885257758517518,6.75356754965677,6.13106337561691,6.7533168927775,6.12931849930105,909.455563497955,908.570305739437,2017.18315320039,2018.0684109589,506000000
394,437,0.390341765148143,6.73878706858663,6.20186417081397,6.74017782666147,6.20036016119527,869.336445311153,868.946103546005,1977.55895100695,1977.9492927721,506000000
394,395,1.5506404364652,6.73878706858663,6.20186417081397,6.80814269576494,6.22749519531063,870.49674398247,868.946103546005,1977.55895100695,1979.10959144342,506000000
395,397,2.2038635243155,6.80814269576494,6.22749519531063,6.80753475033057,6.2264530115664,872.700607506785,870.49674398247,1979.10959144342,1981.31345496773,506000000
395,396,5.047607775297,6.80814269576494,6.22749519531063,6.8047361619501,6.22502448083735,875.544351757767,870.49674398247,1979.10959144342,1984.15719921872,506000000
396,135,23.9328648269977,6.8047361619501,6.22502448083735,6.71067674043812,6.32495226557367,899.477216584765,875.544351757767,1984.15719921872,2008.09006404571,506000000
396,136,33.9632665347085,6.8047361619501,6.22502448083735,6.947775,5.91429,909.507618292475,875.544351757767,1984.15719921872,2018.12046575342,506000000
397,398,11.8166871350128,6.80753475033057,6.2264530115664,6.80791736269284,6.2254051758934,884.517294641798,872.700607506785,1981.31345496773,1993.13014210275,506000000
397,137,37.8097505117173,6.80753475033057,6.2264530115664,7.06314473772938,6.26421719562928,910.510358018503,872.700607506785,1981.31345496773,2019.12320547945,506000000
398,138,25.8916935136907,6.80791736269284,6.2254051758934,7.457113,5.799837,910.408988155489,884.517294641798,1993.13014210275,2019.02183561644,506000000
398,399,0.819355874922497,6.80791736269284,6.2254051758934,6.9197240858805,5.77284056477835,885.336650516721,884.517294641798,1993.13014210275,1993.94949797767,506000000
399,400,1.89529223660347,6.9197240858805,5.77284056477835,6.92396945768018,5.77190258038978,887.231942753324,885.336650516721,1993.94949797767,1995.84479021427,506000000
399,436,3.26393228392233,6.9197240858805,5.77284056477835,6.92060134173335,5.77177334970719,888.600582800643,885.336650516721,1993.94949797767,1997.21343026159,506000000
400,403,6.42704322292133,6.92396945768018,5.77190258038978,7.1975409971145,5.59048721816406,893.658985976246,887.231942753324,1995.84479021427,2002.2718334372,506000000
400,401,4.7194231703187,6.92396945768018,5.77190258038978,6.92338899001859,5.77181529162344,891.951365923643,887.231942753324,1995.84479021427,2000.56421338459,506000000
401,402,16.3219588699417,6.92338899001859,5.77181529162344,6.92381815924798,5.77118287369673,908.273324793585,891.951365923643,2000.56421338459,2016.88617225453,506000000
401,139,14.0411838756818,6.92338899001859,5.77181529162344,6.92770990373113,5.77876930795338,905.992549799325,891.951365923643,2000.56421338459,2014.60539726027,506000000
402,140,2.17127980026063,6.92381815924798,5.77118287369673,6.92237998208703,5.76964755366078,910.444604593845,908.273324793585,2016.88617225453,2019.05745205479,506000000
402,141,1.22607432080846,6.92381815924798,5.77118287369673,6.92485726566036,5.7730367363357,909.499399114393,908.273324793585,2016.88617225453,2018.11224657534,506000000
403,404,8.62773717540979,7.1975409971145,5.59048721816406,7.20047442641988,5.5850000087827,902.286723151655,893.658985976246,2002.2718334372,2010.8995706126,506000000
403,419,2.06717694689326,7.1975409971145,5.59048721816406,7.19927144467208,5.58743461479391,895.726162923139,893.658985976246,2002.2718334372,2004.33901038409,506000000
404,405,0.266111619999604,7.20047442641988,5.5850000087827,7.19938703630272,5.58666532225372,902.552834771655,902.286723151655,2010.8995706126,2011.1656822326,506000000
404,418,0.216028295120482,7.20047442641988,5.5850000087827,7.20032212550264,5.58554328387673,902.502751446776,902.286723151655,2010.8995706126,2011.11559890773,506000000
405,406,0.0516940899041263,7.19938703630272,5.58666532225372,7.1988014299325,5.58680583784985,902.604528861559,902.552834771655,2011.1656822326,2011.21737632251,506000000
405,409,0.292321337039445,7.19938703630272,5.58666532225372,7.19727778113574,5.58625247924755,902.845156108694,902.552834771655,2011.1656822326,2011.45800356964,506000000
406,407,3.23225594579957,7.1988014299325,5.58680583784985,7.19570888673273,5.58503455869179,905.836784807359,902.604528861559,2011.21737632251,2014.44963226831,506000000
406,145,7.89760997886139,7.1988014299325,5.58680583784985,7.1975728827714,5.58641215858019,910.50213884042,902.604528861559,2011.21737632251,2019.11498630137,506000000
407,144,3.65713485497974,7.19570888673273,5.58503455869179,7.19521713031357,5.58551549728122,909.493919662338,905.836784807359,2014.44963226831,2018.10676712329,506000000
407,408,0.322221517047727,7.19570888673273,5.58503455869179,7.19533504707099,5.5890414445472,906.159006324406,905.836784807359,2014.44963226831,2014.77185378536,506000000
408,142,4.27463936532925,7.19533504707099,5.5890414445472,7.19798237580792,5.58971461237411,910.433645689736,906.159006324406,2014.77185378536,2019.04649315069,506000000
408,143,3.25820100916487,7.19533504707099,5.5890414445472,7.1957563690716,5.58898820578412,909.417207333571,906.159006324406,2014.77185378536,2018.03005479452,506000000
409,155,6.66520190980837,7.19727778113574,5.58625247924755,7.62692,5.21561,909.510358018503,902.845156108694,2011.45800356964,2018.12320547945,506000000
409,410,0.70971980212442,7.19727778113574,5.58625247924755,7.19731436951173,5.58501300841464,903.554875910819,902.845156108694,2011.45800356964,2012.16772337177,506000000
410,414,0.206628689558049,7.19731436951173,5.58501300841464,7.19755494505023,5.58492343333531,903.761504600377,903.554875910819,2012.16772337177,2012.37435206133,506000000
410,411,0.414626123039938,7.19731436951173,5.58501300841464,7.19992804262782,5.58633252345646,903.969502033859,903.554875910819,2012.16772337177,2012.58234949481,506000000
411,412,1.72789458470891,7.19992804262782,5.58633252345646,7.19702780623198,5.58697346023642,905.697396618568,903.969502033859,2012.58234949481,2014.31024407952,506000000
411,146,6.47784228601388,7.19992804262782,5.58633252345646,7.19442936884528,5.58775334606547,910.447344319873,903.969502033859,2012.58234949481,2019.06019178082,506000000
412,413,1.58769407705878,7.19702780623198,5.58697346023642,7.19688585147571,5.57821538505034,907.285090695627,905.697396618568,2014.31024407952,2015.89793815658,506000000
412,147,1.39652304377064,7.19702780623198,5.58697346023642,7.19704647723057,5.58734482438409,907.093919662338,905.697396618568,2014.31024407952,2015.70676712329,506000000
413,148,3.19787006260229,7.19688585147571,5.57821538505034,7.19471202343731,5.58581905894364,910.482960758229,907.285090695627,2015.89793815658,2019.09580821918,506000000
413,149,2.14581526808182,7.19688585147571,5.57821538505034,7.19759888116355,5.58241318280723,909.430905963708,907.285090695627,2015.89793815658,2018.04375342466,506000000
414,415,0.685316626818837,7.19755494505023,5.58492343333531,7.1925182317715,5.59003416549422,904.446821227196,903.761504600377,2012.37435206133,2013.05966868815,506000000
414,417,2.73691633056922,7.19755494505023,5.58492343333531,7.19887197181771,5.58470158152968,906.498420930946,903.761504600377,2012.37435206133,2015.1112683919,506000000
415,150,6.11559158582753,7.1925182317715,5.59003416549422,7.19282821133646,5.59096418976147,910.562412813023,904.446821227196,2013.05966868815,2019.17526027397,506000000
415,416,0.0456321428367392,7.1925182317715,5.59003416549422,7.19596294922774,5.58909434199217,904.492453370033,904.446821227196,2013.05966868815,2013.10530083098,506000000
416,152,5.97132930600456,7.19596294922774,5.58909434199217,7.19847435932204,5.58318664595817,910.463782676037,904.492453370033,2013.10530083098,2019.07663013699,506000000
416,151,6.05352108682642,7.19596294922774,5.58909434199217,7.2017630040973,5.58990338571574,910.545974456859,904.492453370033,2013.10530083098,2019.15882191781,506000000
417,154,3.01193708755668,7.19887197181771,5.58470158152968,7.19254156709298,5.58532579851862,909.510358018503,906.498420930946,2015.1112683919,2018.12320547945,506000000
417,153,3.01193708755668,7.19887197181771,5.58470158152968,7.19937538485265,5.58328084524703,909.510358018503,906.498420930946,2015.1112683919,2018.12320547945,506000000
418,156,6.99116821556256,7.20032212550264,5.58554328387673,7.19460507621637,5.58776652025799,909.493919662338,902.502751446776,2011.11559890773,2018.10676712329,506000000
418,157,6.9802093114529,7.20032212550264,5.58554328387673,7.19346269224119,5.59131736351604,909.482960758229,902.502751446776,2011.11559890773,2018.09580821918,506000000
419,420,1.20662757453394,7.19927144467208,5.58743461479391,7.19929029582174,5.58633000760797,896.932790497673,895.726162923139,2004.33901038409,2005.54563795862,506000000
419,434,1.58059484552271,7.19927144467208,5.58743461479391,7.19631654812839,5.58798435881587,897.306757768662,895.726162923139,2004.33901038409,2005.91960522961,506000000
420,426,0.241761500732409,7.19929029582174,5.58633000760797,7.19830555183513,5.58605791988719,897.174551998405,896.932790497673,2005.54563795862,2005.78739945935,506000000
420,421,1.08009723039939,7.19929029582174,5.58633000760797,7.19733563953958,5.58675971353076,898.012887728072,896.932790497673,2005.54563795862,2006.62573518902,506000000
421,424,1.00525496608637,7.19733563953958,5.58675971353076,7.19677118597669,5.59094419739769,899.018142694159,898.012887728072,2006.62573518902,2007.63099015511,506000000
421,422,4.85880395163257,7.19733563953958,5.58675971353076,7.19696730705917,5.58859406345767,902.871691679705,898.012887728072,2006.62573518902,2011.48453914065,506000000
422,160,6.60852935249666,7.19696730705917,5.58859406345767,7.2013024703919,5.59143929412665,909.480221032201,902.871691679705,2011.48453914065,2018.09306849315,506000000
422,423,0.940958007319542,7.19696730705917,5.58859406345767,7.19304053497082,5.58638802098462,903.812649687024,902.871691679705,2011.48453914065,2012.42549714797,506000000
423,159,6.63195490682102,7.19304053497082,5.58638802098462,7.19324843786922,5.58216125147295,910.444604593845,903.812649687024,2012.42549714797,2019.05745205479,506000000
423,158,5.67579052325919,7.19304053497082,5.58638802098462,7.20082586462885,5.58298876639396,909.488440210283,903.812649687024,2012.42549714797,2018.10128767123,506000000
424,161,9.68947559831694,7.19677118597669,5.59094419739769,7.20202289527232,5.58666237850551,908.707618292475,899.018142694159,2007.63099015511,2017.32046575342,506000000
424,425,9.26804788639754,7.19677118597669,5.59094419739769,7.19726572371691,5.59076746709809,908.286190580556,899.018142694159,2007.63099015511,2016.89903804151,506000000
425,163,2.26252360233017,7.19726572371691,5.59076746709809,7.839884,5.857344,910.548714182886,908.286190580556,2016.89903804151,2019.16156164384,506000000
425,162,1.218687985892,7.19726572371691,5.59076746709809,7.19731460544324,5.59113992852252,909.504878566448,908.286190580556,2016.89903804151,2018.1177260274,506000000
426,164,12.2590936913305,7.19830555183513,5.58605791988719,8.84538,7.87839,909.433645689736,897.174551998405,2005.78739945935,2018.04649315069,506000000
426,427,1.29709168292022,7.19830555183513,5.58605791988719,7.19898147472381,5.58639392939186,898.471643681325,897.174551998405,2005.78739945935,2007.08449114228,506000000
427,428,2.47572173422648,7.19898147472381,5.58639392939186,6.74648095058273,5.4060697242684,900.947365415552,898.471643681325,2007.08449114228,2009.5602128765,506000000
427,429,3.52077575730534,7.19898147472381,5.58639392939186,7.20073810630154,5.58456381456266,901.992419438631,898.471643681325,2007.08449114228,2010.60526689958,506000000
428,166,9.58765013719734,6.74648095058273,5.4060697242684,7.08718066626886,4.79806503325777,910.535015552749,900.947365415552,2009.5602128765,2019.1478630137,506000000
428,165,9.48902000021111,6.74648095058273,5.4060697242684,6.733367,5.401827,910.436385415763,900.947365415552,2009.5602128765,2019.04923287671,506000000
429,430,0.41495824110112,7.20073810630154,5.58456381456266,7.19845673935409,5.58341838905421,902.407377679732,901.992419438631,2010.60526689958,2011.02022514068,506000000
429,172,5.55858533486876,7.20073810630154,5.58456381456266,7.1987548003697,5.59119095371506,907.551004773499,901.992419438631,2010.60526689958,2016.16385223445,506000000
430,171,7.09750088671621,7.19845673935409,5.58341838905421,7.1970279646936,5.58344224855202,909.504878566448,902.407377679732,2011.02022514068,2018.1177260274,506000000
430,431,0.943704035281937,7.19845673935409,5.58341838905421,7.19846552167752,5.58254636567382,903.351081715014,902.407377679732,2011.02022514068,2011.96392917596,506000000
431,433,0.477017731205057,7.19846552167752,5.58254636567382,7.19779965992775,5.58226813660516,903.828099446219,903.351081715014,2011.96392917596,2012.44094690717,506000000
431,432,2.02937520709325,7.19846552167752,5.58254636567382,7.19961907852305,5.58279396068496,905.380456922107,903.351081715014,2011.96392917596,2013.99330438306,506000000
432,167,3.05592849365595,7.19961907852305,5.58279396068496,7.19906286839396,5.58266652971255,908.436385415763,905.380456922107,2013.99330438306,2017.04923287671,506000000
432,168,4.04496958954629,7.19961907852305,5.58279396068496,7.20046132329553,5.58458898353201,909.425426511653,905.380456922107,2013.99330438306,2018.0382739726,506000000
433,170,5.67403939420163,7.19779965992775,5.58226813660516,7.20119152221106,5.5815548228656,909.50213884042,903.828099446219,2012.44094690717,2018.11498630137,506000000
433,169,6.62472432570851,7.19779965992775,5.58226813660516,7.20042016638878,5.59145797161772,910.452823771927,903.828099446219,2012.44094690717,2019.06567123288,506000000
434,435,0.682855809186718,7.19631654812839,5.58798435881587,7.19378411357824,5.58795927881066,897.989613577848,897.306757768662,2005.91960522961,2006.6024610388,506000000
434,175,13.1488057292932,7.19631654812839,5.58798435881587,7.19591926664257,5.59132048552401,910.455563497955,897.306757768662,2005.91960522961,2019.0684109589,506000000
435,173,12.468689646134,7.19378411357824,5.58795927881066,6.33444099945055,5.62609835515774,910.458303223982,897.989613577848,2006.6024610388,2019.07115068493,506000000
435,174,12.3947170433943,7.19378411357824,5.58795927881066,7.19283989671271,5.58623407283444,910.384330621242,897.989613577848,2006.6024610388,2018.99717808219,506000000
436,176,18.6330628890925,6.92060134173335,5.77177334970719,6.93029005379749,5.77362980348359,907.233645689736,888.600582800643,1997.21343026159,2015.84649315069,506000000
436,177,20.9453916562158,6.92060134173335,5.77177334970719,6.85219831943157,5.60143705865019,909.545974456859,888.600582800643,1997.21343026159,2018.15882191781,506000000
437,178,40.0944606525554,6.74017782666147,6.20036016119527,7.80207,6.74365,909.430905963708,869.336445311153,1977.9492927721,2018.04375342466,506000000
437,438,2.46364217493689,6.74017782666147,6.20036016119527,6.74224184738074,6.20152156909711,871.80008748609,869.336445311153,1977.9492927721,1980.41293494704,506000000
438,439,2.239931188706,6.74224184738074,6.20152156909711,6.7422900057623,6.20121572196893,874.040018674796,871.80008748609,1980.41293494704,1982.65286613575,506000000
438,467,6.0660392018966,6.74224184738074,6.20152156909711,6.73882423896573,6.20339970923634,877.866126687986,871.80008748609,1980.41293494704,1986.47897414894,506000000
439,442,1.15526037456691,6.7422900057623,6.20121572196893,6.92355433364964,5.78584895508928,875.195279049363,874.040018674796,1982.65286613575,1983.80812651031,506000000
439,440,1.46728757799524,6.7422900057623,6.20121572196893,6.745221107491,6.20653072625532,875.507306252791,874.040018674796,1982.65286613575,1984.12015371374,506000000
440,441,19.3699534418253,6.745221107491,6.20653072625532,6.73529038457364,6.21242207007284,894.877259694616,875.507306252791,1984.12015371374,2003.49010715557,506000000
440,181,34.9318188889993,6.745221107491,6.20653072625532,6.754196,6.054167,910.43912514179,875.507306252791,1984.12015371374,2019.05197260274,506000000
441,179,15.6385777759412,6.73529038457364,6.21242207007284,6.74285775284606,6.22125116268021,910.515837470557,894.877259694616,2003.49010715557,2019.12868493151,506000000
441,180,15.5372079129276,6.73529038457364,6.21242207007284,6.74804632518215,6.12973517952285,910.414467607544,894.877259694616,2003.49010715557,2019.02731506849,506000000
442,464,14.3691990805738,6.92355433364964,5.78584895508928,6.93102697519925,5.77385737197958,889.564478129936,875.195279049363,1983.80812651031,1998.17732559089,506000000
442,443,0.762161437361989,6.92355433364964,5.78584895508928,6.92422370737347,5.78660966385754,875.957440486725,875.195279049363,1983.80812651031,1984.57028794767,506000000
443,444,0.661051590179142,6.92422370737347,5.78660966385754,7.08626811184357,6.28657274941864,876.618492076904,875.957440486725,1984.57028794767,1985.23133953785,506000000
443,460,21.2752670538966,6.92422370737347,5.78660966385754,6.9221522616529,5.77695366951141,897.232707540621,875.957440486725,1984.57028794767,2005.84555500157,506000000
444,445,0.781858117190225,7.08626811184357,6.28657274941864,7.085959507785,6.28453186764149,877.400350194094,876.618492076904,1985.23133953785,1986.01319765504,506000000
444,458,20.269655105812,7.08626811184357,6.28657274941864,7.08634387548867,6.27945979751404,896.888147182716,876.618492076904,1985.23133953785,2005.50099464367,506000000
445,446,0.0476869177147563,7.085959507785,6.28453186764149,7.08655128784968,6.28495583403682,877.448037111809,877.400350194094,1986.01319765504,1986.06088457276,506000000
445,453,1.81046376219372,7.085959507785,6.28453186764149,7.08490135409057,6.28004433046545,879.210813956288,877.400350194094,1986.01319765504,1987.82366141724,506000000
446,447,0.745022313443904,7.08655128784968,6.28495583403682,7.08808185258596,6.28608599813681,878.193059425253,877.448037111809,1986.06088457276,1986.8059068862,506000000
446,189,29.9472299567725,7.08655128784968,6.28495583403682,6.75468752084555,6.22017992371867,907.395267068581,877.448037111809,1986.06088457276,2016.00811452953,506000000
447,451,5.5986199593827,7.08808185258596,6.28608599813681,7.0853142558375,6.28332400324468,883.791679384635,878.193059425253,1986.8059068862,1992.40452684558,506000000
447,448,0.77656248523023,7.08808185258596,6.28608599813681,7.08835186217113,6.28602281105301,878.969621910483,878.193059425253,1986.8059068862,1987.58246937143,506000000
448,449,28.1775315083101,7.08835186217113,6.28602281105301,7.08094017013799,6.29070727366539,907.147153418793,878.969621910483,1987.58246937143,2015.76000087974,506000000
448,450,13.9735829361499,7.08835186217113,6.28602281105301,7.08847089258,6.2847996042163,892.943204846633,878.969621910483,1987.58246937143,2001.55605230758,506000000
449,182,2.30567035313435,7.08094017013799,6.29070727366539,7.0798142117915,6.2873778345267,909.452823771927,907.147153418793,2015.76000087974,2018.06567123288,506000000
449,183,3.39334158601115,7.08094017013799,6.29070727366539,7.07904239837763,6.28037200737254,910.540495004804,907.147153418793,2015.76000087974,2019.15334246575,506000000
450,185,17.4904408431028,7.08847089258,6.2847996042163,7.06467573391672,6.26900047558229,910.433645689736,892.943204846633,2001.55605230758,2019.04649315069,506000000
450,184,17.6027696102261,7.08847089258,6.2847996042163,7.08428158842933,6.28288690094011,910.545974456859,892.943204846633,2001.55605230758,2019.15882191781,506000000
451,186,24.6146025720256,7.0853142558375,6.28332400324468,7.088383,6.290372,908.406281956661,883.791679384635,1992.40452684558,2017.01912941761,506000000
451,452,11.5262257012809,7.0853142558375,6.28332400324468,7.08191096985763,6.27680139921855,895.317905085916,883.791679384635,1992.40452684558,2003.93075254687,506000000
452,188,15.1239597819016,7.08191096985763,6.27680139921855,7.06271227408243,6.26876793434739,910.441864867818,895.317905085916,2003.93075254687,2019.05471232877,506000000
452,187,15.1677953983398,7.08191096985763,6.27680139921855,7.06386404147309,6.26306227773901,910.485700484256,895.317905085916,2003.93075254687,2019.09854794521,506000000
453,454,6.33991922993708,7.08490135409057,6.28004433046545,7.08372701877901,6.28192592476236,885.550733186225,879.210813956288,1987.82366141724,1994.16358064717,506000000
453,455,10.2516621866253,7.08490135409057,6.28004433046545,7.08413510027842,6.28346307371261,889.462476142913,879.210813956288,1987.82366141724,1998.07532360386,506000000
454,191,23.987022092552,7.08372701877901,6.28192592476236,7.06271063579991,6.26439392514661,909.537755278777,885.550733186225,1994.16358064717,2018.15060273973,506000000
454,190,23.9733234624149,7.08372701877901,6.28192592476236,7.218593,6.334514,909.52405664864,885.550733186225,1994.16358064717,2018.13690410959,506000000
455,192,20.987607902987,7.08413510027842,6.28346307371261,7.08715158092637,6.28526327155292,910.4500840459,889.462476142913,1998.07532360386,2019.06293150685,506000000
455,456,1.29040748198226,7.08413510027842,6.28346307371261,7.08245787966317,6.28562487104711,890.752883624895,889.462476142913,1998.07532360386,1999.36573108584,506000000
456,457,10.464419311199,7.08245787966317,6.28562487104711,7.08311447585739,6.28905064109146,901.217302936094,890.752883624895,1999.36573108584,2009.83015039704,506000000
456,195,19.6752826127856,7.08245787966317,6.28562487104711,7.08463701592936,6.28567407291832,910.428166237681,890.752883624895,1999.36573108584,2019.04101369863,506000000
457,194,9.17798658925785,7.08311447585739,6.28905064109146,7.08164612219633,6.28614802603344,910.395289525352,901.217302936094,2009.83015039704,2019.0081369863,506000000
457,193,9.20812357555901,7.08311447585739,6.28905064109146,7.08764331447751,6.28241165200751,910.425426511653,901.217302936094,2009.83015039704,2019.0382739726,506000000
458,459,4.26519377747557,7.08634387548867,6.27945979751404,7.06150746429974,6.2638014642868,901.153340960191,896.888147182716,2005.50099464367,2009.76618842114,506000000
458,196,13.5509779590746,7.08634387548867,6.27945979751404,7.08703466799818,6.27911043494636,910.43912514179,896.888147182716,2005.50099464367,2019.05197260274,506000000
459,198,8.27482527748955,7.06150746429974,6.2638014642868,7.20173502351048,5.59044805787802,909.428166237681,901.153340960191,2009.76618842114,2018.04101369863,506000000
459,197,9.33783897611968,7.06150746429974,6.2638014642868,7.06507612260383,6.26523777485824,910.491179936311,901.153340960191,2009.76618842114,2019.10402739726,506000000
460,461,3.20036572444079,6.9221522616529,5.77695366951141,6.78324448132413,5.59651565147112,900.433073265062,897.232707540621,2005.84555500157,2009.04592072601,506000000
460,203,12.2502532176075,6.9221522616529,5.77695366951141,6.92467812225638,5.77591638821476,909.482960758229,897.232707540621,2005.84555500157,2018.09580821918,506000000
461,202,9.11564091782415,6.78324448132413,5.59651565147112,6.33618744734847,5.62277581666933,909.548714182886,900.433073265062,2009.04592072601,2018.16156164384,506000000
461,462,0.486482281714386,6.78324448132413,5.59651565147112,6.78386937705139,5.59670765037164,900.919555546777,900.433073265062,2009.04592072601,2009.53240300773,506000000
462,463,0.694877663594875,6.78386937705139,5.59670765037164,6.7839371012331,5.59366881637367,901.614433210371,900.919555546777,2009.53240300773,2010.22728067132,506000000
462,199,5.04833671830158,6.78386937705139,5.59670765037164,6.78255079575478,5.59336020637418,905.967892265078,900.919555546777,2009.53240300773,2014.58073972603,506000000
463,201,8.77537686292588,6.7839371012331,5.59366881637367,6.77948864575629,5.59361206480629,910.389810073297,901.614433210371,2010.22728067132,2019.00265753425,506000000
463,200,4.14523987662459,6.7839371012331,5.59366881637367,6.78378758316774,5.59117229829529,905.759673086996,901.614433210371,2010.22728067132,2014.37252054795,506000000
464,466,0.521233639588299,6.93102697519925,5.77385737197958,7.19834238072162,5.58591777655918,890.085711769525,889.564478129936,1998.17732559089,1998.69855923047,506000000
464,465,16.8747070220671,6.93102697519925,5.77385737197958,6.92876207207613,5.7742734076227,906.439185152004,889.564478129936,1998.17732559089,2015.05203261295,506000000
465,205,1.14733874717877,6.92876207207613,5.7742734076227,7.08545957172603,4.79601666143291,907.586523899182,906.439185152004,2015.05203261295,2016.19937136013,506000000
465,204,3.99172081170469,6.92876207207613,5.7742734076227,6.92724656319168,5.77374653779867,910.430905963708,906.439185152004,2015.05203261295,2019.04375342466,506000000
466,207,20.2986188517178,7.19834238072162,5.58591777655918,7.19731072976323,5.58787918731846,910.384330621242,890.085711769525,1998.69855923047,2018.99717808219,506000000
466,206,19.3287558380192,7.19834238072162,5.58591777655918,7.182869,5.581471,909.414467607544,890.085711769525,1998.69855923047,2018.02731506849,506000000
467,468,1.29552892437232,6.73882423896573,6.20339970923634,6.74490152201651,6.21286082574054,879.161655612359,877.866126687986,1986.47897414894,1987.77450307331,506000000
467,481,0.738379032186042,6.73882423896573,6.20339970923634,6.7398982124692,6.20303072124242,878.604505720172,877.866126687986,1986.47897414894,1987.21735318112,506000000
468,469,12.5790532110089,6.74490152201651,6.21286082574054,6.75120784243495,6.22092396295524,891.740708823368,879.161655612359,1987.77450307331,2000.35355628432,506000000
468,208,30.2884284335413,6.74490152201651,6.21286082574054,6.71568770023263,6.331453502306,909.4500840459,879.161655612359,1987.77450307331,2018.06293150685,506000000
469,221,7.79477298212676,6.75120784243495,6.22092396295524,6.73640856818718,6.22380575292785,899.535481805494,891.740708823368,2000.35355628432,2008.14832926644,506000000
469,470,0.0591760535164916,6.75120784243495,6.22092396295524,7.19461258387079,5.58734178006948,891.799884876884,891.740708823368,2000.35355628432,2000.41273233783,506000000
470,471,0.549258979769313,7.19461258387079,5.58734178006948,7.19508997213065,5.58730217309347,892.349143856654,891.799884876884,2000.41273233783,2000.9619913176,506000000
470,472,0.280870197046369,7.19461258387079,5.58734178006948,7.19412857766434,5.58762593326953,892.080755073931,891.799884876884,2000.41273233783,2000.69360253488,506000000
471,209,18.0845018330822,7.19508997213065,5.58730217309347,7.19558700783069,5.58817137374298,910.433645689736,892.349143856654,2000.9619913176,2019.04649315069,506000000
471,210,18.1968306002054,7.19508997213065,5.58730217309347,6.85256751531468,5.59817483448513,910.545974456859,892.349143856654,2000.9619913176,2019.15882191781,506000000
472,473,1.1768551791826,7.19412857766434,5.58762593326953,7.20304905926289,5.58894353558305,893.257610253113,892.080755073931,2000.69360253488,2001.87045771406,506000000
472,477,4.61768944856006,7.19412857766434,5.58762593326953,7.20154505632545,5.58737703326003,896.698444522491,892.080755073931,2000.69360253488,2005.31129198344,506000000
473,475,0.680058689189501,7.20304905926289,5.58894353558305,7.19770459081303,5.58718408029804,893.937668942303,893.257610253113,2001.87045771406,2002.55051640325,506000000
473,474,2.33238320694744,7.20304905926289,5.58894353558305,6.90168443484088,5.76867880946982,895.589993460061,893.257610253113,2001.87045771406,2004.20284092101,506000000
474,212,8.87652894200383,6.90168443484088,5.76867880946982,6.93120173002071,5.77686443810564,904.466522402064,895.589993460061,2004.20284092101,2013.07936986301,506000000
474,211,8.83817277762037,6.90168443484088,5.76867880946982,6.87224,5.75412,904.428166237681,895.589993460061,2004.20284092101,2013.04101369863,506000000
475,476,15.2920953490318,7.19770459081303,5.58718408029804,6.85224558312942,5.77828463214126,909.229764291334,893.937668942303,2002.55051640325,2017.84261175228,506000000
475,215,16.6165246926386,7.19770459081303,5.58718408029804,7.19635477474167,5.58644267735171,910.554193634941,893.937668942303,2002.55051640325,2019.16704109589,506000000
476,213,1.17648413812721,6.85224558312942,5.77828463214126,6.85094175864151,5.77729449104756,910.406248429462,909.229764291334,2017.84261175228,2019.01909589041,506000000
476,214,0.272374549086082,6.85224558312942,5.77828463214126,6.85193043971175,5.77845409230485,909.50213884042,909.229764291334,2017.84261175228,2018.11498630137,506000000
477,478,4.57472175006596,7.20154505632545,5.58737703326003,7.20302205800116,5.58631708343613,901.273166272557,896.698444522491,2005.31129198344,2009.88601373351,506000000
477,216,10.786986480517,7.20154505632545,5.58737703326003,6.92879666017206,5.77401085388108,907.485431003008,896.698444522491,2005.31129198344,2016.09827846396,506000000
478,217,9.1522602390968,7.20302205800116,5.58631708343613,7.20201659531702,5.58495069377593,910.425426511653,901.273166272557,2009.88601373351,2019.0382739726,506000000
478,479,2.5608663833867,7.20302205800116,5.58631708343613,7.19690996585224,5.58725155933821,903.834032655943,901.273166272557,2009.88601373351,2012.44688011689,506000000
479,480,4.81518453892474,7.19690996585224,5.58725155933821,7.1969295998762,5.58560976912929,908.649217194868,903.834032655943,2012.44688011689,2017.26206465582,506000000
479,220,5.59687330776504,7.19690996585224,5.58725155933821,7.20185971907732,5.58658708671465,909.430905963708,903.834032655943,2012.44688011689,2018.04375342466,506000000
480,219,1.8255243852787,7.1969295998762,5.58560976912929,7.19330615500896,5.58284989884439,910.474741580147,908.649217194868,2017.26206465582,2019.0875890411,506000000
480,218,0.855661371580083,7.1969295998762,5.58560976912929,7.19433682713304,5.58929930177461,909.504878566448,908.649217194868,2017.26206465582,2018.1177260274,506000000
481,234,30.8209207914809,6.7398982124692,6.20303072124242,7.20162868634326,5.59103370197219,909.425426511653,878.604505720172,1987.21735318112,2018.0382739726,506000000
481,482,0.209720717240987,6.7398982124692,6.20303072124242,6.73964651321521,6.20349085375104,878.814226437413,878.604505720172,1987.21735318112,1987.42707389836,506000000
482,483,0.81456980306217,6.73964651321521,6.20349085375104,6.73685546120488,6.20500719490615,879.628796240476,878.814226437413,1987.42707389836,1988.24164370143,506000000
482,487,2.77862167446531,6.73964651321521,6.20349085375104,6.74489675722705,6.18560117087724,881.592848111879,878.814226437413,1987.42707389836,1990.20569557283,506000000
483,484,5.5966970121996,6.73685546120488,6.20500719490615,6.74315762920319,6.21590531957338,885.225493252675,879.628796240476,1988.24164370143,1993.83834071362,506000000
483,485,2.95833281582226,6.73685546120488,6.20500719490615,6.90498258514118,5.98131579940638,882.587129056298,879.628796240476,1988.24164370143,1991.19997651725,506000000
484,223,24.315001752129,6.74315762920319,6.21590531957338,6.713854,6.154398,909.540495004804,885.225493252675,1993.83834071362,2018.15334246575,506000000
484,222,23.4136318891152,6.74315762920319,6.21590531957338,6.75116546447333,6.21959899334208,908.63912514179,885.225493252675,1993.83834071362,2017.25197260274,506000000
485,486,3.27965433062865,6.90498258514118,5.98131579940638,6.93136706017531,5.99113321146624,885.866783386926,882.587129056298,1991.19997651725,1994.47963084788,506000000
485,226,26.9150097841226,6.90498258514118,5.98131579940638,6.33050736698032,5.62720499639124,909.50213884042,882.587129056298,1991.19997651725,2018.11498630137,506000000
486,225,23.6682321658227,6.93136706017531,5.99113321146624,6.93732686596056,5.98888996265268,909.535015552749,885.866783386926,1994.47963084788,2018.1478630137,506000000
486,224,24.5860403850009,6.93136706017531,5.99113321146624,6.94209543256071,5.98571356461745,910.452823771927,885.866783386926,1994.47963084788,2019.06567123288,506000000
487,227,27.8407975778569,6.74489675722705,6.18560117087724,6.997077,5.904454,909.433645689736,881.592848111879,1990.20569557283,2018.04649315069,506000000
487,488,0.174325550647559,6.74489675722705,6.18560117087724,6.74461939153989,6.18480424667526,881.767173662526,881.592848111879,1990.20569557283,1990.38002112348,506000000
488,492,15.057121555166,6.74461939153989,6.18480424667526,6.71189263682241,6.17574744628584,896.824295217692,881.767173662526,1990.38002112348,2005.43714267864,506000000
488,489,1.61998483933798,6.74461939153989,6.18480424667526,6.74323891054301,6.18556349152955,883.387158501864,881.767173662526,1990.38002112348,1992.00000596281,506000000
489,231,16.1108082054196,6.74323891054301,6.18556349152955,6.74321956251889,6.22545004495174,899.497966707284,883.387158501864,1992.00000596281,2008.11081416823,506000000
489,490,0.739250552626608,6.74323891054301,6.18556349152955,6.74317403381548,6.12226701845787,884.126409054491,883.387158501864,1992.00000596281,1992.73925651544,506000000
490,230,25.4113462242859,6.74317403381548,6.12226701845787,6.615948,5.986347,909.537755278777,884.126409054491,1992.73925651544,2018.15060273973,506000000
490,491,21.7529553102696,6.74317403381548,6.12226701845787,6.74824339989539,6.12804769839929,905.87936436476,884.126409054491,1992.73925651544,2014.49221182571,506000000
491,228,3.64743200990667,6.74824339989539,6.12804769839929,6.74743865128725,6.13054215049201,909.526796374667,905.87936436476,2014.49221182571,2018.13964383562,506000000
491,229,4.52414433867377,6.74824339989539,6.12804769839929,6.74980639282831,6.13242777870838,910.403508703434,905.87936436476,2014.49221182571,2019.01635616438,506000000
492,233,13.6449669103995,6.71189263682241,6.17574744628584,6.678119,3.51526,910.469262128092,896.824295217692,2005.43714267864,2019.08210958904,506000000
492,232,13.6559258145091,6.71189263682241,6.17574744628584,7.06239858536181,6.2671301146712,910.480221032201,896.824295217692,2005.43714267864,2019.09306849315,506000000
493,235,25.9624596425239,6.19899247988056,6.74124867094889,6.65507881498782,6.38060772574976,910.392549799325,884.430090156801,1993.04293761775,2019.00539726027,506000000
493,236,26.1158843000582,6.19899247988056,6.74124867094889,6.19600398118291,6.73225881862522,910.545974456859,884.430090156801,1993.04293761775,2019.15882191781,506000000
494,239,22.2474438113784,6.196410634073,6.72797979963068,7.272099,6.346321,910.428166237681,888.180722426303,1996.79356988725,2019.04101369863,506000000
494,495,15.3995321939207,6.196410634073,6.72797979963068,6.194944589796,6.72999016034454,903.580254620223,888.180722426303,1996.79356988725,2012.19310208117,506000000
495,237,5.9355828503343,6.194944589796,6.72999016034454,6.19729023140339,6.72890796979721,909.515837470558,903.580254620223,2012.19310208117,2018.12868493151,506000000
495,238,5.94654175444396,6.194944589796,6.72999016034454,6.20065876643408,6.72877717816011,909.526796374667,903.580254620223,2012.19310208117,2018.13964383562,506000000
496,497,35.6467376419026,6.36155965909202,8.10904032770542,6.33474581994992,8.10122298581443,885.359955707209,849.713218065307,1958.32606552626,1993.97280316816,506000000
496,240,59.7067289942921,6.36155965909202,8.10904032770542,5.967,7.867,909.419947059599,849.713218065307,1958.32606552626,2018.03279452055,506000000
497,241,24.0928680647183,6.33474581994992,8.10122298581443,6.556183,8.303293,909.452823771927,885.359955707209,1993.97280316816,2018.06567123288,506000000
497,498,3.94723355663609,6.33474581994992,8.10122298581443,6.33706282191454,8.10244614617053,889.307189263845,885.359955707209,1993.97280316816,1997.92003672479,506000000
498,251,20.1949495765753,6.33706282191454,8.10244614617053,6.33268268209776,8.10421324746359,909.50213884042,889.307189263845,1997.92003672479,2018.11498630137,506000000
498,499,4.4768755506166,6.33706282191454,8.10244614617053,6.33594991554914,8.10331968538974,893.784064814462,889.307189263845,1997.92003672479,2002.39691227541,506000000
499,500,0.897530711987745,6.33594991554914,8.10331968538974,6.33215079969743,8.10028352113856,894.68159552645,893.784064814462,2002.39691227541,2003.2944429874,506000000
499,502,2.59812546304206,6.33594991554914,8.10331968538974,6.33757069846627,8.10485922491208,896.382190277504,893.784064814462,2002.39691227541,2004.99503773845,506000000
500,244,14.7657487934231,6.33215079969743,8.10028352113856,6.032415,7.850118,909.447344319873,894.68159552645,2003.2944429874,2018.06019178082,506000000
500,501,0.198018233788462,6.33215079969743,8.10028352113856,6.33244128051926,8.1003557941207,894.879613760238,894.68159552645,2003.2944429874,2003.49246122119,506000000
501,243,9.57321001168937,6.33244128051926,8.1003557941207,6.33163049922557,8.09689972940909,904.452823771927,894.879613760238,2003.49246122119,2013.06567123288,506000000
501,242,10.8718401486756,6.33244128051926,8.1003557941207,6.33407938874941,8.10330322874277,905.751453908914,894.879613760238,2003.49246122119,2014.36430136986,506000000
502,503,3.28830084483694,6.33757069846627,8.10485922491208,6.33623905903881,8.10447473624563,899.670491122341,896.382190277504,2004.99503773845,2008.28333858329,506000000
502,250,13.1062499327796,6.33757069846627,8.10485922491208,6.1878,8.1189,909.488440210283,896.382190277504,2004.99503773845,2018.10128767123,506000000
503,504,9.46288858310288,6.33623905903881,8.10447473624563,6.11893971597951,8.01554115154427,909.133379705444,899.670491122341,2008.28333858329,2017.74622716639,506000000
503,505,1.25147925933498,6.33623905903881,8.10447473624563,6.33746611291496,8.10231891965546,900.921970381676,899.670491122341,2008.28333858329,2009.53481784263,506000000
504,245,1.38519749114119,6.11893971597951,8.01554115154427,5.889345,7.953555,910.518577196585,909.133379705444,2017.74622716639,2019.13142465753,506000000
504,246,0.376978313059115,6.11893971597951,8.01554115154427,6.128725,8.00679,909.510358018503,909.133379705444,2017.74622716639,2018.12320547945,506000000
505,247,8.5664698286077,6.33746611291496,8.10231891965546,6.33510758449873,8.10354604155226,909.488440210283,900.921970381676,2009.53481784263,2018.10128767123,506000000
505,506,6.96005519549204,6.33746611291496,8.10231891965546,6.33252567258999,8.09754404732006,907.882025577168,900.921970381676,2009.53481784263,2016.49487303812,506000000
506,248,1.58449682489657,6.33252567258999,8.09754404732006,6.340038,8.129261,909.466522402064,907.882025577168,2016.49487303812,2018.07936986301,506000000
506,249,1.61463381119796,6.33252567258999,8.09754404732006,6.33104600078239,8.09675248847762,909.496659388366,907.882025577168,2016.49487303812,2018.10950684932,506000000
507,508,114.918023797912,6.16267937553408,7.81881050861224,6.12938715655449,7.85101139239466,857.244042323538,742.326018525626,1850.93886598658,1965.85688978449,506000000
507,509,131.224429203098,6.16267937553408,7.81881050861224,5.49511932725357,7.02710746595161,873.550447728724,742.326018525626,1850.93886598658,1982.16329518967,506000000
508,252,52.2334389826363,6.12938715655449,7.85101139239466,6.065463,7.81309,909.477481306174,857.244042323538,1965.85688978449,2018.09032876712,506000000
508,253,50.2495854007814,6.12938715655449,7.85101139239466,6.0767,8.0701,907.493627724319,857.244042323538,1965.85688978449,2016.10647518527,506000000
509,254,33.9076608699119,5.49511932725357,7.02710746595161,5.485,7.035,907.458108598636,873.550447728724,1982.16329518967,2016.07095605959,506000000
509,255,30.9270335774499,5.49511932725357,7.02710746595161,6.452667,7.510333,904.477481306174,873.550447728724,1982.16329518967,2013.09032876712,506000000
