node1,node2,length,startLat,startLon,endLat,endLon,endNodeL,startNodeL,startYear,endYear,treeID
620,762,143.765892782017,9.92994182800851,-10.7536491229301,10.550807440866,-7.12936788456642,324.499283132629,180.733390350612,1750.68797223574,1894.45386501776,337800000
620,621,35.2368847935604,9.92994182800851,-10.7536491229301,9.9309440651466,-10.7381901941553,215.970275144172,180.733390350612,1750.68797223574,1785.92485702931,337800000
621,622,143.47658227569,9.9309440651466,-10.7381901941553,9.95614204087009,-10.7258395695348,359.446857419862,215.970275144172,1785.92485702931,1929.40143930499,337800000
621,678,19.6591339310253,9.9309440651466,-10.7381901941553,9.85472874816544,-10.8210914001094,235.629409075198,215.970275144172,1785.92485702931,1805.58399096033,337800000
622,677,70.4413304813007,9.95614204087009,-10.7258395695348,9.95136166901266,-10.7309917074766,429.888187901163,359.446857419862,1929.40143930499,1999.8427697863,337800000
622,623,31.7392155566567,9.95614204087009,-10.7258395695348,9.95334973532141,-10.7228597086135,391.186072976519,359.446857419862,1929.40143930499,1961.14065486165,337800000
623,624,1.81120707018351,9.95334973532141,-10.7228597086135,10.0427517682925,-10.7430111149682,392.997280046702,391.186072976519,1961.14065486165,1962.95186193183,337800000
623,629,10.9018451574237,9.95334973532141,-10.7228597086135,9.94653010202594,-10.7319871359504,402.087918133942,391.186072976519,1961.14065486165,1972.04250001907,337800000
624,625,6.37879768458619,10.0427517682925,-10.7430111149682,10.0430441942486,-10.7430661529983,399.376077731288,392.997280046702,1962.95186193183,1969.33065961642,337800000
624,214,33.1777373752602,10.0427517682925,-10.7430111149682,10.0427235875248,-10.7525804382518,426.175017421962,392.997280046702,1962.95186193183,1996.12959930709,337800000
625,628,14.0627930688336,10.0430441942486,-10.7430661529983,10.0577448344764,-10.7507142001049,413.438870800122,399.376077731288,1969.33065961642,1983.39345268525,337800000
625,626,11.2505758177417,10.0430441942486,-10.7430661529983,10.0616942895485,-10.7436065147895,410.62665354903,399.376077731288,1969.33065961642,1980.58123543416,337800000
626,627,2.38377564397801,10.0616942895485,-10.7436065147895,9.80160003705483,-10.8679605769893,413.010429193008,410.62665354903,1980.58123543416,1982.96501107814,337800000
626,209,23.4184071128158,10.0616942895485,-10.7436065147895,10.0569386481779,-10.5876342214961,434.045060661846,410.62665354903,1980.58123543416,2003.99964254698,337800000
627,210,30.9061396067911,9.80160003705483,-10.8679605769893,9.80704906068739,-10.865321646781,443.916568799799,413.010429193008,1982.96501107814,2013.87115068493,337800000
627,211,31.2677834424075,9.80160003705483,-10.8679605769893,9.80344207086108,-10.8634552543664,444.278212635416,413.010429193008,1982.96501107814,2014.23279452055,337800000
628,213,30.8612596435127,10.0577448344764,-10.7507142001049,10.0560590358326,-10.6698153046168,444.300130443635,413.438870800122,1983.39345268525,2014.25471232877,337800000
628,212,30.5133144380333,10.0577448344764,-10.7507142001049,10.1386844039668,-10.6034391503057,443.952185238155,413.438870800122,1983.39345268525,2013.90676712329,337800000
629,638,1.49726133533481,9.94653010202594,-10.7319871359504,9.94672496719153,-10.7314304234441,403.585179469277,402.087918133942,1972.04250001907,1973.53976135441,337800000
629,630,0.91897428535853,9.94653010202594,-10.7319871359504,9.82784353392322,-10.8750500889356,403.006892419301,402.087918133942,1972.04250001907,1972.96147430443,337800000
630,633,2.596374581472,9.82784353392322,-10.8750500889356,10.0046074138134,-10.9825797672541,405.603267000773,403.006892419301,1972.96147430443,1975.55784888591,337800000
630,631,22.4941491146469,9.82784353392322,-10.8750500889356,9.80573726424346,-10.8672479396312,425.501041533948,403.006892419301,1972.96147430443,1995.45562341908,337800000
631,632,9.27128651828155,9.80573726424346,-10.8672479396312,9.81088994615809,-10.8671560266482,434.772328052229,425.501041533948,1995.45562341908,2004.72690993736,337800000
631,215,18.4210067179061,9.80573726424346,-10.8672479396312,9.80790049367621,-10.8668435448257,443.922048251854,425.501041533948,1995.45562341908,2013.87663013699,337800000
632,216,9.50314485715892,9.81088994615809,-10.8671560266482,9.80969579897337,-10.8662419141736,444.275472909388,434.772328052229,2004.72690993736,2014.23005479452,337800000
632,217,9.14424074756987,9.81088994615809,-10.8671560266482,9.80291990309585,-10.8587545896676,443.916568799799,434.772328052229,2004.72690993736,2013.87115068493,337800000
633,218,27.8311100182043,10.0046074138134,-10.9825797672541,9.83624129373301,-11.0389946921061,433.434377018977,405.603267000773,1975.55784888591,2003.38895890411,337800000
633,634,11.5661192484559,10.0046074138134,-10.9825797672541,9.99912398558254,-10.9786873739494,417.169386249229,405.603267000773,1975.55784888591,1987.12396813436,337800000
634,635,6.57812844893429,9.99912398558254,-10.9786873739494,10.0007507676371,-10.9771949155443,423.747514698163,417.169386249229,1987.12396813436,1993.7020965833,337800000
634,637,11.7710187193791,9.99912398558254,-10.9786873739494,10.0015462353053,-10.9767459570157,428.940404968608,417.169386249229,1987.12396813436,1998.89498685374,337800000
635,636,3.0542574321272,10.0007507676371,-10.9771949155443,9.9989495538895,-10.97738684274,426.80177213029,423.747514698163,1993.7020965833,1996.75635401542,337800000
635,219,10.2936062292143,10.0007507676371,-10.9771949155443,9.99674473364315,-10.9701748091543,434.041120927377,423.747514698163,1993.7020965833,2003.99570281251,337800000
636,220,6.59876612867379,9.9989495538895,-10.97738684274,10.004126588133,-10.9773223311528,433.400538258964,426.80177213029,1996.75635401542,2003.3551201441,337800000
636,221,15.0517829708788,9.9989495538895,-10.97738684274,9.9989802962616,-10.9696896197892,441.853555101169,426.80177213029,1996.75635401542,2011.8081369863,337800000
637,222,4.44357577357298,10.0015462353053,-10.9767459570157,10.0028891422048,-10.9776897871483,433.383980742181,428.940404968608,1998.89498685374,2003.33856262731,337800000
637,223,5.53753946434543,10.0015462353053,-10.9767459570157,9.99960345523229,-10.9770297115408,434.477944432953,428.940404968608,1998.89498685374,2004.43252631809,337800000
638,667,4.60022953765039,9.94672496719153,-10.7314304234441,9.94828517030149,-10.7319373738979,408.185409006928,403.585179469277,1973.53976135441,1978.13999089206,337800000
638,639,4.96512688076212,9.94672496719153,-10.7314304234441,9.94813864631838,-10.7331104308631,408.550306350039,403.585179469277,1973.53976135441,1978.50488823517,337800000
639,642,2.5153272924639,9.94813864631838,-10.7331104308631,9.9493879740261,-10.7316489970648,411.065633642503,408.550306350039,1978.50488823517,1981.02021552764,337800000
639,640,1.28821421437075,9.94813864631838,-10.7331104308631,9.94920566084794,-10.7347782183427,409.83852056441,408.550306350039,1978.50488823517,1979.79310244954,337800000
640,226,34.0917468655261,9.94920566084794,-10.7347782183427,9.95481863480687,-10.7337110665471,443.930267429936,409.83852056441,1979.79310244954,2013.88484931507,337800000
640,641,15.1354963212098,9.94920566084794,-10.7347782183427,9.95237766581396,-10.7346391612518,424.97401688562,409.83852056441,1979.79310244954,1994.92859877075,337800000
641,225,18.9589902703437,9.95237766581396,-10.7346391612518,9.95013335743078,-10.727449153252,443.933007155964,424.97401688562,1994.92859877075,2013.8875890411,337800000
641,224,18.9918669826724,9.95237766581396,-10.7346391612518,10.0578167,-10.7383667,443.965883868292,424.97401688562,1994.92859877075,2013.92046575342,337800000
642,644,1.6116262297483,9.9493879740261,-10.7316489970648,9.95023889531336,-10.731378015174,412.677259872252,411.065633642503,1981.02021552764,1982.63184175738,337800000
642,643,4.96259448225592,9.9493879740261,-10.7316489970648,9.80252018371317,-10.8610575927458,416.028228124759,411.065633642503,1981.02021552764,1985.98281000989,337800000
643,228,27.8910804010674,9.80252018371317,-10.8610575927458,9.80892688038619,-10.8682184919083,443.919308525827,416.028228124759,1985.98281000989,2013.87389041096,337800000
643,227,27.8883406750401,9.80252018371317,-10.8610575927458,9.80325867725683,-10.8590910277093,443.916568799799,416.028228124759,1985.98281000989,2013.87115068493,337800000
644,645,0.237745458277402,9.95023889531336,-10.731378015174,10.0622119767389,-10.5883488573861,412.915005330529,412.677259872252,1982.63184175738,1982.86958721566,337800000
644,666,12.5386467228025,9.95023889531336,-10.731378015174,9.91390864443008,-10.7946240893218,425.215906595054,412.677259872252,1982.63184175738,1995.17048848019,337800000
645,646,6.95279885432903,10.0622119767389,-10.5883488573861,10.0627663266487,-10.5817426023415,419.867804184858,412.915005330529,1982.86958721566,1989.82238606999,337800000
645,229,21.0107419726712,10.0622119767389,-10.5883488573861,10.0639207822923,-10.5898645465392,433.9257473032,412.915005330529,1982.86958721566,2003.88032918833,337800000
646,664,9.56151860018101,10.0627663266487,-10.5817426023415,10.0614230962137,-10.5835107034548,429.429322785039,419.867804184858,1989.82238606999,1999.38390467017,337800000
646,647,5.17835986915148,10.0627663266487,-10.5817426023415,10.0593937695086,-10.5894053968394,425.046164054009,419.867804184858,1989.82238606999,1995.00074593914,337800000
647,650,1.32945655096158,10.0593937695086,-10.5894053968394,10.0548109975507,-10.5868209209367,426.375620604971,425.046164054009,1995.00074593914,1996.3302024901,337800000
647,648,0.740589587359374,10.0593937695086,-10.5894053968394,10.0602773745779,-10.5894334762475,425.786753641369,425.046164054009,1995.00074593914,1995.7413355265,337800000
648,649,1.44585505424018,10.0602773745779,-10.5894334762475,10.2135911905617,-10.6892395315762,427.232608695609,425.786753641369,1995.7413355265,1997.18719058074,337800000
648,232,7.65382788476289,10.0602773745779,-10.5894334762475,10.0598190212552,-10.58957307118,433.440581526132,425.786753641369,1995.7413355265,2003.39516341126,337800000
649,230,16.7634121589847,10.2135911905617,-10.6892395315762,10.2194783452606,-10.6895114853687,443.996020854594,427.232608695609,1997.18719058074,2013.95060273973,337800000
649,231,16.7688916110394,10.2135911905617,-10.6892395315762,10.2124442799791,-10.686468277605,444.001500306648,427.232608695609,1997.18719058074,2013.95608219178,337800000
650,661,0.597787558761603,10.0548109975507,-10.5868209209367,10.1494185618947,-10.6027953252788,426.973408163733,426.375620604971,1996.3302024901,1996.92799004887,337800000
650,651,0.011166842062007,10.0548109975507,-10.5868209209367,10.0549716552126,-10.5866789197329,426.386787447033,426.375620604971,1996.3302024901,1996.34136933217,337800000
651,243,7.53871972351369,10.0549716552126,-10.5866789197329,10.0571832417801,-10.5858175437966,433.925507170547,426.386787447033,1996.34136933217,2003.88008905568,337800000
651,652,0.20175310512591,10.0549716552126,-10.5866789197329,10.0549976238545,-10.5865360697556,426.588540552159,426.386787447033,1996.34136933217,1996.54312243729,337800000
652,659,2.89637943198945,10.0549976238545,-10.5865360697556,10.0569697216482,-10.5820709133929,429.484919984148,426.588540552159,1996.54312243729,1999.43950186928,337800000
652,653,0.367562461951792,10.0549976238545,-10.5865360697556,10.0585454208112,-10.6591354798574,426.956103014111,426.588540552159,1996.54312243729,1996.91068489924,337800000
653,654,1.41553295735214,10.0585454208112,-10.6591354798574,10.0568165116796,-10.6717776004027,428.371635971463,426.956103014111,1996.91068489924,1998.3262178566,337800000
653,655,9.00290364250405,10.0585454208112,-10.6591354798574,10.0552379745347,-10.6692977350118,435.959006656615,426.956103014111,1996.91068489924,2005.91358854175,337800000
654,233,15.5312341981993,10.0568165116796,-10.6717776004027,10.0588939513061,-10.6689426182082,443.902870169662,428.371635971463,1998.3262178566,2013.85745205479,337800000
654,234,15.528494472172,10.0568165116796,-10.6717776004027,10.0542532075205,-10.6696396691736,443.900130443635,428.371635971463,1998.3262178566,2013.85471232877,337800000
655,656,0.463081895626622,10.0552379745347,-10.6692977350118,10.0549923530385,-10.669593187887,436.422088552241,435.959006656615,2005.91358854175,2006.37667043737,337800000
655,235,8.33838406099256,10.0552379745347,-10.6692977350118,10.055223148418,-10.6609314682178,444.297390717607,435.959006656615,2005.91358854175,2014.25197260274,337800000
656,657,2.39489833656347,10.0549923530385,-10.669593187887,10.0573989411546,-10.6673500725543,438.816986888805,436.422088552241,2006.37667043737,2008.77156877394,337800000
656,239,7.47530216536607,10.0549923530385,-10.669593187887,10.055617817385,-10.6695159760607,443.897390717607,436.422088552241,2006.37667043737,2013.85197260274,337800000
657,658,1.44333607104869,10.0573989411546,-10.6673500725543,10.0603385848808,-10.6657613081138,440.260322959854,438.816986888805,2008.77156877394,2010.21490484499,337800000
657,238,5.08314355482996,10.0573989411546,-10.6673500725543,10.0583213951363,-10.666893839295,443.900130443635,438.816986888805,2008.77156877394,2013.85471232877,337800000
658,236,4.03706775775377,10.0603385848808,-10.6657613081138,10.0602520186504,-10.6628335080402,444.297390717607,440.260322959854,2010.21490484499,2014.25197260274,337800000
658,237,3.6370677577539,10.0603385848808,-10.6657613081138,10.0614473722481,-10.6668357446982,443.897390717607,440.260322959854,2010.21490484499,2013.85197260274,337800000
659,660,0.448686895274246,10.0569697216482,-10.5820709133929,10.0574453973456,-10.5820489478597,429.933606879423,429.484919984148,1999.43950186928,1999.88818876456,337800000
659,242,12.3631556649657,10.0569697216482,-10.5820709133929,10.0607502758935,-10.5817061825749,441.848075649114,429.484919984148,1999.43950186928,2011.80265753425,337800000
660,240,3.13306453159647,10.0574453973456,-10.5820489478597,10.0560699993018,-10.581524513288,433.066671411019,429.933606879423,1999.88818876456,2003.02125329615,337800000
660,241,11.9089893176368,10.0574453973456,-10.5820489478597,10.0635530029108,-10.5856037451324,441.842596197059,429.933606879423,1999.88818876456,2011.79717808219,337800000
661,247,16.9787770744227,10.1494185618947,-10.6027953252788,10.1458418302088,-10.6057345646108,443.952185238155,426.973408163733,1996.92799004887,2013.90676712329,337800000
661,662,1.36917452821743,10.1494185618947,-10.6027953252788,10.1484895111317,-10.6044395744316,428.34258269195,426.973408163733,1996.92799004887,1998.29716457708,337800000
662,663,0.569106831059663,10.1484895111317,-10.6044395744316,10.1489187554726,-10.6046084331099,428.91168952301,428.34258269195,1998.29716457708,1998.86627140814,337800000
662,246,15.6123422722326,10.1484895111317,-10.6044395744316,10.145600718245,-10.6052792752324,443.954924964183,428.34258269195,1998.29716457708,2013.90950684932,337800000
663,245,5.89047700116992,10.1489187554726,-10.6046084331099,10.056921590838,-10.5847840021195,434.80216652418,428.91168952301,1998.86627140814,2004.75674840931,337800000
663,244,15.0404957151456,10.1489187554726,-10.6046084331099,10.1390656513681,-10.6013596891247,443.952185238155,428.91168952301,1998.86627140814,2013.90676712329,337800000
664,248,4.36770974800545,10.0614230962137,-10.5835107034548,10.0579049743995,-10.5817850615733,433.797032533044,429.429322785039,1999.38390467017,2003.75161441818,337800000
664,665,1.18379770197145,10.0614230962137,-10.5835107034548,10.060817722281,-10.5834819818492,430.61312048701,429.429322785039,1999.38390467017,2000.56770237214,337800000
665,249,11.229475710049,10.060817722281,-10.5834819818492,10.0553167868118,-10.5818074125265,441.842596197059,430.61312048701,2000.56770237214,2011.79717808219,337800000
665,250,3.82019357815287,10.060817722281,-10.5834819818492,10.0613749188895,-10.5879404945555,434.433314065163,430.61312048701,2000.56770237214,2004.3878959503,337800000
666,251,19.0951827526903,9.91390864443008,-10.7946240893218,9.91390338608288,-10.8018492806487,444.311089347744,425.215906595054,1995.17048848019,2014.26567123288,337800000
666,252,19.0979224787176,9.91390864443008,-10.7946240893218,9.91591044780464,-10.7953594360413,444.313829073772,425.215906595054,1995.17048848019,2014.2684109589,337800000
667,668,1.65203085881707,9.94828517030149,-10.7319373738979,10.0049087559499,-10.9721729864904,409.837439865745,408.185409006928,1978.13999089206,1979.79202175088,337800000
667,676,13.5215038604766,9.94828517030149,-10.7319373738979,9.94685892185974,-10.7292931089801,421.706912867404,408.185409006928,1978.13999089206,1991.66149475254,337800000
668,261,32.0215946874791,10.0049087559499,-10.9721729864904,10.0039393669805,-10.9720957485805,441.859034553224,409.837439865745,1979.79202175088,2011.81361643836,337800000
668,669,5.54921264289484,10.0049087559499,-10.9721729864904,10.0078278643654,-10.9718298723568,415.38665250864,409.837439865745,1979.79202175088,1985.34123439377,337800000
669,670,4.79964291240604,10.0078278643654,-10.9718298723568,10.0090409169896,-10.972092607036,420.186295421046,415.38665250864,1985.34123439377,1990.14087730618,337800000
669,674,0.78522079668079,10.0078278643654,-10.9718298723568,10.0019874563614,-10.9607309665576,416.17187330532,415.38665250864,1985.34123439377,1986.12645519045,337800000
670,671,4.39101778677261,10.0090409169896,-10.972092607036,10.0108974705875,-10.9713433022953,424.577313207818,420.186295421046,1990.14087730618,1994.53189509295,337800000
670,673,5.17176330508627,10.0090409169896,-10.972092607036,9.83737832280591,-11.0367119699117,425.358058726132,420.186295421046,1990.14087730618,1995.31264061126,337800000
671,672,3.40351582394798,10.0108974705875,-10.9713433022953,10.0018608873499,-10.9732266555164,427.980829031766,424.577313207818,1994.53189509295,1997.9354109169,337800000
671,253,9.55272216882048,10.0108974705875,-10.9713433022953,9.99791563319256,-10.9690223058212,434.130035376639,424.577313207818,1994.53189509295,2004.08461726177,337800000
672,254,5.44409028335955,10.0018608873499,-10.9732266555164,10.0024738232854,-10.9755585894906,433.424919315126,427.980829031766,1997.9354109169,2003.37950120026,337800000
672,255,6.30981860917035,10.0018608873499,-10.9732266555164,10.0048580375497,-10.9731234140385,434.290647640937,427.980829031766,1997.9354109169,2004.24522952607,337800000
673,257,7.96433662223947,9.83737832280591,-11.0367119699117,9.83632088618089,-11.0377027726474,433.322395348371,425.358058726132,1995.31264061126,2003.2769772335,337800000
673,256,7.89799552022051,9.83737832280591,-11.0367119699117,9.83913586591659,-11.0411211680559,433.256054246352,425.358058726132,1995.31264061126,2003.21063613148,337800000
674,675,15.2890140505661,10.0019874563614,-10.9607309665576,9.954388444415,-10.8856384411744,431.460887355886,416.17187330532,1986.12645519045,2001.41546924102,337800000
674,258,10.2998248358036,10.0019874563614,-10.9607309665576,10.0483554662745,-10.7494595398443,426.471698141124,416.17187330532,1986.12645519045,1996.42628002626,337800000
675,260,12.4803389781592,9.954388444415,-10.8856384411744,9.94074651781,-10.8972674966096,443.941226334046,431.460887355886,2001.41546924102,2013.89580821918,337800000
675,259,12.4858184302142,9.954388444415,-10.8856384411744,9.94574658697416,-10.8885860784656,443.946705786101,431.460887355886,2001.41546924102,2013.90128767123,337800000
676,262,22.6178751104771,9.94685892185974,-10.7292931089801,9.95685742566036,-10.7310593625809,444.324787977881,421.706912867404,1991.66149475254,2014.27936986301,337800000
676,263,22.2260942885594,9.94685892185974,-10.7292931089801,9.95058001860519,-10.7281308552527,443.933007155964,421.706912867404,1991.66149475254,2013.8875890411,337800000
677,265,14.0448192548009,9.95136166901266,-10.7309917074766,9.95035793243325,-10.731981692456,443.933007155964,429.888187901163,1999.8427697863,2013.8875890411,337800000
677,264,14.0420795287735,9.95136166901266,-10.7309917074766,9.95382244524121,-10.732885518813,443.930267429936,429.888187901163,1999.8427697863,2013.88484931507,337800000
678,684,74.1156802508092,9.85472874816544,-10.8210914001094,8.67372849144157,-11.1636413166591,309.745089326007,235.629409075198,1805.58399096033,1879.69967121114,337800000
678,679,97.7432565722776,9.85472874816544,-10.8210914001094,6.95415179479716,-9.46484486641826,333.372665647475,235.629409075198,1805.58399096033,1903.32724753261,337800000
679,683,58.8304682161036,6.95415179479716,-9.46484486641826,6.99738608649523,-9.47501061089001,392.203133863579,333.372665647475,1903.32724753261,1962.15771574871,337800000
679,680,93.0476211846765,6.95415179479716,-9.46484486641826,6.99703238447549,-9.47328238802798,426.420286832152,333.372665647475,1903.32724753261,1996.37486871728,337800000
680,681,2.86706122093183,6.99703238447549,-9.47328238802798,6.99730771766009,-9.47389733997522,429.287348053084,426.420286832152,1996.37486871728,1999.24192993822,337800000
680,269,20.7428573101132,6.99703238447549,-9.47328238802798,6.99123034527496,-9.47557460486224,447.163144142265,426.420286832152,1996.37486871728,2017.1177260274,337800000
681,682,5.70106062983286,6.99730771766009,-9.47389733997522,6.99121051268212,-9.47261050531848,434.988408682917,429.287348053084,1999.24192993822,2004.94299056805,337800000
681,268,11.8949741713731,6.99730771766009,-9.47389733997522,6.98986,-9.580031,441.182322224457,429.287348053084,1999.24192993822,2011.13690410959,337800000
682,266,11.2099327046512,6.99121051268212,-9.47261050531848,6.99869040407204,-9.46825833507189,446.198341387568,434.988408682917,2004.94299056805,2016.1529232727,337800000
682,267,6.33911902099222,6.99121051268212,-9.47261050531848,6.99577129691879,-9.46825971402519,441.327527703909,434.988408682917,2004.94299056805,2011.28210958904,337800000
683,271,55.1791883608779,6.99738608649523,-9.47501061089001,6.99226124194453,-9.47060631423546,447.382322224457,392.203133863579,1962.15771574871,2017.33690410959,337800000
683,270,54.1236228245353,6.99738608649523,-9.47501061089001,7.24306,-8.87194,446.326756688114,392.203133863579,1962.15771574871,2016.28133857325,337800000
684,685,11.8674577550925,8.67372849144157,-11.1636413166591,8.66857133374446,-11.1862147982695,321.612547081099,309.745089326007,1879.69967121114,1891.56712896623,337800000
684,694,7.67983185400141,8.67372849144157,-11.1636413166591,8.67002077156309,-11.167520864765,317.424921180008,309.745089326007,1879.69967121114,1887.37950306514,337800000
685,686,6.04340406498001,8.66857133374446,-11.1862147982695,8.66746235855344,-11.188122008742,327.655951146079,321.612547081099,1891.56712896623,1897.61053303121,337800000
685,690,80.4607363510047,8.66857133374446,-11.1862147982695,9.87184760783986,-12.4383887843032,402.073283432104,321.612547081099,1891.56712896623,1972.02786531724,337800000
686,687,21.1343150385576,8.66746235855344,-11.188122008742,8.50145804739734,-11.1830527516227,348.790266184637,327.655951146079,1897.61053303121,1918.74484806977,337800000
686,689,90.8679945418991,8.66746235855344,-11.188122008742,7.75772783636994,-8.81519515738423,418.523945687979,327.655951146079,1897.61053303121,1988.47852757311,337800000
687,688,76.1615474671732,8.50145804739734,-11.1830527516227,8.3383813051178,-10.541554487012,424.95181365181,348.790266184637,1918.74484806977,1994.90639553694,337800000
687,272,78.5237258408098,8.50145804739734,-11.1830527516227,9.192085,-10.113945,427.313992025447,348.790266184637,1918.74484806977,1997.26857391058,337800000
688,274,10.2022938460361,8.3383813051178,-10.541554487012,8.33843235688639,-10.5467466500174,435.154107497846,424.95181365181,1994.90639553694,2005.10868938298,337800000
688,273,10.1885210938285,8.3383813051178,-10.541554487012,8.34149245272478,-10.5411078003556,435.140334745639,424.95181365181,1994.90639553694,2005.09491663077,337800000
689,276,30.204806151876,7.75772783636994,-8.81519515738423,7.75973597694505,-8.81619622076109,448.728751839855,418.523945687979,1988.47852757311,2018.68333372499,337800000
689,275,8.89569038093457,7.75772783636994,-8.81519515738423,7.75637564014736,-8.81352241497585,427.419636068913,418.523945687979,1988.47852757311,1997.37421795405,337800000
690,281,42.3199976964621,9.87184760783986,-12.4383887843032,9.86942573839279,-12.4297448959594,444.393281128566,402.073283432104,1972.02786531724,2014.3478630137,337800000
690,691,8.79983722244431,9.87184760783986,-12.4383887843032,9.87187546346228,-12.4341215473716,410.873120654548,402.073283432104,1972.02786531724,1980.82770253968,337800000
691,277,33.5256399260727,9.87187546346228,-12.4341215473716,9.86801726888454,-12.4325554479812,444.398760580621,410.873120654548,1980.82770253968,2014.35334246575,337800000
691,692,6.67177890077075,9.87187546346228,-12.4341215473716,9.87110600535313,-12.4339659407897,417.544899555319,410.873120654548,1980.82770253968,1987.49948144045,337800000
692,693,12.0835558260331,9.87110600535313,-12.4339659407897,9.87033502433266,-12.4365075345934,429.628455381352,417.544899555319,1987.49948144045,1999.58303726649,337800000
692,278,26.848381573247,9.87110600535313,-12.4339659407897,9.86828937810808,-12.4327601984687,444.393281128566,417.544899555319,1987.49948144045,2014.3478630137,337800000
693,280,14.7675654732412,9.87033502433266,-12.4365075345934,9.8747622816394,-12.4303855870417,444.396020854594,429.628455381352,1999.58303726649,2014.35060273973,337800000
693,279,14.7675654732412,9.87033502433266,-12.4365075345934,9.86897650067592,-12.4313276023754,444.396020854594,429.628455381352,1999.58303726649,2014.35060273973,337800000
694,695,9.52174681868475,8.67002077156309,-11.167520864765,7.85177143152187,-11.7044114354346,326.946667998693,317.424921180008,1887.37950306514,1896.90124988383,337800000
694,350,89.3326804845508,8.67002077156309,-11.167520864765,7.9935681,-10.7537466,406.757601664559,317.424921180008,1887.37950306514,1976.71218354969,337800000
695,696,4.22830126657965,7.85177143152187,-11.7044114354346,7.85752278112843,-11.7061288934005,331.174969265273,326.946667998693,1896.90124988383,1901.12955115041,337800000
695,707,6.23346984321446,7.85177143152187,-11.7044114354346,7.8522305543818,-11.7040395473437,333.180137841908,326.946667998693,1896.90124988383,1903.13471972704,337800000
696,697,98.922096776837,7.85752278112843,-11.7061288934005,8.02432817653674,-11.5816934718906,430.09706604211,331.174969265273,1901.12955115041,2000.05164792724,337800000
696,698,1.8759320970085,7.85752278112843,-11.7061288934005,7.86126656628828,-11.7054793681364,333.050901362281,331.174969265273,1901.12955115041,1903.00548324741,337800000
697,282,9.52909179878526,8.02432817653674,-11.5816934718906,8.28,-11.01,439.626157840895,430.09706604211,2000.05164792724,2009.58073972603,337800000
697,283,9.54826988097699,8.02432817653674,-11.5816934718906,8.02,-11.58,439.645335923087,430.09706604211,2000.05164792724,2009.59991780822,337800000
698,699,61.8277000807352,7.86126656628828,-11.7054793681364,7.8718619669681,-11.7037348124604,394.878601443016,333.050901362281,1903.00548324741,1964.83318332815,337800000
698,702,85.2485252136604,7.86126656628828,-11.7054793681364,7.8646301047766,-11.7095376262089,418.299426575942,333.050901362281,1903.00548324741,1988.25400846107,337800000
699,284,48.322898863632,7.8718619669681,-11.7037348124604,7.954896,-11.740823,443.201500306648,394.878601443016,1964.83318332815,2013.15608219178,337800000
699,700,10.5840672947052,7.8718619669681,-11.7037348124604,7.874963196683,-11.7032726720125,405.462668737722,394.878601443016,1964.83318332815,1975.41725062285,337800000
700,285,36.7384048902832,7.874963196683,-11.7032726720125,7.86274687900722,-11.710524366963,442.201073628005,405.462668737722,1975.41725062285,2012.15565551314,337800000
700,701,22.1282313495536,7.874963196683,-11.7032726720125,7.87109384922887,-11.7113293884319,427.590900087275,405.462668737722,1975.41725062285,1997.54548197241,337800000
701,286,13.6188193974556,7.87109384922887,-11.7113293884319,7.87033581398789,-11.7106178194843,441.209719484731,427.590900087275,1997.54548197241,2011.16430136986,337800000
701,287,15.988682411154,7.87109384922887,-11.7113293884319,7.666711,-11.859363,443.579582498429,427.590900087275,1997.54548197241,2013.53416438356,337800000
702,293,24.2295159045222,7.8646301047766,-11.7095376262089,7.891162,-12.086255,442.528942480464,418.299426575942,1988.25400846107,2012.4835243656,337800000
702,703,8.85773585732279,7.8646301047766,-11.7095376262089,7.86633955965413,-11.7101348266111,427.157162433264,418.299426575942,1988.25400846107,1997.1117443184,337800000
703,706,2.78990409589255,7.86633955965413,-11.7101348266111,7.86838108542722,-11.7107960032329,429.947066529157,427.157162433264,1997.1117443184,1999.90164841429,337800000
703,704,0.39529480344406,7.86633955965413,-11.7101348266111,7.86713631090696,-11.7110905438053,427.552457236709,427.157162433264,1997.1117443184,1997.50703912184,337800000
704,705,10.0787470179078,7.86713631090696,-11.7110905438053,7.8651337885373,-11.7107515527302,437.631204254616,427.552457236709,1997.50703912184,2007.58578613975,337800000
704,290,15.0529879759958,7.86713631090696,-11.7110905438053,7.87159684116794,-11.71225910757,442.605445212704,427.552457236709,1997.50703912184,2012.56002709784,337800000
705,289,4.45511527502792,7.8651337885373,-11.7107515527302,7.86472924772059,-11.7105142504327,442.086319529644,437.631204254616,2007.58578613975,2012.04090141478,337800000
705,288,4.40591249038828,7.8651337885373,-11.7107515527302,7.86469569691742,-11.7082685370544,442.037116745005,437.631204254616,2007.58578613975,2011.99169863014,337800000
706,291,12.7348814157878,7.86838108542722,-11.7107960032329,7.86686370006917,-11.712513036478,442.681947944945,429.947066529157,1999.90164841429,2012.63652983008,337800000
706,292,13.6818310377654,7.86838108542722,-11.7107960032329,7.9538763,-11.7132483,443.628897566922,429.947066529157,1999.90164841429,2013.58347945205,337800000
707,349,109.116564201398,7.8522305543818,-11.7040395473437,7.86455310244616,-11.7100649924644,442.296702043305,333.180137841908,1903.13471972704,2012.25128392844,337800000
707,708,2.65015012083684,7.8522305543818,-11.7040395473437,8.21716781510195,-11.0637187789625,335.830287962744,333.180137841908,1903.13471972704,1905.78486984788,337800000
708,709,46.0629646655337,8.21716781510195,-11.0637187789625,8.21768590785754,-11.0615612986353,381.893252628278,335.830287962744,1905.78486984788,1951.84783451341,337800000
708,294,105.267102754863,8.21716781510195,-11.0637187789625,8.22091491824728,-11.0642186391829,441.097390717607,335.830287962744,1905.78486984788,2011.05197260274,337800000
709,752,5.18886373923261,8.21768590785754,-11.0615612986353,7.99656879437717,-10.9487286709685,387.082116367511,381.893252628278,1951.84783451341,1957.03669825264,337800000
709,710,9.98259188841779,8.21768590785754,-11.0615612986353,8.2185589102129,-11.0628243524439,391.875844516696,381.893252628278,1951.84783451341,1961.83042640183,337800000
710,736,2.46807209746751,8.2185589102129,-11.0628243524439,8.22005824453846,-11.0645501047649,394.343916614163,391.875844516696,1961.83042640183,1964.2984984993,337800000
710,711,2.73454921746465,8.2185589102129,-11.0628243524439,8.22126204074111,-11.0619510201024,394.61039373416,391.875844516696,1961.83042640183,1964.56497561929,337800000
711,712,3.36272533798641,8.22126204074111,-11.0619510201024,8.18259017804445,-11.1382879385482,397.973119072147,394.61039373416,1964.56497561929,1967.92770095728,337800000
711,320,12.9689392427013,8.22126204074111,-11.0619510201024,8.21981924886961,-11.0591389142561,407.579332976862,394.61039373416,1964.56497561929,1977.53391486199,337800000
712,713,12.9424724268641,8.18259017804445,-11.1382879385482,8.18977785271669,-11.137709937535,410.915591499011,397.973119072147,1967.92770095728,1980.87017338414,337800000
712,714,2.04556078344384,8.18259017804445,-11.1382879385482,8.1823515665775,-11.1376096268886,400.018679855591,397.973119072147,1967.92770095728,1969.97326174072,337800000
713,295,31.8975039869174,8.18977785271669,-11.137709937535,8.355083,-11.324278,442.813095485928,410.915591499011,1980.87017338414,2012.76767737106,337800000
713,296,29.2859088076375,8.18977785271669,-11.137709937535,8.18886499207373,-11.1372385640941,440.201500306648,410.915591499011,1980.87017338414,2010.15608219178,337800000
714,715,1.26050268509537,8.1823515665775,-11.1376096268886,8.18274054087477,-11.1373037090208,401.279182540686,400.018679855591,1969.97326174072,1971.23376442582,337800000
714,733,17.580380800104,8.1823515665775,-11.1376096268886,8.18545461973489,-11.1372345582834,417.599060655695,400.018679855591,1969.97326174072,1987.55364254083,337800000
715,716,0.569378013704799,8.18274054087477,-11.1373037090208,8.18239354061547,-11.1374196928321,401.848560554391,401.279182540686,1971.23376442582,1971.80314243952,337800000
715,297,1.53578114930912,8.18274054087477,-11.1373037090208,8.18320261003728,-11.1371302626451,402.814963689995,401.279182540686,1971.23376442582,1972.76954557513,337800000
716,717,11.4187638009337,8.18239354061547,-11.1374196928321,8.17933556969803,-11.1370322865149,413.267324355325,401.848560554391,1971.80314243952,1983.22190624046,337800000
716,732,0.663119018052164,8.18239354061547,-11.1374196928321,8.18643395328778,-11.134668160278,402.511679572443,401.848560554391,1971.80314243952,1972.46626145758,337800000
717,731,4.161539037553,8.17933556969803,-11.1370322865149,8.17790484431964,-11.1381336641528,417.428863392878,413.267324355325,1983.22190624046,1987.38344527801,337800000
717,718,1.10077840370713,8.17933556969803,-11.1370322865149,8.17872364259015,-11.1338796631189,414.368102759032,413.267324355325,1983.22190624046,1984.32268464416,337800000
718,729,18.8148622818917,8.17872364259015,-11.1338796631189,8.0563528589186,-11.1039937278235,433.182965040923,414.368102759032,1984.32268464416,2003.13754692606,337800000
718,719,4.22120009992256,8.17872364259015,-11.1338796631189,8.17866818718012,-11.1315451380561,418.589302858954,414.368102759032,1984.32268464416,1988.54388474409,337800000
719,720,1.09760907126516,8.17866818718012,-11.1315451380561,8.17886951220836,-11.1329857041984,419.686911930219,418.589302858954,1988.54388474409,1989.64149381535,337800000
719,725,2.56516146923281,8.17866818718012,-11.1315451380561,8.18978136565605,-11.1347976551518,421.154464328187,418.589302858954,1988.54388474409,1991.10904621332,337800000
720,723,6.76460512939921,8.17886951220836,-11.1329857041984,8.1807281276636,-11.1294935935739,426.451517059619,419.686911930219,1989.64149381535,1996.40609894475,337800000
720,721,7.06358169890826,8.17886951220836,-11.1329857041984,8.17608835633257,-11.1311572978567,426.750493629128,419.686911930219,1989.64149381535,1996.70507551426,337800000
721,722,1.25186274689408,8.17608835633257,-11.1311572978567,8.1761788136081,-11.1314931109966,428.002356376022,426.750493629128,1996.70507551426,1997.95693826115,337800000
721,300,15.8522193431395,8.17608835633257,-11.1311572978567,7.86669023197458,-11.1929011439612,442.602712972267,426.750493629128,1996.70507551426,2012.5572948574,337800000
722,298,14.1030888366825,8.1761788136081,-11.1314931109966,8.116599,-11.174797,442.105445212704,428.002356376022,1997.95693826115,2012.06002709784,337800000
722,299,15.1635274922706,8.1761788136081,-11.1314931109966,8.18206970077044,-11.1312176251073,443.165883868292,428.002356376022,1997.95693826115,2013.12046575342,337800000
723,724,5.46321251381126,8.1807281276636,-11.1294935935739,8.1799082711881,-11.1291704046394,431.91472957343,426.451517059619,1996.40609894475,2001.86931145856,337800000
723,301,15.9708680437962,8.1807281276636,-11.1294935935739,8.356385,-11.433121,442.422385103415,426.451517059619,1996.40609894475,2012.37696698855,337800000
724,302,9.41553785650619,8.1799082711881,-11.1291704046394,7.86381861781422,-11.1993583243595,441.330267429936,431.91472957343,2001.86931145856,2011.28484931507,337800000
724,303,9.77444196609524,8.1799082711881,-11.1291704046394,7.86665291504531,-11.7058373431235,441.689171539525,431.91472957343,2001.86931145856,2011.64375342466,337800000
725,726,11.4831225201637,8.18978136565605,-11.1347976551518,8.19056373188919,-11.1369106552395,432.637586848351,421.154464328187,1991.10904621332,2002.59216873348,337800000
725,728,19.422967576617,8.18978136565605,-11.1347976551518,8.1886090194159,-11.1330006612261,440.577431904804,421.154464328187,1991.10904621332,2010.53201378994,337800000
726,727,8.95534312832418,8.19056373188919,-11.1369106552395,8.18869056685873,-11.1351469368679,441.592929976675,432.637586848351,2002.59216873348,2011.54751186181,337800000
726,304,10.7639134582977,8.19056373188919,-11.1369106552395,8.007853,-11.278946,443.401500306649,432.637586848351,2002.59216873348,2013.35608219178,337800000
727,305,2.04418676832971,8.18869056685873,-11.1351469368679,7.86151113769268,-11.1991403533366,443.637116745005,441.592929976675,2011.54751186181,2013.59169863014,337800000
727,306,1.86610457654875,8.18869056685873,-11.1351469368679,8.18890810620942,-11.1355058479442,443.459034553224,441.592929976675,2011.54751186181,2013.41361643836,337800000
728,307,2.75283552513203,8.1886090194159,-11.1330006612261,8.18456706812035,-11.1388482494515,443.330267429936,440.577431904804,2010.53201378994,2013.28484931507,337800000
728,308,1.70287669587835,8.1886090194159,-11.1330006612261,7.85786027848597,-11.1955730589126,442.280308600682,440.577431904804,2010.53201378994,2012.23489048581,337800000
729,309,8.3034667725743,8.0563528589186,-11.1039937278235,8.05426954399019,-11.1058204628153,441.486431813498,433.182965040923,2003.13754692606,2011.44101369863,337800000
729,730,2.09863431812476,8.0563528589186,-11.1039937278235,8.05689154385156,-11.1036990735937,435.281599359048,433.182965040923,2003.13754692606,2005.23618124418,337800000
730,310,6.72812012568253,8.05689154385156,-11.1036990735937,8.05156380072251,-11.1119245903282,442.009719484731,435.281599359048,2005.23618124418,2011.96430136986,337800000
730,311,4.91716122157291,8.05689154385156,-11.1036990735937,8.18443968116264,-11.1388938810589,440.198760580621,435.281599359048,2005.23618124418,2010.15334246575,337800000
731,313,9.05855662260923,8.17790484431964,-11.1381336641528,8.22375041906143,-11.064685733515,426.487420015487,417.428863392878,1987.38344527801,1996.44200190062,337800000
731,312,24.1835958178804,8.17790484431964,-11.1381336641528,7.99796478228043,-10.9539257846294,441.612459210758,417.428863392878,1987.38344527801,2011.56704109589,337800000
732,315,4.3510426315938,8.18643395328778,-11.134668160278,8.18507597680011,-11.1332873694893,406.862722204037,402.511679572443,1972.46626145758,1976.81730408917,337800000
732,314,24.3324769324335,8.18643395328778,-11.134668160278,8.21612718014962,-11.0610869200953,426.844156504877,402.511679572443,1972.46626145758,1996.79873839001,337800000
733,734,8.26461568616395,8.18545461973489,-11.1372345582834,8.18962350915976,-11.1351383786568,425.863676341859,417.599060655695,1987.55364254083,1995.81825822699,337800000
733,319,25.9421656783511,8.18545461973489,-11.1372345582834,8.18544771989842,-11.1363912672069,443.541226334046,417.599060655695,1987.55364254083,2013.49580821918,337800000
734,316,17.0095284336871,8.18962350915976,-11.1351383786568,7.86201656623116,-11.7057052921285,442.873204775546,425.863676341859,1995.81825822699,2012.82778666068,337800000
734,735,12.1214068924232,8.18962350915976,-11.1351383786568,8.18726817031225,-11.1305001961209,437.985083234282,425.863676341859,1995.81825822699,2007.93966511941,337800000
735,317,4.16954230629134,8.18726817031225,-11.1305001961209,8.18751544527822,-11.1314354542473,442.154625540573,437.985083234282,2007.93966511941,2012.10920742571,337800000
735,318,1.83011570250349,8.18726817031225,-11.1305001961209,8.38727,-11.0879,439.815198936785,437.985083234282,2007.93966511941,2009.76978082192,337800000
736,337,14.6086453146571,8.22005824453846,-11.0645501047649,8.21766999178722,-11.0622153684518,408.95256192882,394.343916614163,1964.2984984993,1978.90714381395,337800000
736,737,3.39351091112471,8.22005824453846,-11.0645501047649,8.22595653979286,-11.0656679999768,397.737427525288,394.343916614163,1964.2984984993,1967.69200941042,337800000
737,738,0.329484807743945,8.22595653979286,-11.0656679999768,8.22639891718103,-11.0662133504494,398.066912333032,397.737427525288,1967.69200941042,1968.02149421816,337800000
737,745,1.14825054180196,8.22595653979286,-11.0656679999768,8.22699280697106,-11.0659839646939,398.88567806709,397.737427525288,1967.69200941042,1968.84025995222,337800000
738,739,10.6501729578934,8.22639891718103,-11.0662133504494,8.21977909010212,-11.0638456174199,408.717085290925,398.066912333032,1968.02149421816,1978.67166717606,337800000
738,741,18.9160481685265,8.22639891718103,-11.0662133504494,8.22937826554763,-11.0628212314054,416.982960501559,398.066912333032,1968.02149421816,1986.93754238669,337800000
739,323,30.6515383033944,8.21977909010212,-11.0638456174199,7.86394105627832,-11.1986430489073,439.36862359432,408.717085290925,1978.67166717606,2009.32320547945,337800000
739,740,8.88203085344355,8.21977909010212,-11.0638456174199,8.21548550536461,-11.0643084413896,417.599116144369,408.717085290925,1978.67166717606,1987.5536980295,337800000
740,321,24.3201923814577,8.21548550536461,-11.0643084413896,8.21154,-11.05124,441.919308525827,417.599116144369,1987.5536980295,2011.87389041096,337800000
740,322,5.72825418382635,8.21548550536461,-11.0643084413896,8.21891463171018,-11.0643384647803,423.327370328195,417.599116144369,1987.5536980295,1993.28195221333,337800000
741,742,14.0263474351612,8.22937826554763,-11.0628212314054,8.22232331631907,-11.0616684533131,431.00930793672,416.982960501559,1986.93754238669,2000.96388982185,337800000
741,328,24.9856630927612,8.22937826554763,-11.0628212314054,8.18734026582305,-11.1349867646698,441.96862359432,416.982960501559,1986.93754238669,2011.92320547945,337800000
742,327,8.58945264390125,8.22232331631907,-11.0616684533131,8.17934156744166,-11.0807141577103,439.598760580621,431.00930793672,2000.96388982185,2009.55334246575,337800000
742,743,6.84078808819431,8.22232331631907,-11.0616684533131,8.21934534964822,-11.0654728973593,437.850096024914,431.00930793672,2000.96388982185,2007.80467791005,337800000
743,744,2.61700360232213,8.21934534964822,-11.0654728973593,8.21472125515621,-11.0577477517638,440.467099627236,437.850096024914,2007.80467791005,2010.42168151237,337800000
743,326,1.85003441872076,8.21934534964822,-11.0654728973593,8.21949154365716,-11.0649474896846,439.700130443635,437.850096024914,2007.80467791005,2009.65471232877,337800000
744,324,1.03577054242594,8.21472125515621,-11.0577477517638,8.2227470788507,-11.0576565132084,441.502870169662,440.467099627236,2010.42168151237,2011.45745205479,337800000
744,325,2.48260788055011,8.21472125515621,-11.0577477517638,8.21746720697396,-11.0581037182706,442.949707507786,440.467099627236,2010.42168151237,2012.90428939292,337800000
745,746,28.2455947195027,8.22699280697106,-11.0659839646939,8.22488355247681,-11.0709709125432,427.131272786593,398.88567806709,1968.84025995222,1997.08585467173,337800000
745,748,0.837458152937927,8.22699280697106,-11.0659839646939,8.2252442062736,-11.0668500796464,399.723136220028,398.88567806709,1968.84025995222,1969.67771810516,337800000
746,329,16.009953547453,8.22488355247681,-11.0709709125432,8.3188107,-11.3151104,443.141226334046,427.131272786593,1997.08585467173,2013.09580821918,337800000
746,747,14.1890195277717,8.22488355247681,-11.0709709125432,7.8617245636727,-11.1930396258797,441.320292314364,427.131272786593,1997.08585467173,2011.2748741995,337800000
747,331,1.56384142293017,7.8617245636727,-11.1930396258797,7.8633936399456,-11.1928599824893,442.884133737295,441.320292314364,2011.2748741995,2012.83871562243,337800000
747,330,0.412714841599147,7.8617245636727,-11.1930396258797,7.85964948762956,-11.2004001082781,441.733007155964,441.320292314364,2011.2748741995,2011.6875890411,337800000
748,751,2.07161061318755,8.2252442062736,-11.0668500796464,8.217380451551,-11.0706856595444,401.794746833216,399.723136220028,1969.67771810516,1971.74932871835,337800000
748,749,26.9483417478695,8.2252442062736,-11.0668500796464,8.22411436169093,-11.0685972150214,426.671477967897,399.723136220028,1969.67771810516,1996.62605985303,337800000
749,750,8.08605573014645,8.22411436169093,-11.0685972150214,8.03622390834686,-11.0054774359163,434.757533698044,426.671477967897,1996.62605985303,2004.71211558318,337800000
749,332,15.2533100099838,8.22411436169093,-11.0685972150214,8.18742954680796,-11.1371192645774,441.924787977881,426.671477967897,1996.62605985303,2011.87936986301,337800000
750,334,7.47359457476977,8.03622390834686,-11.0054774359163,8.00111935414288,-10.949768153081,442.231128272814,434.757533698044,2004.71211558318,2012.18571015795,337800000
750,333,7.18917208805668,8.03622390834686,-11.0054774359163,7.86422805430854,-11.7077602593715,441.946705786101,434.757533698044,2004.71211558318,2011.90128767123,337800000
751,336,40.365343188232,8.217380451551,-11.0706856595444,8.17955873837821,-11.0835876592306,442.160090021448,401.794746833216,1971.74932871835,2012.11467190658,337800000
751,335,37.5766164871316,8.217380451551,-11.0706856595444,8.22104320894072,-11.06170079222,439.371363320347,401.794746833216,1971.74932871835,2009.32594520548,337800000
752,753,1.18939898962521,7.99656879437717,-10.9487286709685,7.99589677808069,-10.9486817116893,388.271515357136,387.082116367511,1957.03669825264,1958.22609724227,337800000
752,759,23.1651619569149,7.99656879437717,-10.9487286709685,7.95092081987156,-11.0603846855867,410.247278324426,387.082116367511,1957.03669825264,1980.20186020956,337800000
753,755,24.8961376249104,7.99589677808069,-10.9486817116893,7.99854808977678,-10.9514565411912,413.167652982046,388.271515357136,1958.22609724227,1983.12223486718,337800000
753,754,13.8581263492889,7.99589677808069,-10.9486817116893,7.99891943297871,-10.9500020332451,402.129641706425,388.271515357136,1958.22609724227,1972.08422359156,337800000
754,338,3.43344937373237,7.99891943297871,-10.9500020332451,8.00001167597756,-10.9459896489914,405.563091080157,402.129641706425,1972.08422359156,1975.51767296529,337800000
754,339,4.34906601381197,7.99891943297871,-10.9500020332451,7.99442038325284,-10.9485605262639,406.478707720237,402.129641706425,1972.08422359156,1976.43328960537,337800000
755,756,0.351426039747274,7.99854808977678,-10.9514565411912,7.99403640468645,-10.9518540200806,413.519079021794,413.167652982046,1983.12223486718,1983.47366090693,337800000
755,340,26.921518557479,7.99854808977678,-10.9514565411912,8.18571871827052,-11.1387559289973,440.089171539525,413.167652982046,1983.12223486718,2010.04375342466,337800000
756,341,27.7563938875947,7.99403640468645,-10.9518540200806,7.99311924510148,-10.951593228773,441.275472909388,413.519079021794,1983.47366090693,2011.23005479452,337800000
756,757,7.06873443342634,7.99403640468645,-10.9518540200806,7.98367370916236,-10.9669133462943,420.58781345522,413.519079021794,1983.47366090693,1990.54239534035,337800000
757,758,11.9088561206021,7.98367370916236,-10.9669133462943,7.82014057052501,-10.9590274431953,432.496669575822,420.58781345522,1990.54239534035,2002.45125146095,337800000
757,342,6.18374174798019,7.98367370916236,-10.9669133462943,7.9933739822727,-10.9459389841532,426.7715552032,420.58781345522,1990.54239534035,1996.72613708833,337800000
758,344,7.16784442945667,7.82014057052501,-10.9590274431953,7.82,-10.95,439.664514005279,432.496669575822,2002.45125146095,2009.61909589041,337800000
758,343,10.0268084237676,7.82014057052501,-10.9590274431953,7.86450690619036,-11.1917051072503,442.52347799959,432.496669575822,2002.45125146095,2012.47805988472,337800000
759,760,23.6895710687165,7.95092081987156,-11.0603846855867,7.94480546530639,-11.0693205954895,433.936849393142,410.247278324426,1980.20186020956,2003.89143127827,337800000
759,348,32.0439592380056,7.95092081987156,-11.0603846855867,7.925974,-11.054267,442.291237562431,410.247278324426,1980.20186020956,2012.24581944756,337800000
760,761,6.69802999269596,7.94480546530639,-11.0693205954895,7.88512868831777,-11.211630363119,440.634879385838,433.936849393142,2003.89143127827,2010.58946127097,337800000
760,345,9.53314406419128,7.94480546530639,-11.0693205954895,7.65,-11.133333,443.469993457333,433.936849393142,2003.89143127827,2013.42457534247,337800000
761,347,2.46672013712672,7.88512868831777,-11.211630363119,8.87184,-12.038183,443.101599522965,440.634879385838,2010.58946127097,2013.0561814081,337800000
761,346,2.9392236605365,7.88512868831777,-11.211630363119,7.85944694406521,-11.1948772456396,443.574103046375,440.634879385838,2010.58946127097,2013.52868493151,337800000
762,763,53.1868284749116,10.550807440866,-7.12936788456642,10.5470298191358,-7.1421052110109,377.686111607541,324.499283132629,1894.45386501776,1947.64069349267,337800000
762,764,95.3929066712621,10.550807440866,-7.12936788456642,10.5975767234165,-7.15099500464345,419.892189803891,324.499283132629,1894.45386501776,1989.84677168902,337800000
763,351,64.5926774366595,10.5470298191358,-7.1421052110109,10.3831,-7.1517,442.2787890442,377.686111607541,1947.64069349267,2012.23337092933,337800000
763,352,64.595534484541,10.5470298191358,-7.1421052110109,10.397222,-7.259167,442.281646092082,377.686111607541,1947.64069349267,2012.23622797721,337800000
764,766,8.91434022733205,10.5975767234165,-7.15099500464345,10.5974279021115,-7.15293482130379,428.806530031223,419.892189803891,1989.84677168902,1998.76111191636,337800000
764,765,2.97429913902214,10.5975767234165,-7.15099500464345,10.5965347174162,-7.15400475917452,422.866488942914,419.892189803891,1989.84677168902,1992.82107082805,337800000
765,354,19.3482458872772,10.5965347174162,-7.15400475917452,10.5874870414525,-7.15637444806327,442.214734830191,422.866488942914,1992.82107082805,2012.16931671532,337800000
765,353,17.0060004603054,10.5965347174162,-7.15400475917452,10.5919600563531,-7.15616888594911,439.872489403219,422.866488942914,1992.82107082805,2009.82707128835,337800000
766,355,13.4082047989673,10.5974279021115,-7.15293482130379,10.6164,-7.1583,442.214734830191,428.806530031223,1998.76111191636,2012.16931671532,337800000
766,767,3.39429776608137,10.5974279021115,-7.15293482130379,10.5944961036108,-7.15488281674683,432.200827797305,428.806530031223,1998.76111191636,2002.15540968244,337800000
767,356,6.97327524906965,10.5944961036108,-7.15488281674683,10.5919423010179,-7.15361823441632,439.174103046374,432.200827797305,2002.15540968244,2009.12868493151,337800000
767,357,7.20108114856696,10.5944961036108,-7.15488281674683,10.5921745851187,-7.15512896481706,439.401908945872,432.200827797305,2002.15540968244,2009.356490831,337800000
