node1,node2,length,startLat,startLon,endLat,endLon,endNodeL,startNodeL,startYear,endYear,treeID
414,415,44.5485958594139,10.3757376196601,-7.216892690354,7.91499961862466,-10.8029018816685,290.958070468967,246.409474609553,1772.48706335625,1817.03565921566,888000000
414,556,120.241246053293,10.3757376196601,-7.216892690354,10.3746987080525,-7.21396255620996,366.650720662847,246.409474609553,1772.48706335625,1892.72830940954,888000000
415,416,76.4599613177276,7.91499961862466,-10.8029018816685,6.99479094415892,-9.4764414097017,367.418031786695,290.958070468967,1817.03565921566,1893.49562053339,888000000
415,421,3.88444231146934,7.91499961862466,-10.8029018816685,7.91441296866408,-10.8037701632588,294.842512780437,290.958070468967,1817.03565921566,1820.92010152713,888000000
416,420,70.380900985865,6.99479094415892,-9.4764414097017,6.98014129657603,-9.46978086022866,437.79893277256,367.418031786695,1893.49562053339,1963.87652151926,888000000
416,417,99.3426810935523,6.99479094415892,-9.4764414097017,6.99719668471322,-9.48103454212729,466.760712880247,367.418031786695,1893.49562053339,1992.83830162694,888000000
417,4,24.2794244004536,6.99719668471322,-9.48103454212729,6.99123034527496,-9.47557460486224,491.040137280701,466.760712880247,1992.83830162694,2017.1177260274,888000000
417,418,7.31140176106983,6.99719668471322,-9.48103454212729,6.99992149010591,-9.48077152211137,474.072114641317,466.760712880247,1992.83830162694,2000.14970338801,888000000
418,1,10.9872007215755,6.99992149010591,-9.48077152211137,6.98986,-9.580031,485.059315362893,474.072114641317,2000.14970338801,2011.13690410959,888000000
418,419,3.02816574655231,6.99992149010591,-9.48077152211137,6.99669041290332,-9.47010645578737,477.100280387869,474.072114641317,2000.14970338801,2003.17786913457,888000000
419,3,12.9750541381342,6.99669041290332,-9.47010645578737,6.99869040407204,-9.46825833507189,490.075334526004,477.100280387869,2003.17786913457,2016.1529232727,888000000
419,2,8.10424045447521,6.99669041290332,-9.47010645578737,6.99577129691879,-9.46825971402519,485.204520842345,477.100280387869,2003.17786913457,2011.28210958904,888000000
420,5,52.4048170539901,6.98014129657603,-9.46978086022866,7.24306,-8.87194,490.20374982655,437.79893277256,1963.87652151926,2016.28133857325,888000000
420,6,53.4603825903327,6.98014129657603,-9.46978086022866,6.99226124194453,-9.47060631423546,491.259315362893,437.79893277256,1963.87652151926,2017.33690410959,888000000
421,422,126.654411311779,7.91441296866408,-10.8037701632588,9.97029775454595,-10.7280500105953,421.496924092216,294.842512780437,1820.92010152713,1947.57451283891,888000000
421,478,58.2133109727653,7.91441296866408,-10.8037701632588,7.98395738999322,-10.7643843591165,353.055823753202,294.842512780437,1820.92010152713,1879.1334124999,888000000
422,423,9.29036537270489,9.97029775454595,-10.7280500105953,9.95651529066093,-10.725267799814,430.78728946492,421.496924092216,1947.57451283891,1956.86487821162,888000000
422,477,58.6921203702177,9.97029775454595,-10.7280500105953,9.95478642891589,-10.7334072576803,480.189044462433,421.496924092216,1947.57451283891,2006.26663320913,888000000
423,424,0.963588570077839,9.95651529066093,-10.725267799814,9.95599233264809,-10.7246590627014,431.750878034998,430.78728946492,1956.86487821162,1957.82846678169,888000000
423,475,14.4272082550434,9.95651529066093,-10.725267799814,9.95550169244037,-10.7247901415754,445.214497719964,430.78728946492,1956.86487821162,1971.29208646666,888000000
424,425,3.09950742441936,9.95599233264809,-10.7246590627014,9.95675038971313,-10.731874333698,434.850385459418,431.750878034998,1957.82846678169,1960.92797420611,888000000
424,427,9.72727426319363,9.95599233264809,-10.7246590627014,9.95134091321661,-10.7332624594924,441.478152298192,431.750878034998,1957.82846678169,1967.55574104489,888000000
425,426,14.6722877839241,9.95675038971313,-10.731874333698,10.0518776846648,-10.6688321502915,449.522673243342,434.850385459418,1960.92797420611,1975.60026199004,888000000
425,7,35.1631196154704,9.95675038971313,-10.731874333698,10.0427235875248,-10.7525804382518,470.013505074888,434.850385459418,1960.92797420611,1996.09109382158,888000000
426,8,38.3065051332494,10.0518776846648,-10.6688321502915,10.1386844039668,-10.6034391503057,487.829178376591,449.522673243342,1975.60026199004,2013.90676712329,888000000
426,9,38.6544503387288,10.0518776846648,-10.6688321502915,10.0560590358326,-10.6698153046168,488.177123582071,449.522673243342,1975.60026199004,2014.25471232877,888000000
427,428,0.923063062284385,9.95134091321661,-10.7332624594924,9.95188364112201,-10.7309983239081,442.401215360476,441.478152298192,1967.55574104489,1968.47880410717,888000000
427,466,2.17640952836735,9.95134091321661,-10.7332624594924,9.95872696207256,-10.7379363600722,443.654561826559,441.478152298192,1967.55574104489,1969.73215057326,888000000
428,429,8.59682482111906,9.95188364112201,-10.7309983239081,9.9545001943578,-10.7313691370784,450.998040181595,442.401215360476,1968.47880410717,1977.07562892829,888000000
428,439,9.36200199267778,9.95188364112201,-10.7309983239081,9.95300504539311,-10.734227709237,451.763217353154,442.401215360476,1968.47880410717,1977.84080609985,888000000
429,430,5.53598381563408,9.9545001943578,-10.7313691370784,9.9514423344682,-10.728614201305,456.534023997229,450.998040181595,1977.07562892829,1982.61161274393,888000000
429,431,3.78919696293703,9.9545001943578,-10.7313691370784,10.001394185418,-10.7469584067963,454.787237144532,450.998040181595,1977.07562892829,1980.86482589123,888000000
430,11,31.6677571190878,9.9514423344682,-10.728614201305,9.95685742566036,-10.7310593625809,488.201781116317,456.534023997229,1982.61161274393,2014.27936986301,888000000
430,10,31.27597629717,9.9514423344682,-10.728614201305,9.95058001860519,-10.7281308552527,487.810000294399,456.534023997229,1982.61161274393,2013.8875890411,888000000
431,12,15.8219182914152,10.001394185418,-10.7469584067963,10.0483554662745,-10.7494595398443,470.609155435948,454.787237144532,1980.86482589123,1996.68674418264,888000000
431,432,2.49237805232357,10.001394185418,-10.7469584067963,9.93664002215391,-10.8986478200108,457.279615196856,454.787237144532,1980.86482589123,1983.35720394355,888000000
432,438,19.105306634775,9.93664002215391,-10.8986478200108,9.94134272761118,-10.8934363800725,476.384921831631,457.279615196856,1983.35720394355,2002.46251057833,888000000
432,433,3.53750549337302,9.93664002215391,-10.8986478200108,9.99965326889096,-10.9736956645658,460.817120690229,457.279615196856,1983.35720394355,1986.89470943693,888000000
433,13,24.9189070014307,9.99965326889096,-10.9736956645658,10.0039393669805,-10.9720957485805,485.73602769166,460.817120690229,1986.89470943693,2011.81361643836,888000000
433,434,5.41462109999641,9.99965326889096,-10.9736956645658,10.0032342782993,-10.9727758515175,466.231741790225,460.817120690229,1986.89470943693,1992.30933053692,888000000
434,435,5.46409183675791,10.0032342782993,-10.9727758515175,10.0021175330294,-10.9744946009868,471.695833626983,466.231741790225,1992.30933053692,1997.77342237368,888000000
434,437,7.67911410815785,10.0032342782993,-10.9727758515175,9.83949636722002,-11.0391447230383,473.910855898383,466.231741790225,1992.30933053692,1999.98844464508,888000000
435,436,0.183147676154963,10.0021175330294,-10.9744946009868,10.0017628308254,-10.974608553717,471.878981303138,471.695833626983,1997.77342237368,1997.95657004983,888000000
435,16,6.66500439579391,10.0021175330294,-10.9744946009868,10.0048580375497,-10.9731234140385,478.360838022777,471.695833626983,1997.77342237368,2004.43842676947,888000000
436,15,6.12804721193625,10.0017628308254,-10.974608553717,9.99791563319256,-10.9690223058212,478.007028515074,471.878981303138,1997.95657004983,2004.08461726177,888000000
436,14,5.31008373382977,10.0017628308254,-10.974608553717,10.0024738232854,-10.9755585894906,477.189065036968,471.878981303138,1997.95657004983,2003.26665378366,888000000
437,18,4.00775748906089,9.83949636722002,-11.0391447230383,9.83632088618089,-11.0377027726474,477.918613387444,473.910855898383,1999.98844464508,2003.99620213414,888000000
437,17,3.95068455064384,9.83949636722002,-11.0391447230383,9.83913586591659,-11.0411211680559,477.861540449027,473.910855898383,1999.98844464508,2003.93912919572,888000000
438,20,11.4332976408505,9.94134272761118,-10.8934363800725,9.94074651781,-10.8972674966096,487.818219472481,476.384921831631,2002.46251057833,2013.89580821918,888000000
438,19,11.4387770929055,9.94134272761118,-10.8934363800725,9.94574658697416,-10.8885860784656,487.823698924536,476.384921831631,2002.46251057833,2013.90128767123,888000000
439,440,0.160476600214992,9.95300504539311,-10.734227709237,9.95188878222512,-10.736312949179,451.923693953369,451.763217353154,1977.84080609985,1978.00128270007,888000000
439,21,36.044043215218,9.95300504539311,-10.734227709237,9.95481863480687,-10.7337110665471,487.807260568372,451.763217353154,1977.84080609985,2013.88484931507,888000000
440,441,1.13441190523633,9.95188878222512,-10.736312949179,9.95185812806415,-10.7366855367439,453.058105858605,451.923693953369,1978.00128270007,1979.1356946053,888000000
440,464,6.75455292567202,9.95188878222512,-10.736312949179,9.95805511603959,-10.7301066179405,458.678246879041,451.923693953369,1978.00128270007,1984.75583562574,888000000
441,463,19.6958655526315,9.95185812806415,-10.7366855367439,9.91557805484238,-10.7941638195392,472.753971411237,453.058105858605,1979.1356946053,1998.83156015793,888000000
441,442,5.58765855524113,9.95185812806415,-10.7366855367439,10.0581076206955,-10.5805734753776,458.645764413847,453.058105858605,1979.1356946053,1984.72335316054,888000000
442,443,2.63463449864078,10.0581076206955,-10.5805734753776,10.0595433917939,-10.5831334218267,461.280398912487,458.645764413847,1984.72335316054,1987.35798765918,888000000
442,43,18.8113709378111,10.0581076206955,-10.5805734753776,10.0639207822923,-10.5898645465392,477.457135351658,458.645764413847,1984.72335316054,2003.53472409835,888000000
443,444,6.839556182478,10.0595433917939,-10.5831334218267,10.0595296098988,-10.5805242783274,468.119955094965,461.280398912487,1987.35798765918,1994.19754384166,888000000
443,461,7.30439942256435,10.0595433917939,-10.5831334218267,10.0584255767593,-10.583221430043,468.584798335052,461.280398912487,1987.35798765918,1994.66238708175,888000000
444,445,0.0600708519492557,10.0595296098988,-10.5805242783274,10.0597783318085,-10.5807708154363,468.180025946914,468.119955094965,1994.19754384166,1994.25761469361,888000000
444,460,1.22638260922123,10.0595296098988,-10.5805242783274,10.2163928055121,-10.6895050800877,469.346337704187,468.119955094965,1994.19754384166,1995.42392645088,888000000
445,446,1.10045119036457,10.0597783318085,-10.5807708154363,10.0585691723781,-10.5829898175136,469.280477137279,468.180025946914,1994.25761469361,1995.35806588398,888000000
445,37,8.95255678326349,10.0597783318085,-10.5807708154363,10.0598190212552,-10.58957307118,477.132582730178,468.180025946914,1994.25761469361,2003.21017147687,888000000
446,457,2.41625508418301,10.0585691723781,-10.5829898175136,10.0613460829928,-10.5816971572284,471.696732221462,469.280477137279,1995.35806588398,1997.77432096816,888000000
446,447,0.486736811603286,10.0585691723781,-10.5829898175136,10.1414542521176,-10.6080922702978,469.767213948882,469.280477137279,1995.35806588398,1995.84480269558,888000000
447,451,1.10890450555336,10.1414542521176,-10.6080922702978,10.0575372154934,-10.6681960014293,470.876118454436,469.767213948882,1995.84480269558,1996.95370720113,888000000
447,448,2.81286911479664,10.1414542521176,-10.6080922702978,10.1422593559637,-10.6047124608499,472.580083063679,469.767213948882,1995.84480269558,1998.65767181038,888000000
448,22,15.2490953129121,10.1422593559637,-10.6047124608499,10.1458418302088,-10.6057345646108,487.829178376591,472.580083063679,1998.65767181038,2013.90676712329,888000000
448,449,1.22005080983536,10.1422593559637,-10.6047124608499,10.1424402174024,-10.60535662593,473.800133873514,472.580083063679,1998.65767181038,1999.87772262021,888000000
449,450,0.700753284579939,10.1424402174024,-10.60535662593,10.1427593585251,-10.6060450953417,474.500887158094,473.800133873514,1999.87772262021,2000.57847590479,888000000
449,23,14.0290445030768,10.1424402174024,-10.60535662593,10.1390656513681,-10.6013596891247,487.829178376591,473.800133873514,1999.87772262021,2013.90676712329,888000000
450,24,4.17827250452115,10.1427593585251,-10.6060450953417,10.056921590838,-10.5847840021195,478.679159662615,474.500887158094,2000.57847590479,2004.75674840931,888000000
450,25,13.3310309445242,10.1427593585251,-10.6060450953417,10.145600718245,-10.6052792752324,487.831918102618,474.500887158094,2000.57847590479,2013.90950684932,888000000
451,452,0.485243293077168,10.0575372154934,-10.6681960014293,10.0585774439631,-10.6664467707004,471.361361747513,470.876118454436,1996.95370720113,1997.43895049421,888000000
451,32,16.9037448536623,10.0575372154934,-10.6681960014293,10.0588939513061,-10.6689426182082,487.779863308098,470.876118454436,1996.95370720113,2013.85745205479,888000000
452,31,16.4157618345578,10.0585774439631,-10.6664467707004,10.0542532075205,-10.6696396691736,487.777123582071,471.361361747513,1997.43895049421,2013.85471232877,888000000
452,453,6.15730494392656,10.0585774439631,-10.6664467707004,10.0563642646211,-10.6674122543579,477.518666691439,471.361361747513,1997.43895049421,2003.59625543814,888000000
453,30,10.2557171646038,10.0563642646211,-10.6674122543579,10.055617817385,-10.6695159760607,487.774383856043,477.518666691439,2003.59625543814,2013.85197260274,888000000
453,454,1.09296898833282,10.0563642646211,-10.6674122543579,10.0555639839571,-10.6674423221532,478.611635679772,477.518666691439,2003.59625543814,2004.68922442647,888000000
454,26,9.56274817627088,10.0555639839571,-10.6674423221532,10.055223148418,-10.6609314682178,488.174383856043,478.611635679772,2004.68922442647,2014.25197260274,888000000
454,455,2.533624981521,10.0555639839571,-10.6674423221532,10.0585022406897,-10.6670358620043,481.145260661293,478.611635679772,2004.68922442647,2007.22284940799,888000000
455,27,6.63186292077737,10.0585022406897,-10.6670358620043,10.0583213951363,-10.666893839295,487.777123582071,481.145260661293,2007.22284940799,2013.85471232877,888000000
455,456,2.24505108607061,10.0585022406897,-10.6670358620043,10.0596836739885,-10.6663401137839,483.390311747364,481.145260661293,2007.22284940799,2009.46790049406,888000000
456,28,4.78407210867927,10.0596836739885,-10.6663401137839,10.0602520186504,-10.6628335080402,488.174383856043,483.390311747364,2009.46790049406,2014.25197260274,888000000
456,29,4.38407210867941,10.0596836739885,-10.6663401137839,10.0614473722481,-10.6668357446982,487.774383856043,483.390311747364,2009.46790049406,2013.85197260274,888000000
457,458,1.33650151028625,10.0613460829928,-10.5816971572284,10.0567354682269,-10.5834170540392,473.033233731748,471.696732221462,1997.77432096816,1999.11082247845,888000000
457,36,5.85929485342406,10.0613460829928,-10.5816971572284,10.0571832417801,-10.5858175437966,477.556027074886,471.696732221462,1997.77432096816,2003.63361582158,888000000
458,35,12.6918350558016,10.0567354682269,-10.5834170540392,10.0607502758935,-10.5817061825749,485.72506878755,473.033233731748,1999.11082247845,2011.80265753425,888000000
458,459,0.559300208409301,10.0567354682269,-10.5834170540392,10.0568508538555,-10.5834397338223,473.592533940158,473.033233731748,1999.11082247845,1999.67012268685,888000000
459,33,3.79690572807132,10.0568508538555,-10.5834397338223,10.0560699993018,-10.581524513288,477.389439668229,473.592533940158,1999.67012268685,2003.46702841493,888000000
459,34,12.1270553953376,10.0568508538555,-10.5834397338223,10.0635530029108,-10.5856037451324,485.719589335495,473.592533940158,1999.67012268685,2011.79717808219,888000000
460,39,18.526676288843,10.2163928055121,-10.6895050800877,10.2194783452606,-10.6895114853687,487.87301399303,469.346337704187,1995.42392645088,2013.95060273973,888000000
460,38,18.5321557408978,10.2163928055121,-10.6895050800877,10.2124442799791,-10.686468277605,487.878493445084,469.346337704187,1995.42392645088,2013.95608219178,888000000
461,42,8.69820094170234,10.0584255767593,-10.583221430043,10.0579049743995,-10.5817850615733,477.282999276754,468.584798335052,1994.66238708175,2003.36058802345,888000000
461,462,3.54878229188255,10.0584255767593,-10.583221430043,10.059118129379,-10.5817223580437,472.133580626934,468.584798335052,1994.66238708175,1998.21116937363,888000000
462,40,13.5860087085611,10.059118129379,-10.5817223580437,10.0553167868118,-10.5818074125265,485.719589335495,472.133580626934,1998.21116937363,2011.79717808219,888000000
462,41,6.17672657666495,10.059118129379,-10.5817223580437,10.0613749188895,-10.5879404945555,478.310307203599,472.133580626934,1998.21116937363,2004.3878959503,888000000
463,45,15.4368508009707,9.91557805484238,-10.7941638195392,9.91591044780464,-10.7953594360413,488.190822212208,472.753971411237,1998.83156015793,2014.2684109589,888000000
463,44,15.4341110749433,9.91557805484238,-10.7941638195392,9.91390338608288,-10.8018492806487,488.18808248618,472.753971411237,1998.83156015793,2014.26567123288,888000000
464,46,29.115315059194,9.95805511603959,-10.7301066179405,9.80325867725683,-10.8590910277093,487.793561938235,458.678246879041,1984.75583562574,2013.87115068493,888000000
464,465,5.70073197025801,9.95805511603959,-10.7301066179405,9.95101510642155,-10.7272951127658,464.378978849299,458.678246879041,1984.75583562574,1990.456567596,888000000
465,48,23.4638981574291,9.95101510642155,-10.7272951127658,10.0578167,-10.7383667,487.842877006728,464.378978849299,1990.456567596,2013.92046575342,888000000
465,47,23.4310214451003,9.95101510642155,-10.7272951127658,9.95013335743078,-10.727449153252,487.810000294399,464.378978849299,1990.456567596,2013.8875890411,888000000
466,471,12.4628986662291,9.95872696207256,-10.7379363600722,10.0014188811228,-10.9794379911716,456.117460492788,443.654561826559,1969.73215057326,1982.19504923948,888000000
466,467,9.76598463745236,9.95872696207256,-10.7379363600722,9.84333774898271,-11.0289164156006,453.420546464012,443.654561826559,1969.73215057326,1979.49813521071,888000000
467,468,1.11831271625088,9.84333774898271,-11.0289164156006,9.80804949900127,-10.8639346200949,454.538859180262,453.420546464012,1979.49813521071,1980.61644792696,888000000
467,53,23.8908236934015,9.84333774898271,-11.0289164156006,9.83624129373301,-11.0389946921061,477.311370157413,453.420546464012,1979.49813521071,2003.38895890411,888000000
468,49,33.2574424839999,9.80804949900127,-10.8639346200949,9.80892688038619,-10.8682184919083,487.796301664262,454.538859180262,1980.61644792696,2013.87389041096,888000000
468,469,15.168601615436,9.80804949900127,-10.8639346200949,9.80651079864445,-10.8668011976022,469.707460795698,454.538859180262,1980.61644792696,1995.7850495424,888000000
469,470,7.42888463352739,9.80651079864445,-10.8668011976022,9.80993383416689,-10.8644189208129,477.136345429226,469.707460795698,1995.7850495424,2003.21393417592,888000000
469,50,18.0915805945913,9.80651079864445,-10.8668011976022,9.80790049367621,-10.8668435448257,487.79904139029,469.707460795698,1995.7850495424,2013.87663013699,888000000
470,51,11.0161206185982,9.80993383416689,-10.8644189208129,9.80969579897337,-10.8662419141736,488.152466047824,477.136345429226,2003.21393417592,2014.23005479452,888000000
470,52,10.6572165090092,9.80993383416689,-10.8644189208129,9.80291990309585,-10.8587545896676,487.793561938235,477.136345429226,2003.21393417592,2013.87115068493,888000000
471,473,5.6582623296516,10.0014188811228,-10.9794379911716,9.99968164376406,-10.9698470396982,461.77572282244,456.117460492788,1982.19504923948,1987.85331156914,888000000
471,472,9.31402068943174,10.0014188811228,-10.9794379911716,10.0022445875211,-10.976231050309,465.43148118222,456.117460492788,1982.19504923948,1991.50906992892,888000000
472,54,11.6256278419448,10.0022445875211,-10.976231050309,10.0028891422048,-10.9776897871483,477.057109024165,465.43148118222,1991.50906992892,2003.13469777086,888000000
472,55,12.4929274443076,10.0022445875211,-10.976231050309,9.99960345523229,-10.9770297115408,477.924408626528,465.43148118222,1991.50906992892,2004.00199737322,888000000
473,474,8.01409491928657,9.99968164376406,-10.9698470396982,9.99733770653213,-10.9709045265174,469.789817741726,461.77572282244,1987.85331156914,1995.86740648842,888000000
473,56,23.954825417165,9.99968164376406,-10.9698470396982,9.9989802962616,-10.9696896197892,485.730548239605,461.77572282244,1987.85331156914,2011.8081369863,888000000
474,58,7.38232437061229,9.99733770653213,-10.9709045265174,9.99674473364315,-10.9701748091543,477.172142112339,469.789817741726,1995.86740648842,2003.24973085904,888000000
474,57,7.57730136183765,9.99733770653213,-10.9709045265174,10.004126588133,-10.9773223311528,477.367119103564,469.789817741726,1995.86740648842,2003.44470785026,888000000
475,476,4.8309294304074,9.95550169244037,-10.7247901415754,9.80545195368742,-10.8640398743208,450.045427150371,445.214497719964,1971.29208646666,1976.12301589707,888000000
475,61,32.1782394008549,9.95550169244037,-10.7247901415754,10.0569386481779,-10.5876342214961,477.392737120819,445.214497719964,1971.29208646666,2003.47032586752,888000000
476,59,37.7481347878638,9.80545195368742,-10.8640398743208,9.80704906068739,-10.865321646781,487.793561938235,450.045427150371,1976.12301589707,2013.87115068493,888000000
476,60,38.1097786234802,9.80545195368742,-10.8640398743208,9.80344207086108,-10.8634552543664,488.155205773851,450.045427150371,1976.12301589707,2014.23279452055,888000000
477,63,7.62095583196617,9.95478642891589,-10.7334072576803,9.95035793243325,-10.731981692456,487.810000294399,480.189044462433,2006.26663320913,2013.8875890411,888000000
477,62,7.61821610593881,9.95478642891589,-10.7334072576803,9.95382244524121,-10.732885518813,487.807260568372,480.189044462433,2006.26663320913,2013.88484931507,888000000
478,479,11.6439049892113,7.98395738999322,-10.7643843591165,8.45069442400742,-10.6123128047329,364.699728742413,353.055823753202,1879.1334124999,1890.77731748911,888000000
478,488,4.85578641011753,7.98395738999322,-10.7643843591165,7.98351352203321,-10.7621511867276,357.91161016332,353.055823753202,1879.1334124999,1883.98919891002,888000000
479,480,24.0539848199604,8.45069442400742,-10.6123128047329,8.45044162330201,-10.6069590238454,388.753713562374,364.699728742413,1890.77731748911,1914.83130230907,888000000
479,482,1.5771481237532,8.45069442400742,-10.6123128047329,8.44704873412731,-10.6352235713638,366.276876866167,364.699728742413,1890.77731748911,1892.35446561286,888000000
480,64,83.1242090313612,8.45044162330201,-10.6069590238454,9.192085,-10.113945,471.877922593735,388.753713562374,1914.83130230907,1997.95551134043,888000000
480,481,85.1238799090126,8.45044162330201,-10.6069590238454,8.3389914170946,-10.5455943387443,473.877593471386,388.753713562374,1914.83130230907,1999.95518221808,888000000
481,66,5.67282063312257,8.3389914170946,-10.5455943387443,8.33843235688639,-10.5467466500174,479.550414104509,473.877593471386,1999.95518221808,2005.62800285121,888000000
481,65,5.83174286251626,8.3389914170946,-10.5455943387443,8.34149245272478,-10.5411078003556,479.709336333903,473.877593471386,1999.95518221808,2005.7869250806,888000000
482,487,94.9574442854912,8.44704873412731,-10.6352235713638,7.75972252198306,-8.81779193100265,461.234321151658,366.276876866167,1892.35446561286,1987.31190989835,888000000
482,483,83.7033015689976,8.44704873412731,-10.6352235713638,9.86698017688869,-12.4257427869549,449.980178435164,366.276876866167,1892.35446561286,1976.05776718186,888000000
483,71,38.2900958318379,9.86698017688869,-12.4257427869549,9.86942573839279,-12.4297448959594,488.270274267002,449.980178435164,1976.05776718186,2014.3478630137,888000000
483,484,2.67089018628917,9.86698017688869,-12.4257427869549,9.87024918666265,-12.4309236459985,452.651068621453,449.980178435164,1976.05776718186,1978.72865736815,888000000
484,70,35.6246850976037,9.87024918666265,-12.4309236459985,9.86801726888454,-12.4325554479812,488.275753719057,452.651068621453,1978.72865736815,2014.35334246575,888000000
484,485,6.31906467965301,9.87024918666265,-12.4309236459985,9.86726285456043,-12.4307732188168,458.970133301106,452.651068621453,1978.72865736815,1985.0477220478,888000000
485,67,29.3001409658957,9.86726285456043,-12.4307732188168,9.86828937810808,-12.4327601984687,488.270274267002,458.970133301106,1985.0477220478,2014.3478630137,888000000
485,486,11.0615968713885,9.86726285456043,-12.4307732188168,9.86723360607306,-12.431041840914,470.031730172495,458.970133301106,1985.0477220478,1996.10931891919,888000000
486,68,18.2412838205346,9.86723360607306,-12.431041840914,9.86897650067592,-12.4313276023754,488.273013993029,470.031730172495,1996.10931891919,2014.35060273973,888000000
486,69,18.2412838205346,9.86723360607306,-12.431041840914,9.8747622816394,-12.4303855870417,488.273013993029,470.031730172495,1996.10931891919,2014.35060273973,888000000
487,72,10.6534056669635,7.75972252198306,-8.81779193100265,7.75637564014736,-8.81352241497585,471.887726818621,461.234321151658,1987.31190989835,1997.96531556532,888000000
487,73,31.6537514468472,7.75972252198306,-8.81779193100265,7.75973597694505,-8.81619622076109,492.888072598505,461.234321151658,1987.31190989835,2018.9656613452,888000000
488,489,20.4637365887068,7.98351352203321,-10.7621511867276,7.86567245785701,-11.7138675513936,378.375346752026,357.91161016332,1883.98919891002,1904.45293549872,888000000
488,74,92.43212117344,7.98351352203321,-10.7621511867276,7.9935681,-10.7537466,450.34373133676,357.91161016332,1883.98919891002,1976.42132008346,888000000
489,490,3.73678762097499,7.86567245785701,-11.7138675513936,7.86222479623438,-11.7137911988194,382.112134373001,378.375346752026,1904.45293549872,1908.1897231197,888000000
489,551,85.2483499558626,7.86567245785701,-11.7138675513936,7.87633781134858,-11.7047367441473,463.623696707889,378.375346752026,1904.45293549872,1989.70128545459,888000000
490,491,4.26145919399977,7.86222479623438,-11.7137911988194,7.86186055482292,-11.7130013450303,386.373593567001,382.112134373001,1908.1897231197,1912.4511823137,888000000
490,548,64.1143964518708,7.86222479623438,-11.7137911988194,7.86312586512652,-11.7104348364424,446.226530824872,382.112134373001,1908.1897231197,1972.30411957157,888000000
491,492,4.99509652105095,7.86186055482292,-11.7130013450303,8.22066003635049,-11.0609993072718,391.368690088052,386.373593567001,1912.4511823137,1917.44627883475,888000000
491,132,99.8001016147401,7.86186055482292,-11.7130013450303,7.86455310244616,-11.7100649924644,486.173695181741,386.373593567001,1912.4511823137,2012.25128392844,888000000
492,131,93.605693767991,8.22066003635049,-11.0609993072718,8.22091491824728,-11.0642186391829,484.974383856043,391.368690088052,1917.44627883475,2011.05197260274,888000000
492,493,4.44210412996607,8.22066003635049,-11.0609993072718,8.22264226706754,-11.0626605992833,395.810794218018,391.368690088052,1917.44627883475,1921.88838296471,888000000
493,495,30.0239887548461,8.22264226706754,-11.0626605992833,8.2247465843741,-11.0587328464528,425.834782972864,395.810794218018,1921.88838296471,1951.91237171956,888000000
493,494,65.327413523672,8.22264226706754,-11.0626605992833,8.2649450868183,-11.0397368553666,461.13820774169,395.810794218018,1921.88838296471,1987.21579648839,888000000
494,76,22.3841213198324,8.2649450868183,-11.0397368553666,8.02,-11.58,483.522329061523,461.13820774169,1987.21579648839,2009.59991780822,888000000
494,75,22.3649432376407,8.2649450868183,-11.0397368553666,8.28,-11.01,483.503150979331,461.13820774169,1987.21579648839,2009.58073972603,888000000
495,496,7.54320269358401,8.2247465843741,-11.0587328464528,7.99508088062727,-10.9461982914527,433.377985666448,425.834782972864,1951.91237171956,1959.45557441314,888000000
495,506,7.10441032890498,8.2247465843741,-11.0587328464528,8.21688371908233,-11.0616600002786,432.939193301769,425.834782972864,1951.91237171956,1959.01678204847,888000000
496,497,2.72473955733209,7.99508088062727,-10.9461982914527,7.9941808095182,-10.9485241506679,436.10272522378,433.377985666448,1959.45557441314,1962.18031397048,888000000
496,505,15.5952887139244,7.99508088062727,-10.9461982914527,7.99995955519176,-10.9457064719261,448.973274380373,433.377985666448,1959.45557441314,1975.05086312707,888000000
497,502,19.759447308004,7.9941808095182,-10.9485241506679,7.92586102969839,-11.0608531750528,455.862172531784,436.10272522378,1962.18031397048,1981.93976127848,888000000
497,498,24.4874933805177,7.9941808095182,-10.9485241506679,7.988671358246,-10.9481802878402,460.590218604298,436.10272522378,1962.18031397048,1986.66780735099,888000000
498,77,24.5622474435261,7.988671358246,-10.9481802878402,7.99311924510148,-10.951593228773,485.152466047824,460.590218604298,1986.66780735099,2011.23005479452,888000000
498,499,1.43765574749691,7.988671358246,-10.9481802878402,7.98866731888724,-10.9475875018365,462.027874351795,460.590218604298,1986.66780735099,1988.10546309849,888000000
499,501,8.27545095973038,7.98866731888724,-10.9475875018365,7.8175127694163,-10.9527280263347,470.303325311525,462.027874351795,1988.10546309849,1996.38091405822,888000000
499,500,0.711204136383955,7.98866731888724,-10.9475875018365,7.98916992290366,-10.9476828764721,462.739078488179,462.027874351795,1988.10546309849,1988.81666723488,888000000
500,79,21.2270861897822,7.98916992290366,-10.9476828764721,8.18571871827052,-11.1387559289973,483.966164677961,462.739078488179,1988.81666723488,2010.04375342466,888000000
500,78,8.01267488686572,7.98916992290366,-10.9476828764721,7.9933739822727,-10.9459389841532,470.751753375045,462.739078488179,1988.81666723488,1996.82934212174,888000000
501,81,13.2381818321892,7.8175127694163,-10.9527280263347,7.82,-10.95,483.541507143715,470.303325311525,1996.38091405822,2009.61909589041,888000000
501,80,16.0971458265001,7.8175127694163,-10.9527280263347,7.86450690619036,-11.1917051072503,486.400471138025,470.303325311525,1996.38091405822,2012.47805988472,888000000
502,85,30.3060581690827,7.92586102969839,-11.0608531750528,7.925974,-11.054267,486.168230700867,455.862172531784,1981.93976127848,2012.24581944756,888000000
502,503,22.3952077263427,7.92586102969839,-11.0608531750528,7.6447963996796,-11.1407553096105,478.257380258127,455.862172531784,1981.93976127848,2004.33496900482,888000000
503,504,5.7934463329969,7.6447963996796,-11.1407553096105,7.86758161428176,-11.1891181712513,484.050826591124,478.257380258127,2004.33496900482,2010.12841533782,888000000
503,82,9.08960633764225,7.6447963996796,-11.1407553096105,7.65,-11.133333,487.346986595769,478.257380258127,2004.33496900482,2013.42457534247,888000000
504,84,3.08388232104728,7.86758161428176,-11.1891181712513,8.87184,-12.038183,487.134708912171,484.050826591124,2010.12841533782,2013.21229765887,888000000
504,83,3.40026959368652,7.86758161428176,-11.1891181712513,7.85944694406521,-11.1948772456396,487.45109618481,484.050826591124,2010.12841533782,2013.52868493151,888000000
505,86,0.871669459419849,7.99995955519176,-10.9457064719261,8.00001167597756,-10.9459896489914,449.844943839793,448.973274380373,1975.05086312707,1975.92253258649,888000000
505,87,1.00791238589311,7.99995955519176,-10.9457064719261,7.99442038325284,-10.9485605262639,449.981186766266,448.973274380373,1975.05086312707,1976.05877551296,888000000
506,523,4.24722028326623,8.21688371908233,-11.0616600002786,8.21754716820043,-11.0601739032427,437.186413585035,432.939193301769,1959.01678204847,1963.26400233173,888000000
506,507,8.77460570598568,8.21688371908233,-11.0616600002786,8.21691866810304,-11.0624661656725,441.713799007755,432.939193301769,1959.01678204847,1967.79138775445,888000000
507,508,1.21117001753572,8.21691866810304,-11.0624661656725,8.22585131801499,-11.0640591334371,442.924969025291,441.713799007755,1967.79138775445,1969.00255777199,888000000
507,520,3.0053160218407,8.21691866810304,-11.0624661656725,8.21741877595473,-11.0624344365007,444.719115029596,441.713799007755,1967.79138775445,1970.79670377629,888000000
508,516,1.03702877061093,8.22585131801499,-11.0640591334371,8.21762156711512,-11.0632165308209,443.961997795902,442.924969025291,1969.00255777199,1970.0395865426,888000000
508,509,2.7931807681499,8.22585131801499,-11.0640591334371,8.22526206850062,-11.0645144769656,445.71814979344,442.924969025291,1969.00255777199,1971.79573854014,888000000
509,510,24.9453644964648,8.22526206850062,-11.0645144769656,8.20897355528204,-11.1373621348543,470.663514289905,445.71814979344,1971.79573854014,1996.7411030366,888000000
509,512,14.2663272369052,8.22526206850062,-11.0645144769656,8.22337736509319,-11.0708821602392,459.984477030346,445.71814979344,1971.79573854014,1986.06206577704,888000000
510,88,15.1382668264118,8.20897355528204,-11.1373621348543,8.18742954680796,-11.1371192645774,485.801781116317,470.663514289905,1996.7411030366,2011.87936986301,888000000
510,511,8.37718615006666,8.20897355528204,-11.1373621348543,8.21026284227121,-11.1390229389047,479.040700439972,470.663514289905,1996.7411030366,2005.11828918667,888000000
511,89,7.06742097127756,8.21026284227121,-11.1390229389047,8.00111935414288,-10.949768153081,486.108121411249,479.040700439972,2005.11828918667,2012.18571015795,888000000
511,90,6.78299848456448,8.21026284227121,-11.1390229389047,7.86422805430854,-11.7077602593715,485.823698924536,479.040700439972,2005.11828918667,2011.90128767123,888000000
512,95,25.8611397024098,8.22337736509319,-11.0708821602392,8.18734026582305,-11.1349867646698,485.845616732756,459.984477030346,1986.06206577704,2011.92320547945,888000000
512,513,14.3285905910794,8.22337736509319,-11.0708821602392,8.2148586677428,-11.0735501747382,474.313067621425,459.984477030346,1986.06206577704,2000.39065636812,888000000
513,514,7.38677288402918,8.2148586677428,-11.0735501747382,8.22131253227765,-11.0611189253686,481.699840505454,474.313067621425,2000.39065636812,2007.77742925215,888000000
513,94,9.1626860976317,8.2148586677428,-11.0735501747382,8.17934156744166,-11.0807141577103,483.475753719057,474.313067621425,2000.39065636812,2009.55334246575,888000000
514,93,1.87728307661634,8.22131253227765,-11.0611189253686,8.21949154365716,-11.0649474896846,483.577123582071,481.699840505454,2007.77742925215,2009.65471232877,888000000
514,515,2.12367609417495,8.22131253227765,-11.0611189253686,8.22215866463976,-11.0597418717192,483.823516599629,481.699840505454,2007.77742925215,2009.90110534633,888000000
515,92,3.00318404659287,8.22215866463976,-11.0597418717192,8.21746720697396,-11.0581037182706,486.826700646222,483.823516599629,2009.90110534633,2012.90428939292,888000000
515,91,1.5563467084687,8.22215866463976,-11.0597418717192,8.2227470788507,-11.0576565132084,485.379863308098,483.823516599629,2009.90110534633,2011.45745205479,888000000
516,517,24.5620288987037,8.21762156711512,-11.0632165308209,8.32028658208267,-11.3113620162632,468.524026694605,443.961997795902,1970.0395865426,1994.6016154413,888000000
516,519,1.77803480618243,8.21762156711512,-11.0632165308209,8.22060673917524,-11.061442001503,445.740032602084,443.961997795902,1970.0395865426,1971.81762134878,888000000
517,518,16.2741840163561,8.32028658208267,-11.3113620162632,7.86126054082637,-11.2005570241342,484.798210710961,468.524026694605,1994.6016154413,2010.87579945766,888000000
517,96,18.4941927778763,8.32028658208267,-11.3113620162632,8.3188107,-11.3151104,487.018219472482,468.524026694605,1994.6016154413,2013.09580821918,888000000
518,98,1.96291616476912,7.86126054082637,-11.2005570241342,7.8633936399456,-11.1928599824893,486.76112687573,484.798210710961,2010.87579945766,2012.83871562243,888000000
518,97,0.811789583438088,7.86126054082637,-11.2005570241342,7.85964948762956,-11.2004001082781,485.610000294399,484.798210710961,2010.87579945766,2011.6875890411,888000000
519,100,37.508323856699,8.22060673917524,-11.061442001503,8.22104320894072,-11.06170079222,483.248356458783,445.740032602084,1971.81762134878,2009.32594520548,888000000
519,99,40.2970505577994,8.22060673917524,-11.061442001503,8.17955873837821,-11.0835876592306,486.037083159883,445.740032602084,1971.81762134878,2012.11467190658,888000000
520,104,8.0369327608465,8.21741877595473,-11.0624344365007,8.21766999178722,-11.0622153684518,452.756047790442,444.719115029596,1970.79670377629,1978.83363653714,888000000
520,521,13.3997283193093,8.21741877595473,-11.0624344365007,8.21763330150198,-11.0632270791369,458.118843348905,444.719115029596,1970.79670377629,1984.1964320956,888000000
521,522,4.5244766172734,8.21763330150198,-11.0632270791369,8.21841976656773,-11.0629888275636,462.643319966178,458.118843348905,1984.1964320956,1988.72090871287,888000000
521,103,25.1267733838507,8.21763330150198,-11.0632270791369,7.86394105627832,-11.1986430489073,483.245616732756,458.118843348905,1984.1964320956,2009.32320547945,888000000
522,102,4.39469756091537,8.21841976656773,-11.0629888275636,8.21891463171018,-11.0643384647803,467.038017527094,462.643319966178,1988.72090871287,1993.11560627379,888000000
522,101,23.1529816980841,8.21841976656773,-11.0629888275636,8.21154,-11.05124,485.796301664262,462.643319966178,1988.72090871287,2011.87389041096,888000000
523,524,1.01865645688966,8.21754716820043,-11.0601739032427,8.18929390702701,-11.1383365896363,438.205070041925,437.186413585035,1963.26400233173,1964.28265878862,888000000
523,130,14.2029723913896,8.21754716820043,-11.0601739032427,8.21981924886961,-11.0591389142561,451.389385976425,437.186413585035,1963.26400233173,1977.46697472312,888000000
524,525,3.31092997259775,8.18929390702701,-11.1383365896363,8.18379977096305,-11.1365813312309,441.516000014523,438.205070041925,1964.28265878862,1967.59358876122,888000000
524,547,12.7446498087737,8.18929390702701,-11.1383365896363,8.18708172907542,-11.1387666414368,450.949719850699,438.205070041925,1964.28265878862,1977.0273085974,888000000
525,526,2.70612019614336,8.18379977096305,-11.1365813312309,8.18314403354871,-11.138102156536,444.222120210666,441.516000014523,1967.59358876122,1970.29970895736,888000000
525,105,4.70768569872219,8.18379977096305,-11.1365813312309,8.18320261003728,-11.1371302626451,446.223685713245,441.516000014523,1967.59358876122,1972.30127445994,888000000
526,527,13.4998378006409,8.18314403354871,-11.138102156536,8.18152177816464,-11.138349112466,457.721958011307,444.222120210666,1970.29970895736,1983.799546758,888000000
526,530,2.28535295952316,8.18314403354871,-11.138102156536,8.18667934468368,-11.1330477379681,446.507473170189,444.222120210666,1970.29970895736,1972.58506191689,888000000
527,528,12.7132770138292,8.18152177816464,-11.138349112466,8.18155860569137,-11.1317046347772,470.435235025136,457.721958011307,1983.799546758,1996.51282377183,888000000
527,109,29.6962614611745,8.18152177816464,-11.138349112466,8.18544771989842,-11.1363912672069,487.418219472482,457.721958011307,1983.799546758,2013.49580821918,888000000
528,529,11.5814342270001,8.18155860569137,-11.1317046347772,8.18799466748902,-11.1305080011789,482.016669252136,470.435235025136,1996.51282377183,2008.09425799883,888000000
528,106,16.3149628888453,8.18155860569137,-11.1317046347772,7.86201656623116,-11.7057052921285,486.750197913982,470.435235025136,1996.51282377183,2012.82778666068,888000000
529,108,1.67552282308475,8.18799466748902,-11.1305080011789,8.38727,-11.0879,483.692192075221,482.016669252136,2008.09425799883,2009.76978082192,888000000
529,107,4.01494942687259,8.18799466748902,-11.1305080011789,8.18751544527822,-11.1314354542473,486.031618679009,482.016669252136,2008.09425799883,2012.10920742571,888000000
530,531,0.554140300195698,8.18667934468368,-11.1330477379681,8.18575508202901,-11.1340677531971,447.061613470385,446.507473170189,1972.58506191689,1973.13920221708,888000000
530,532,9.92435799196534,8.18667934468368,-11.1330477379681,8.18028619455076,-11.1360281913501,456.431831162155,446.507473170189,1972.58506191689,1982.50941990885,888000000
531,111,3.26188579130729,8.18575508202901,-11.1340677531971,8.18507597680011,-11.1332873694893,450.323499261692,447.061613470385,1973.13920221708,1976.40108800839,888000000
531,110,23.3933022171967,8.18575508202901,-11.1340677531971,8.21612718014962,-11.0610869200953,470.454915687582,447.061613470385,1973.13920221708,1996.53250443428,888000000
532,534,1.14435849930583,8.18028619455076,-11.1360281913501,8.18340148989489,-11.1386734988396,457.57618966146,456.431831162155,1982.50941990885,1983.65377840816,888000000
532,533,7.05566719998882,8.18028619455076,-11.1360281913501,8.17892165921205,-11.1346056283858,463.487498362144,456.431831162155,1982.50941990885,1989.56508710884,888000000
533,112,6.89865170210932,8.17892165921205,-11.1346056283858,8.22375041906143,-11.064685733515,470.386150064253,463.487498362144,1989.56508710884,1996.46373881095,888000000
533,113,22.0019539870503,8.17892165921205,-11.1346056283858,7.99796478228043,-10.9539257846294,485.489452349194,463.487498362144,1989.56508710884,2011.56704109589,888000000
534,535,4.65202081536027,8.18340148989489,-11.1386734988396,8.18540086934001,-11.1389194262505,462.228210476821,457.57618966146,1983.65377840816,1988.30579922352,888000000
534,545,19.6471119758768,8.18340148989489,-11.1386734988396,8.18387623111521,-11.138598584165,477.223301637337,457.57618966146,1983.65377840816,2003.30089038403,888000000
535,541,0.520173902368725,8.18540086934001,-11.1389194262505,8.18439772296665,-11.1393202575254,462.74838437919,462.228210476821,1988.30579922352,1988.82597312589,888000000
535,536,0.821546046274523,8.18540086934001,-11.1389194262505,8.18714244056429,-11.1386942594279,463.049756523095,462.228210476821,1988.30579922352,1989.12734526979,888000000
536,537,4.96157803863185,8.18714244056429,-11.1386942594279,8.33246487952057,-11.4533815822281,468.011334561727,463.049756523095,1989.12734526979,1994.08892330842,888000000
536,539,11.9816581932695,8.18714244056429,-11.1386942594279,8.18438161656545,-11.1380678983173,475.031414716365,463.049756523095,1989.12734526979,2001.10900346306,888000000
537,114,18.2880436801234,8.33246487952057,-11.4533815822281,8.356385,-11.433121,486.299378241851,468.011334561727,1994.08892330842,2012.37696698855,888000000
537,538,7.31513046814132,8.33246487952057,-11.4533815822281,7.86464340146969,-11.7086210579021,475.326465029868,468.011334561727,1994.08892330842,2001.40405377657,888000000
538,115,9.88079553850343,7.86464340146969,-11.7086210579021,7.86381861781422,-11.1993583243595,485.207260568372,475.326465029868,2001.40405377657,2011.28484931507,888000000
538,116,10.2396996480925,7.86464340146969,-11.7086210579021,7.86665291504531,-11.7058373431235,485.566164677961,475.326465029868,2001.40405377657,2011.64375342466,888000000
539,540,1.09104922327343,8.18438161656545,-11.1380678983173,8.14157056433554,-11.0783661948928,476.122463939638,475.031414716365,2001.10900346306,2002.20005268633,888000000
539,117,12.0114622903634,8.18438161656545,-11.1380678983173,8.18206970077044,-11.1312176251073,487.042877006728,475.031414716365,2001.10900346306,2013.12046575342,888000000
540,118,9.85997441150191,8.14157056433554,-11.0783661948928,8.116599,-11.174797,485.98243835114,476.122463939638,2002.20005268633,2012.06002709784,888000000
540,119,10.3572421710648,8.14157056433554,-11.0783661948928,7.86669023197458,-11.1929011439612,486.479706110703,476.122463939638,2002.20005268633,2012.5572948574,888000000
541,543,13.6834819510795,8.18439772296665,-11.1393202575254,8.18854966714316,-11.1386837317191,476.431866330269,462.74838437919,1988.82597312589,2002.50945507697,888000000
541,542,22.186593456397,8.18439772296665,-11.1393202575254,8.18449645986471,-11.1398493581139,484.934977835586,462.74838437919,1988.82597312589,2011.01256658228,888000000
542,120,2.27228273278543,8.18449645986471,-11.1398493581139,8.18456706812035,-11.1388482494515,487.207260568372,484.934977835586,2011.01256658228,2013.28484931507,888000000
542,121,1.22232390353175,8.18449645986471,-11.1398493581139,7.85786027848597,-11.1955730589126,486.157301739118,484.934977835586,2011.01256658228,2012.23489048581,888000000
543,544,9.42452810501345,8.18854966714316,-11.1386837317191,8.18826266040382,-11.1363756017349,485.856394435282,476.431866330269,2002.50945507697,2011.93398318198,888000000
543,122,10.8466271148153,8.18854966714316,-11.1386837317191,8.007853,-11.278946,487.278493445084,476.431866330269,2002.50945507697,2013.35608219178,888000000
544,123,1.65771544815797,8.18826266040382,-11.1363756017349,7.86151113769268,-11.1991403533366,487.51410988344,485.856394435282,2011.93398318198,2013.59169863014,888000000
544,124,1.47963325637701,8.18826266040382,-11.1363756017349,8.18890810620942,-11.1355058479442,487.33602769166,485.856394435282,2011.93398318198,2013.41361643836,888000000
545,546,0.970979515204627,8.18387623111521,-11.138598584165,8.05175965780347,-11.1048225521108,478.194281152542,477.223301637337,2003.30089038403,2004.27186989924,888000000
545,127,6.85245208171964,8.18387623111521,-11.138598584165,8.18443968116264,-11.1388938810589,484.075753719057,477.223301637337,2003.30089038403,2010.15334246575,888000000
546,126,7.69243147062463,8.05175965780347,-11.1048225521108,8.05156380072251,-11.1119245903282,485.886712623167,478.194281152542,2004.27186989924,2011.96430136986,888000000
546,125,7.16914379939163,8.05175965780347,-11.1048225521108,8.05426954399019,-11.1058204628153,485.363424951934,478.194281152542,2004.27186989924,2011.44101369863,888000000
547,129,33.1287735943855,8.18708172907542,-11.1387666414368,8.18886499207373,-11.1372385640941,484.078493445084,450.949719850699,1977.0273085974,2010.15608219178,888000000
547,128,35.7403687736654,8.18708172907542,-11.1387666414368,8.355083,-11.324278,486.690088624364,450.949719850699,1977.0273085974,2012.76767737106,888000000
548,133,40.8519626202121,7.86312586512652,-11.7104348364424,7.954896,-11.740823,487.078493445084,446.226530824872,1972.30411957157,2013.15608219178,888000000
548,549,5.48639811314738,7.86312586512652,-11.7104348364424,7.86514910935127,-11.714232459375,451.71292893802,446.226530824872,1972.30411957157,1977.79051768472,888000000
549,550,20.6735037815229,7.86514910935127,-11.714232459375,7.87068012037694,-11.712243656775,472.386432719542,451.71292893802,1977.79051768472,1998.46402146624,888000000
549,134,34.3651378284211,7.86514910935127,-11.714232459375,7.86274687900722,-11.710524366963,486.078066766441,451.71292893802,1977.79051768472,2012.15565551314,888000000
550,135,12.7002799036241,7.87068012037694,-11.712243656775,7.87033581398789,-11.7106178194843,485.086712623167,472.386432719542,1998.46402146624,2011.16430136986,888000000
550,136,15.0701429173226,7.87068012037694,-11.712243656775,7.666711,-11.859363,487.456575636865,472.386432719542,1998.46402146624,2013.53416438356,888000000
551,552,5.80956601095382,7.87633781134858,-11.7047367441473,7.8675722276433,-11.7150022941727,469.433262718843,463.623696707889,1989.70128545459,1995.51085146554,888000000
551,137,22.7822389110107,7.87633781134858,-11.7047367441473,7.891162,-12.086255,486.4059356189,463.623696707889,1989.70128545459,2012.4835243656,888000000
552,138,17.0491756322974,7.8675722276433,-11.7150022941727,7.87159684116794,-11.71225910757,486.48243835114,469.433262718843,1995.51085146554,2012.56002709784,888000000
552,553,1.67804546576854,7.8675722276433,-11.7150022941727,7.86550281585512,-11.7138329833872,471.111308184611,469.433262718843,1995.51085146554,1997.18889693131,888000000
553,554,10.2198909979303,7.86550281585512,-11.7138329833872,7.8645921842259,-11.7092551236454,481.331199182542,471.111308184611,1997.18889693131,2007.40878792924,888000000
553,555,1.13035877692856,7.86550281585512,-11.7138329833872,7.86510456715173,-11.7148477499397,472.24166696154,471.111308184611,1997.18889693131,1998.31925570824,888000000
554,139,4.58291070089881,7.8645921842259,-11.7092551236454,7.86469569691742,-11.7082685370544,485.91410988344,481.331199182542,2007.40878792924,2011.99169863014,888000000
554,140,4.63211348553845,7.8645921842259,-11.7092551236454,7.86472924772059,-11.7105142504327,485.96331266808,481.331199182542,2007.40878792924,2012.04090141478,888000000
555,142,14.3172741218407,7.86510456715173,-11.7148477499397,7.86686370006917,-11.712513036478,486.558941083381,472.24166696154,1998.31925570824,2012.63652983008,888000000
555,141,15.2642237438184,7.86510456715173,-11.7148477499397,7.9538763,-11.7132483,487.505890705358,472.24166696154,1998.31925570824,2013.58347945205,888000000
556,558,99.2809435653217,10.3746987080525,-7.21396255620996,10.589025245667,-7.15441459662687,465.931664228168,366.650720662847,1892.72830940954,1992.00925297487,888000000
556,557,70.612911392301,10.3746987080525,-7.21396255620996,10.4099699432141,-7.25805189242585,437.263632055148,366.650720662847,1892.72830940954,1963.34122080184,888000000
557,143,48.8888506014935,10.4099699432141,-7.25805189242585,10.3831,-7.1517,486.152482656641,437.263632055148,1963.34122080184,2012.23007140334,888000000
557,144,48.8678823364634,10.4099699432141,-7.25805189242585,10.397222,-7.259167,486.131514391611,437.263632055148,1963.34122080184,2012.20910313831,888000000
558,145,20.1600637404581,10.589025245667,-7.15441459662687,10.5874870414525,-7.15637444806327,486.091727968627,465.931664228168,1992.00925297487,2012.16931671532,888000000
558,559,0.557900626721384,10.589025245667,-7.15441459662687,10.5889428842519,-7.15513476666868,466.48956485489,465.931664228168,1992.00925297487,1992.56715360159,888000000
559,560,8.2520976456161,10.5889428842519,-7.15513476666868,10.5924285820078,-7.15564593825022,474.741662500506,466.48956485489,1992.56715360159,2000.8192512472,888000000
559,149,17.3508955926061,10.5889428842519,-7.15513476666868,10.5919600563531,-7.15616888594911,483.840460447496,466.48956485489,1992.56715360159,2009.91804919419,888000000
560,561,3.14234316303548,10.5924285820078,-7.15564593825022,10.5924628724334,-7.15415540055788,477.884005663541,474.741662500506,2000.8192512472,2003.96159441024,888000000
560,146,11.3500654681206,10.5924285820078,-7.15564593825022,10.6164,-7.1583,486.091727968627,474.741662500506,2000.8192512472,2012.16931671532,888000000
561,148,5.83118329989004,10.5924628724334,-7.15415540055788,10.5921745851187,-7.15512896481706,483.715188963431,477.884005663541,2003.96159441024,2009.79277771013,888000000
561,147,5.16709052126885,10.5924628724334,-7.15415540055788,10.5919423010179,-7.15361823441632,483.05109618481,477.884005663541,2003.96159441024,2009.12868493151,888000000
