node1,node2,length,startLat,startLon,endLat,endLon,endNodeL,startNodeL,startYear,endYear,treeID
413,414,55.0376896060133,8.32256281772305,-10.5268114722289,8.29930304461808,-10.534079266255,294.456225325165,239.418535719152,1722.23171587001,1777.26940547602,992300000
413,555,170.878499022939,8.32256281772305,-10.5268114722289,10.5314582987632,-7.15517253800873,410.297034742091,239.418535719152,1722.23171587001,1893.11021489294,992300000
414,415,8.80941832211741,8.29930304461808,-10.534079266255,8.30283851437369,-10.5348787102375,303.265643647283,294.456225325165,1777.26940547602,1786.07882379814,992300000
414,499,133.580307846271,8.29930304461808,-10.534079266255,9.96013202372361,-10.7306831770881,428.036533171436,294.456225325165,1777.26940547602,1910.84971332229,992300000
415,494,124.422440967057,8.30283851437369,-10.5348787102375,7.01057406550956,-9.47745650757552,427.68808461434,303.265643647283,1786.07882379814,1910.50126476519,992300000
415,416,61.3626364576253,8.30283851437369,-10.5348787102375,8.30913588677881,-10.5361445089047,364.628280104908,303.265643647283,1786.07882379814,1847.44146025576,992300000
416,417,15.8627042141707,8.30913588677881,-10.5361445089047,8.30548152741241,-10.5344731800418,380.490984319078,364.628280104908,1847.44146025576,1863.30416446993,992300000
416,490,35.5294309371577,8.30913588677881,-10.5361445089047,8.33817884127538,-10.5415623978307,400.157711042065,364.628280104908,1847.44146025576,1882.97089119292,992300000
417,74,113.337307966413,8.30548152741241,-10.5344731800418,7.9935681,-10.7537466,493.828292285492,380.490984319078,1863.30416446993,1976.64147243635,992300000
417,418,6.47057896245639,8.30548152741241,-10.5344731800418,8.2093382668755,-11.0702192535408,386.961563281535,380.490984319078,1863.30416446993,1869.77474343239,992300000
418,419,104.865204749383,8.2093382668755,-11.0702192535408,9.86859570360263,-12.4347077909869,491.826768030918,386.961563281535,1869.77474343239,1974.63994818177,992300000
418,423,13.0120608711899,8.2093382668755,-11.0702192535408,8.21076980029614,-11.0680641140185,399.973624152725,386.961563281535,1869.77474343239,1882.78680430358,992300000
419,5,39.7079148319268,9.86859570360263,-12.4347077909869,9.86942573839279,-12.4297448959594,531.534682862845,491.826768030918,1974.63994818177,2014.3478630137,992300000
419,420,2.69581255831974,9.86859570360263,-12.4347077909869,9.86355006170712,-12.4355037880709,494.522580589238,491.826768030918,1974.63994818177,1977.33576074009,992300000
420,4,37.017581725662,9.86355006170712,-12.4355037880709,9.86801726888454,-12.4325554479812,531.5401623149,494.522580589238,1977.33576074009,2014.35334246575,992300000
420,421,3.67188050361651,9.86355006170712,-12.4355037880709,9.8667628998459,-12.4330408286982,498.194461092854,494.522580589238,1977.33576074009,1981.00764124371,992300000
421,1,33.3402217699906,9.8667628998459,-12.4330408286982,9.86828937810808,-12.4327601984687,531.534682862845,498.194461092854,1981.00764124371,2014.3478630137,992300000
421,422,15.6978534798185,9.8667628998459,-12.4330408286982,9.86655929164483,-12.4364163016694,513.892314572673,498.194461092854,1981.00764124371,1996.70549472353,992300000
422,2,17.6451080161995,9.86655929164483,-12.4364163016694,9.86897650067592,-12.4313276023754,531.537422588872,513.892314572673,1996.70549472353,2014.35060273973,992300000
422,3,17.6451080161995,9.86655929164483,-12.4364163016694,9.8747622816394,-12.4303855870417,531.537422588872,513.892314572673,1996.70549472353,2014.35060273973,992300000
423,424,8.23477559589207,8.21076980029614,-11.0680641140185,8.21519110930991,-11.0656112975416,408.208399748617,399.973624152725,1882.78680430358,1891.02157989947,992300000
423,437,65.0249157227586,8.21076980029614,-11.0680641140185,8.21612127581695,-11.0628454788125,464.998539875483,399.973624152725,1882.78680430358,1947.81172002634,992300000
424,425,107.777192783337,8.21519110930991,-11.0656112975416,8.28059809036057,-11.0082121890235,515.985592531954,408.208399748617,1891.02157989947,1998.79877268281,992300000
424,426,1.29703073262826,8.21519110930991,-11.0656112975416,8.21672651016195,-11.0668154756728,409.505430481245,408.208399748617,1891.02157989947,1892.3186106321,992300000
425,7,10.8011451254113,8.28059809036057,-11.0082121890235,8.02,-11.58,526.786737657366,515.985592531954,1998.79877268281,2009.59991780822,992300000
425,6,10.7819670432196,8.28059809036057,-11.0082121890235,8.28,-11.01,526.767559575174,515.985592531954,1998.79877268281,2009.58073972603,992300000
426,8,118.733361970641,8.21672651016195,-11.0668154756728,8.22091491824728,-11.0642186391829,528.238792451886,409.505430481245,1892.3186106321,2011.05197260274,992300000
426,427,0.471591893301479,8.21672651016195,-11.0668154756728,7.85622537603695,-11.7153365190744,409.977022374547,409.505430481245,1892.3186106321,1892.7902025254,992300000
427,428,20.1019490794748,7.85622537603695,-11.7153365190744,7.85947498533831,-11.7086270133791,430.078971454021,409.977022374547,1892.7902025254,1912.89215160488,992300000
427,19,119.461081403038,7.85622537603695,-11.7153365190744,7.86455310244616,-11.7100649924644,529.438103777584,409.977022374547,1892.7902025254,2012.25128392844,992300000
428,429,57.2218899162398,7.85947498533831,-11.7086270133791,7.85949451881454,-11.7099696329619,487.300861370261,430.078971454021,1912.89215160488,1970.11404152111,992300000
428,432,80.5648936828022,7.85947498533831,-11.7086270133791,7.86676770821678,-11.71451737592,510.643865136823,430.078971454021,1912.89215160488,1993.45704528768,992300000
429,9,43.0420406706661,7.85949451881454,-11.7099696329619,7.954896,-11.740823,530.342902040927,487.300861370261,1970.11404152111,2013.15608219178,992300000
429,430,5.13834836933931,7.85949451881454,-11.7099696329619,7.8603826771818,-11.7123595906265,492.4392097396,487.300861370261,1970.11404152111,1975.25238989045,992300000
430,10,36.9032656226832,7.8603826771818,-11.7123595906265,7.86274687900722,-11.710524366963,529.342475362284,492.4392097396,1975.25238989045,2012.15565551314,992300000
430,431,22.0750154357084,7.8603826771818,-11.7123595906265,7.86754956120565,-11.7150163214461,514.514225175309,492.4392097396,1975.25238989045,1997.32740532616,992300000
431,11,13.8368960437007,7.86754956120565,-11.7150163214461,7.87033581398789,-11.7106178194843,528.35112121901,514.514225175309,1997.32740532616,2011.16430136986,992300000
431,12,16.2067590573992,7.86754956120565,-11.7150163214461,7.666711,-11.859363,530.720984232708,514.514225175309,1997.32740532616,2013.53416438356,992300000
432,433,2.42286018542726,7.86676770821678,-11.71451737592,7.86687139784042,-11.7145689259436,513.066725322251,510.643865136823,1993.45704528768,1995.8799054731,992300000
432,18,19.0264790779191,7.86676770821678,-11.71451737592,7.891162,-12.086255,529.670344214743,510.643865136823,1993.45704528768,2012.4835243656,992300000
433,17,16.6801216247323,7.86687139784042,-11.7145689259436,7.87159684116794,-11.71225910757,529.746846946983,513.066725322251,1995.8799054731,2012.56002709784,992300000
433,434,1.45619327328592,7.86687139784042,-11.7145689259436,7.86404925000438,-11.7138296646012,514.522918595537,513.066725322251,1995.8799054731,1997.33609874639,992300000
434,436,2.19640571322656,7.86404925000438,-11.7138296646012,7.86391896029804,-11.7178052010712,516.719324308763,514.522918595537,1997.33609874639,1999.53250445962,992300000
434,435,9.39681655792688,7.86404925000438,-11.7138296646012,7.86451529104764,-11.7123040526768,523.919735153464,514.522918595537,1997.33609874639,2006.73291530432,992300000
435,14,5.30798611045939,7.86451529104764,-11.7123040526768,7.86472924772059,-11.7105142504327,529.227721263923,523.919735153464,2006.73291530432,2012.04090141478,992300000
435,13,5.25878332581975,7.86451529104764,-11.7123040526768,7.86469569691742,-11.7082685370544,529.178518479283,523.919735153464,2006.73291530432,2011.99169863014,992300000
436,15,13.1040253704603,7.86391896029804,-11.7178052010712,7.86686370006917,-11.712513036478,529.823349679223,516.719324308763,1999.53250445962,2012.63652983008,992300000
436,16,14.0509749924379,7.86391896029804,-11.7178052010712,7.9538763,-11.7132483,530.770299301201,516.719324308763,1999.53250445962,2013.58347945205,992300000
437,448,10.0843066459253,8.21612127581695,-11.0628454788125,8.21818701162693,-11.0624835283925,475.082846521409,464.998539875483,1947.81172002634,1957.89602667226,992300000
437,438,1.1838236643737,8.21612127581695,-11.0628454788125,7.99620403335577,-10.9496714956513,466.182363539857,464.998539875483,1947.81172002634,1948.99554369071,992300000
438,439,18.750422569296,7.99620403335577,-10.9496714956513,7.99459312063953,-10.9495047959578,484.932786109153,466.182363539857,1948.99554369071,1967.74596626001,992300000
438,440,3.47451004574555,7.99620403335577,-10.9496714956513,7.99687143687659,-10.9483260355801,469.656873585603,466.182363539857,1948.99554369071,1952.47005373646,992300000
439,21,8.27717917991931,7.99459312063953,-10.9495047959578,7.99442038325284,-10.9485605262639,493.209965289072,484.932786109153,1967.74596626001,1976.02314543993,992300000
439,20,7.42786458641658,7.99459312063953,-10.9495047959578,8.00001167597756,-10.9459896489914,492.36065069557,484.932786109153,1967.74596626001,1975.17383084642,992300000
440,441,25.6407207546886,7.99687143687659,-10.9483260355801,7.92047893451041,-11.0513303192088,495.297594340291,469.656873585603,1952.47005373646,1978.11077449115,992300000
440,444,31.8186215428764,7.99687143687659,-10.9483260355801,7.99225132732595,-10.9468140650969,501.475495128479,469.656873585603,1952.47005373646,1984.28867527933,992300000
441,25,34.1350449564187,7.92047893451041,-11.0513303192088,7.925974,-11.054267,529.43263929671,495.297594340291,1978.11077449115,2012.24581944756,992300000
441,442,23.96675334913,7.92047893451041,-11.0513303192088,7.8616706443142,-11.1954589008671,519.264347689421,495.297594340291,1978.11077449115,2002.07752784027,992300000
442,22,11.347047502191,7.8616706443142,-11.1954589008671,7.65,-11.133333,530.611395191612,519.264347689421,2002.07752784027,2013.42457534247,992300000
442,443,9.6039834145748,7.8616706443142,-11.1954589008671,7.86011491034486,-11.1948782962768,528.868331103996,519.264347689421,2002.07752784027,2011.68151125485,992300000
443,24,2.27923079278121,7.86011491034486,-11.1948782962768,8.87184,-12.038183,531.147561896777,528.868331103996,2011.68151125485,2013.96074204763,992300000
443,23,1.84717367665733,7.86011491034486,-11.1948782962768,7.85944694406521,-11.1948772456396,530.715504780653,528.868331103996,2011.68151125485,2013.52868493151,992300000
444,445,0.947768613684403,7.99225132732595,-10.9468140650969,7.99192002489278,-10.9451419685015,502.423263742163,501.475495128479,1984.28867527933,1985.23644389302,992300000
444,30,25.755078145325,7.99225132732595,-10.9468140650969,8.18571871827052,-11.1387559289973,527.230573273804,501.475495128479,1984.28867527933,2010.04375342466,992300000
445,446,2.30189741003154,7.99192002489278,-10.9451419685015,7.99115176136861,-10.9468317335123,504.725161152195,502.423263742163,1985.23644389302,1987.53834130305,992300000
445,29,25.9936109015037,7.99192002489278,-10.9451419685015,7.99311924510148,-10.951593228773,528.416874643667,502.423263742163,1985.23644389302,2011.23005479452,992300000
446,28,9.31233056546786,7.99115176136861,-10.9468317335123,7.9933739822727,-10.9459389841532,514.037491717663,504.725161152195,1987.53834130305,1996.85067186852,992300000
446,447,4.82428605710712,7.99115176136861,-10.9468317335123,7.86357989639578,-10.9835739274953,509.549447209302,504.725161152195,1987.53834130305,1992.36262736016,992300000
447,27,17.2564685302554,7.86357989639578,-10.9835739274953,7.82,-10.95,526.805915739557,509.549447209302,1992.36262736016,2009.61909589041,992300000
447,26,20.1154325245663,7.86357989639578,-10.9835739274953,7.86450690619036,-11.1917051072503,529.664879733868,509.549447209302,1992.36262736016,2012.47805988472,992300000
448,465,3.94015857111685,8.21818701162693,-11.0624835283925,8.21496121835361,-11.0623975457058,479.023005092526,475.082846521409,1957.89602667226,1961.83618524338,992300000
448,449,7.39916675859799,8.21818701162693,-11.0624835283925,8.21917715209433,-11.0620484361623,482.482013280007,475.082846521409,1957.89602667226,1965.29519343086,992300000
449,463,26.9801802903986,8.21917715209433,-11.0620484361623,7.91877414819955,-11.2226134947172,509.462193570405,482.482013280007,1965.29519343086,1992.27537372126,992300000
449,450,0.243124042715223,8.21917715209433,-11.0620484361623,8.22033406229105,-11.0612833698427,482.725137322722,482.482013280007,1965.29519343086,1965.53831747358,992300000
450,451,2.09733169208868,8.22033406229105,-11.0612833698427,8.22090245069927,-11.061974586263,484.822469014811,482.725137322722,1965.53831747358,1967.63564916566,992300000
450,454,0.33842504277748,8.22033406229105,-11.0612833698427,8.21777138591117,-11.0619100010657,483.063562365499,482.725137322722,1965.53831747358,1965.87674251635,992300000
451,31,41.6902960398154,8.22090245069927,-11.061974586263,8.22104320894072,-11.06170079222,526.512765054626,484.822469014811,1967.63564916566,2009.32594520548,992300000
451,452,10.4221968475531,8.22090245069927,-11.061974586263,8.22030303338641,-11.0636852952195,495.244665862364,484.822469014811,1967.63564916566,1978.05784601322,992300000
452,34,31.2653594662349,8.22030303338641,-11.0636852952195,7.86394105627832,-11.1986430489073,526.510025328599,495.244665862364,1978.05784601322,2009.32320547945,992300000
452,453,7.7725763199288,8.22030303338641,-11.0636852952195,8.2211937557204,-11.0643791047655,503.017242182292,495.244665862364,1978.05784601322,1985.83042233315,992300000
453,33,26.0434680778129,8.2211937557204,-11.0643791047655,8.21154,-11.05124,529.060710260105,503.017242182292,1985.83042233315,2011.87389041096,992300000
453,32,7.59663332136132,8.2211937557204,-11.0643791047655,8.21891463171018,-11.0643384647803,510.613875503654,503.017242182292,1985.83042233315,1993.42705565451,992300000
454,455,0.798021520145312,8.21777138591117,-11.0619100010657,8.21548558528855,-11.0632621972349,483.861583885645,483.063562365499,1965.87674251635,1966.6747640365,992300000
454,44,12.8851324987431,8.21777138591117,-11.0619100010657,8.21766999178722,-11.0622153684518,495.948694864242,483.063562365499,1965.87674251635,1978.7618750151,992300000
455,456,0.253873437290217,8.21548558528855,-11.0632621972349,8.21513186211258,-11.0630367072387,484.115457322935,483.861583885645,1966.6747640365,1966.92863747379,992300000
455,459,20.6114796316039,8.21548558528855,-11.0632621972349,8.21444073483054,-11.0634716690692,504.473063517249,483.861583885645,1966.6747640365,1987.2862436681,992300000
456,35,45.1860344327914,8.21513186211258,-11.0630367072387,8.17955873837821,-11.0835876592306,529.301491755726,484.115457322935,1966.92863747379,2012.11467190658,992300000
456,457,29.9630506346827,8.21513186211258,-11.0630367072387,8.21293783892829,-11.0592662395443,514.078507957617,484.115457322935,1966.92863747379,1996.89168810847,992300000
457,458,8.47948591260574,8.21293783892829,-11.0592662395443,8.21314062110116,-11.0600655311808,522.557993870223,514.078507957617,1996.89168810847,2005.37117402108,992300000
457,36,14.9876817545425,8.21293783892829,-11.0592662395443,8.18742954680796,-11.1371192645774,529.06618971216,514.078507957617,1996.89168810847,2011.87936986301,992300000
458,37,6.81453613686918,8.21314062110116,-11.0600655311808,8.00111935414288,-10.949768153081,529.372530007092,522.557993870223,2005.37117402108,2012.18571015795,992300000
458,38,6.5301136501561,8.21314062110116,-11.0600655311808,7.86422805430854,-11.7077602593715,529.088107520379,522.557993870223,2005.37117402108,2011.90128767123,992300000
459,460,9.96646004100149,8.21444073483054,-11.0634716690692,8.21800517485852,-11.0609521220731,514.43952355825,504.473063517249,1987.2862436681,1997.2527037091,992300000
459,43,24.6369618113499,8.21444073483054,-11.0634716690692,8.18734026582305,-11.1349867646698,529.110025328598,504.473063517249,1987.2862436681,2011.92320547945,992300000
460,461,9.95131070017781,8.21800517485852,-11.0609521220731,8.21890775698972,-11.0601767491312,524.390834258428,514.43952355825,1997.2527037091,2007.20401440928,992300000
460,42,12.3006387566497,8.21800517485852,-11.0609521220731,8.17934156744166,-11.0807141577103,526.7401623149,514.43952355825,1997.2527037091,2009.55334246575,992300000
461,462,3.27922166116168,8.21890775698972,-11.0601767491312,8.22069736564818,-11.0597212304443,527.67005591959,524.390834258428,2007.20401440928,2010.48323607044,992300000
461,41,2.45069791948571,8.21890775698972,-11.0601767491312,8.21949154365716,-11.0649474896846,526.841532177914,524.390834258428,2007.20401440928,2009.65471232877,992300000
462,40,2.42105332247551,8.22069736564818,-11.0597212304443,8.21746720697396,-11.0581037182706,530.091109242065,527.67005591959,2010.48323607044,2012.90428939292,992300000
462,39,0.974215984351343,8.22069736564818,-11.0597212304443,8.2227470788507,-11.0576565132084,528.644271903941,527.67005591959,2010.48323607044,2011.45745205479,992300000
463,464,17.7041499019361,7.91877414819955,-11.2226134947172,7.86057221759462,-11.196108326916,527.166343472341,509.462193570405,1992.27537372126,2009.9795236232,992300000
463,45,20.8204344979192,7.91877414819955,-11.2226134947172,8.3188107,-11.3151104,530.282628068324,509.462193570405,1992.27537372126,2013.09580821918,992300000
464,47,2.85919199923198,7.86057221759462,-11.196108326916,7.8633936399456,-11.1928599824893,530.025535471573,527.166343472341,2009.9795236232,2012.83871562243,992300000
464,46,1.70806541790095,7.86057221759462,-11.196108326916,7.85964948762956,-11.2004001082781,528.874408890242,527.166343472341,2009.9795236232,2011.6875890411,992300000
465,466,3.92028989273973,8.21496121835361,-11.0623975457058,8.18093333246787,-11.1400514184456,482.943294985265,479.023005092526,1961.83618524338,1965.75647513612,992300000
465,73,15.751574526625,8.21496121835361,-11.0623975457058,8.21981924886961,-11.0591389142561,494.774579619151,479.023005092526,1961.83618524338,1977.58775977,992300000
466,467,3.22628823498703,8.18093333246787,-11.1400514184456,8.18178517728127,-11.1363105137095,486.169583220252,482.943294985265,1965.75647513612,1968.98276337111,992300000
466,489,11.3447231063495,8.18093333246787,-11.1400514184456,8.18251578154496,-11.1411226734789,494.288018091615,482.943294985265,1965.75647513612,1977.10119824247,992300000
467,70,3.96563693195848,8.18178517728127,-11.1363105137095,8.18320261003728,-11.1371302626451,490.135220152211,486.169583220252,1968.98276337111,1972.94840030306,992300000
467,468,0.342807601375974,8.18178517728127,-11.1363105137095,8.18159485805841,-11.1353650756211,486.512390821628,486.169583220252,1968.98276337111,1969.32557097248,992300000
468,472,2.94108589003915,8.18159485805841,-11.1353650756211,8.18127461652812,-11.1348941655788,489.453476711667,486.512390821628,1969.32557097248,1972.26665686252,992300000
468,469,17.5997217189479,8.18159485805841,-11.1353650756211,8.18302126601263,-11.1367569765166,504.112112540576,486.512390821628,1969.32557097248,1986.92529269143,992300000
469,51,26.5705155277484,8.18302126601263,-11.1367569765166,8.18544771989842,-11.1363912672069,530.682628068325,504.112112540576,1986.92529269143,2013.49580821918,992300000
469,470,7.75494915253213,8.18302126601263,-11.1367569765166,8.18638599371241,-11.139694789209,511.867061693108,504.112112540576,1986.92529269143,1994.68024184396,992300000
470,471,12.5959855561442,8.18638599371241,-11.139694789209,8.18665377569605,-11.1346775092129,524.463047249252,511.867061693108,1994.68024184396,2007.27622740011,992300000
470,48,18.1475448167163,8.18638599371241,-11.139694789209,7.86201656623116,-11.7057052921285,530.014606509825,511.867061693108,1994.68024184396,2012.82778666068,992300000
471,49,4.83298002559951,8.18665377569605,-11.1346775092129,8.18751544527822,-11.1314354542473,529.296027274852,524.463047249252,2007.27622740011,2012.10920742571,992300000
471,50,2.49355342181167,8.18665377569605,-11.1346775092129,8.38727,-11.0879,526.956600671064,524.463047249252,2007.27622740011,2009.76978082192,992300000
472,488,0.475823113976446,8.18127461652812,-11.1348941655788,8.18521159107182,-11.1328717651395,489.929299825644,489.453476711667,1972.26665686252,1972.7424799765,992300000
472,473,9.97237101965253,8.18127461652812,-11.1348941655788,8.18184973825121,-11.1372131157592,499.42584773132,489.453476711667,1972.26665686252,1982.23902788217,992300000
473,474,0.240867304615428,8.18184973825121,-11.1372131157592,8.18153585792016,-11.1357429994019,499.666715035935,499.42584773132,1982.23902788217,1982.47989518679,992300000
473,487,8.51108365203816,8.18184973825121,-11.1372131157592,8.18695879022016,-11.1187037144918,507.936931383358,499.42584773132,1982.23902788217,1990.75011153421,992300000
474,475,2.96550868136812,8.18153585792016,-11.1357429994019,8.18113679487972,-11.1374541836917,502.632223717303,499.666715035935,1982.47989518679,1985.44540386816,992300000
474,485,19.7962491928825,8.18153585792016,-11.1357429994019,8.05147496991449,-11.1112971545376,519.462964228818,499.666715035935,1982.47989518679,2002.27614437967,992300000
475,476,1.12057338266176,8.18113679487972,-11.1374541836917,8.18121286254652,-11.1369167400854,503.752797099965,502.632223717303,1985.44540386816,1986.56597725082,992300000
475,481,2.75576103571784,8.18113679487972,-11.1374541836917,8.18214975787328,-11.1385589154945,505.387984753021,502.632223717303,1985.44540386816,1988.20116490387,992300000
476,479,5.92082731014138,8.18121286254652,-11.1369167400854,8.18461971108742,-11.1520594641913,509.673624410107,503.752797099965,1986.56597725082,1992.48680456096,992300000
476,477,13.5389937114329,8.18121286254652,-11.1369167400854,8.18410760848406,-11.1357424783812,517.291790811398,503.752797099965,1986.56597725082,2000.10497096225,992300000
477,478,3.08913512522566,8.18410760848406,-11.1357424783812,8.18378078704434,-11.1310417767442,520.380925936624,517.291790811398,2000.10497096225,2003.19410608748,992300000
477,52,12.4523238951478,8.18410760848406,-11.1357424783812,7.86669023197458,-11.1929011439612,529.744114706546,517.291790811398,2000.10497096225,2012.5572948574,992300000
478,54,9.92635966594731,8.18378078704434,-11.1310417767442,8.18206970077044,-11.1312176251073,530.307285602571,520.380925936624,2003.19410608748,2013.12046575342,992300000
478,53,8.86592101035922,8.18378078704434,-11.1310417767442,8.116599,-11.174797,529.246846946983,520.380925936624,2003.19410608748,2012.06002709784,992300000
479,480,6.4826033484031,8.18461971108742,-11.1520594641913,8.18825734828193,-11.1514107362808,516.15622775851,509.673624410107,1992.48680456096,1998.96940790936,992300000
479,55,19.890162427587,8.18461971108742,-11.1520594641913,8.356385,-11.433121,529.563786837694,509.673624410107,1992.48680456096,2012.37696698855,992300000
480,56,12.3154414057052,8.18825734828193,-11.1514107362808,7.86381861781422,-11.1993583243595,528.471669164215,516.15622775851,1998.96940790936,2011.28484931507,992300000
480,57,12.6743455152942,8.18825734828193,-11.1514107362808,7.86665291504531,-11.7058373431235,528.830573273804,516.15622775851,1998.96940790936,2011.64375342466,992300000
481,482,21.6553618050262,8.18214975787328,-11.1385589154945,8.18547609448425,-11.1406536786986,527.043346558047,505.387984753021,1988.20116490387,2009.8565267089,992300000
481,483,15.5546702679989,8.18214975787328,-11.1385589154945,8.18668485406291,-11.1345253471392,520.94265502102,505.387984753021,1988.20116490387,2003.75583517187,992300000
482,58,3.42832260616739,8.18547609448425,-11.1406536786986,8.18456706812035,-11.1388482494515,530.471669164215,527.043346558047,2009.8565267089,2013.28484931507,992300000
482,59,2.37836377691371,8.18547609448425,-11.1406536786986,7.85786027848597,-11.1955730589126,529.421710334961,527.043346558047,2009.8565267089,2012.23489048581,992300000
483,60,9.60024701990709,8.18668485406291,-11.1345253471392,8.007853,-11.278946,530.542902040927,520.94265502102,2003.75583517187,2013.35608219178,992300000
483,484,7.0404262331432,8.18668485406291,-11.1345253471392,8.19121294233284,-11.1362497875173,527.983081254163,520.94265502102,2003.75583517187,2010.79626140502,992300000
484,62,2.61735503333908,8.19121294233284,-11.1362497875173,8.18890810620942,-11.1355058479442,530.600436287502,527.983081254163,2010.79626140502,2013.41361643836,992300000
484,61,2.79543722512004,8.19121294233284,-11.1362497875173,7.86151113769268,-11.1991403533366,530.778518479283,527.983081254163,2010.79626140502,2013.59169863014,992300000
485,65,9.16486931895871,8.05147496991449,-11.1112971545376,8.05426954399019,-11.1058204628153,528.627833547777,519.462964228818,2002.27614437967,2011.44101369863,992300000
485,486,0.816062356981192,8.05147496991449,-11.1112971545376,8.05232356372377,-11.1110462451797,520.279026585799,519.462964228818,2002.27614437967,2003.09220673665,992300000
486,63,8.87209463321051,8.05232356372377,-11.1110462451797,8.05156380072251,-11.1119245903282,529.151121219009,520.279026585799,2003.09220673665,2011.96430136986,992300000
486,64,7.0611357291009,8.05232356372377,-11.1110462451797,8.18443968116264,-11.1388938810589,527.3401623149,520.279026585799,2003.09220673665,2010.15334246575,992300000
487,66,5.35170492553071,8.18695879022016,-11.1187037144918,8.22375041906143,-11.064685733515,513.288636308889,507.936931383358,1990.75011153421,1996.10181645974,992300000
487,67,20.8169295616787,8.18695879022016,-11.1187037144918,7.99796478228043,-10.9539257846294,528.753860945037,507.936931383358,1990.75011153421,2011.56704109589,992300000
488,69,23.9845556157799,8.18521159107182,-11.1328717651395,8.21612718014962,-11.0610869200953,513.913855441424,489.929299825644,1972.7424799765,1996.72703559228,992300000
488,68,3.34284938184657,8.18521159107182,-11.1328717651395,8.18507597680011,-11.1332873694893,493.27214920749,489.929299825644,1972.7424799765,1976.08532935834,992300000
489,72,33.0548839493125,8.18251578154496,-11.1411226734789,8.18886499207373,-11.1372385640941,527.342902040927,494.288018091615,1977.10119824247,2010.15608219178,992300000
489,71,35.6664791285924,8.18251578154496,-11.1411226734789,8.355083,-11.324278,529.954497220207,494.288018091615,1977.10119824247,2012.76767737106,992300000
490,491,97.2624123781729,8.33817884127538,-10.5415623978307,7.76539173691921,-8.8153679705227,497.420123420238,400.157711042065,1882.97089119292,1980.23330357109,992300000
490,492,22.8218938126465,8.33817884127538,-10.5415623978307,8.341031588751,-10.5473145699793,422.979604854712,400.157711042065,1882.97089119292,1905.79278500557,992300000
491,76,38.6820443603126,7.76539173691921,-8.8153679705227,7.75973597694505,-8.81619622076109,536.102167780551,497.420123420238,1980.23330357109,2018.9153479314,992300000
491,75,17.1850146720385,7.76539173691921,-8.8153679705227,7.75637564014736,-8.81352241497585,514.605138092277,497.420123420238,1980.23330357109,1997.41831824313,992300000
492,79,91.632431174914,8.341031588751,-10.5473145699793,9.192085,-10.113945,514.612036029626,422.979604854712,1905.79278500557,1997.42521618048,992300000
492,493,92.8283255434603,8.341031588751,-10.5473145699793,8.33993624691237,-10.5476169059117,515.807930398172,422.979604854712,1905.79278500557,1998.62111054903,992300000
493,77,6.97916756415917,8.33993624691237,-10.5476169059117,8.34149245272478,-10.5411078003556,522.787097962331,515.807930398172,1998.62111054903,2005.60027811319,992300000
493,78,7.17685214354985,8.33993624691237,-10.5476169059117,8.33843235688639,-10.5467466500174,522.984782541722,515.807930398172,1998.62111054903,2005.79796269258,992300000
494,495,82.1082846778362,7.01057406550956,-9.47745650757552,7.00524631224434,-9.47351392659798,509.796369292176,427.68808461434,1910.50126476519,1992.60954944303,992300000
494,498,48.1423442422135,7.01057406550956,-9.47745650757552,6.99490165691246,-9.4645694851603,475.830428856553,427.68808461434,1910.50126476519,1958.64360900741,992300000
495,496,7.51739710560735,7.00524631224434,-9.47351392659798,6.99544706110172,-9.47227538855751,517.313766397783,509.796369292176,1992.60954944303,2000.12694654864,992300000
495,80,18.5273546665595,7.00524631224434,-9.47351392659798,6.98986,-9.580031,528.323723958736,509.796369292176,1992.60954944303,2011.13690410959,992300000
496,83,16.9907794787604,6.99544706110172,-9.47227538855751,6.99123034527496,-9.47557460486224,534.304545876544,517.313766397783,2000.12694654864,2017.1177260274,992300000
496,497,1.97196303654012,6.99544706110172,-9.47227538855751,6.99378590230516,-9.47195290704377,519.285729434323,517.313766397783,2000.12694654864,2002.09890958518,992300000
497,82,9.18320000386399,6.99378590230516,-9.47195290704377,6.99577129691879,-9.46825971402519,528.468929438188,519.285729434323,2002.09890958518,2011.28210958904,992300000
497,81,14.054013687523,6.99378590230516,-9.47195290704377,6.99869040407204,-9.46825833507189,533.339743121846,519.285729434323,2002.09890958518,2016.1529232727,992300000
498,85,58.6932951021822,6.99490165691246,-9.4645694851603,6.99226124194453,-9.47060631423546,534.523723958736,475.830428856553,1958.64360900741,2017.33690410959,992300000
498,84,57.6377295658396,6.99490165691246,-9.4645694851603,7.24306,-8.87194,533.468158422393,475.830428856553,1958.64360900741,2016.28133857325,992300000
499,554,100.335336759334,9.96013202372361,-10.7306831770881,9.95306671585378,-10.7321740108672,528.37186993077,428.036533171436,1910.84971332229,2011.18505008162,992300000
499,500,22.0056235845397,9.96013202372361,-10.7306831770881,9.95376376397187,-10.7330905338538,450.042156755975,428.036533171436,1910.84971332229,1932.85533690683,992300000
500,549,8.91577357037107,9.95376376397187,-10.7330905338538,10.0399024472545,-10.6829544431965,458.957930326347,450.042156755975,1932.85533690683,1941.7711104772,992300000
500,501,32.4038739328665,9.95376376397187,-10.7330905338538,9.95359674417675,-10.7339148936202,482.446030688842,450.042156755975,1932.85533690683,1965.2592108397,992300000
501,522,5.93164451850144,9.95359674417675,-10.7339148936202,9.95568609575266,-10.7305239400932,488.377675207343,482.446030688842,1965.2592108397,1971.1908553582,992300000
501,502,0.171420123095757,9.95359674417675,-10.7339148936202,9.95367084890014,-10.7337352252181,482.617450811938,482.446030688842,1965.2592108397,1965.43063096279,992300000
502,503,1.6081151500273,9.95367084890014,-10.7337352252181,9.83404242888492,-11.0380799288088,484.225565961965,482.617450811938,1965.43063096279,1967.03874611282,992300000
502,512,10.2288824475291,9.95367084890014,-10.7337352252181,9.94815890007659,-10.7311630333465,492.846333259467,482.617450811938,1965.43063096279,1975.65951341032,992300000
503,504,15.1450068324696,9.83404242888492,-11.0380799288088,9.99181398017852,-10.9731827585563,499.370572794435,484.225565961965,1967.03874611282,1982.18375294529,992300000
503,508,4.13403351414041,9.83404242888492,-11.0380799288088,9.83491394153328,-11.0383409774763,488.359599476105,484.225565961965,1967.03874611282,1971.17277962696,992300000
504,506,5.396016808301,9.99181398017852,-10.9731827585563,9.99335427118695,-10.9731738497351,504.766589602736,499.370572794435,1982.18375294529,1987.57976975359,992300000
504,505,1.39544657661499,9.99181398017852,-10.9731827585563,9.99228405114112,-10.9727129459763,500.76601937105,499.370572794435,1982.18375294529,1983.5791995219,992300000
505,87,28.2289374643982,9.99228405114112,-10.9727129459763,9.9989802962616,-10.9696896197892,528.994956835448,500.76601937105,1983.5791995219,2011.8081369863,992300000
505,86,19.5120382726868,9.99228405114112,-10.9727129459763,10.004126588133,-10.9773223311528,520.278057643736,500.76601937105,1983.5791995219,2003.09123779459,992300000
506,90,15.5900445405761,9.99335427118695,-10.9731738497351,9.99674473364315,-10.9701748091543,520.356634143312,504.766589602736,1987.57976975359,2003.16981429417,992300000
506,507,11.2042902940422,9.99335427118695,-10.9731738497351,10.0013387254824,-10.9771037033513,515.970879896778,504.766589602736,1987.57976975359,1998.78406004763,992300000
507,88,4.47984470019825,10.0013387254824,-10.9771037033513,10.0028891422048,-10.9776897871483,520.450724596976,515.970879896778,1998.78406004763,2003.26390474783,992300000
507,89,5.5021622225426,10.0013387254824,-10.9771037033513,9.99960345523229,-10.9770297115408,521.47304211932,515.970879896778,1998.78406004763,2004.28622227017,992300000
508,91,32.2161792771506,9.83491394153328,-11.0383409774763,9.83624129373301,-11.0389946921061,520.575778753256,488.359599476105,1971.17277962696,2003.38895890411,992300000
508,509,0.640942446491024,9.83491394153328,-11.0383409774763,9.8053817540329,-10.8629360362555,489.000541922596,488.359599476105,1971.17277962696,1971.81372207345,992300000
509,92,42.0601683375089,9.8053817540329,-10.8629360362555,9.80892688038619,-10.8682184919083,531.060710260105,489.000541922596,1971.81372207345,2013.87389041096,992300000
509,510,19.9477538361454,9.8053817540329,-10.8629360362555,9.80926489152574,-10.8628645471902,508.948295758742,489.000541922596,1971.81372207345,1991.7614759096,992300000
510,93,22.1151542273908,9.80926489152574,-10.8628645471902,9.80790049367621,-10.8668435448257,531.063449986133,508.948295758742,1991.7614759096,2013.87663013699,992300000
510,511,10.2286984009517,9.80926489152574,-10.8628645471902,9.80466292011075,-10.8623709903865,519.176994159694,508.948295758742,1991.7614759096,2001.99017431055,992300000
511,95,11.8809763743843,9.80466292011075,-10.8623709903865,9.80291990309585,-10.8587545896676,531.057970534078,519.176994159694,2001.99017431055,2013.87115068493,992300000
511,94,12.2398804839734,9.80466292011075,-10.8623709903865,9.80969579897337,-10.8662419141736,531.416874643667,519.176994159694,2001.99017431055,2014.23005479452,992300000
512,513,4.72025472418564,9.94815890007659,-10.7311630333465,10.0026091012135,-10.9741420955839,497.566587983652,492.846333259467,1975.65951341032,1980.37976813451,992300000
512,521,7.40640254205499,9.94815890007659,-10.7311630333465,9.94835302236571,-10.7260281585299,500.252735801522,492.846333259467,1975.65951341032,1983.06591595238,992300000
513,104,15.8735089556838,10.0026091012135,-10.9741420955839,10.0483554662745,-10.7494595398443,513.440096939336,497.566587983652,1980.37976813451,1996.25327709019,992300000
513,514,0.58852157107323,10.0026091012135,-10.9741420955839,10.0022060311332,-10.9745710604835,498.155109554726,497.566587983652,1980.37976813451,1980.96828970558,992300000
514,515,2.01036804297573,10.0022060311332,-10.9745710604835,10.0024944876361,-10.9743413550907,500.165477597701,498.155109554726,1980.96828970558,1982.97865774856,992300000
514,520,12.5980807235181,10.0022060311332,-10.9745710604835,9.94250990279277,-10.8862532770446,510.753190278244,498.155109554726,1980.96828970558,1993.5663704291,992300000
515,96,28.8349586898011,10.0024944876361,-10.9743413550907,10.0039393669805,-10.9720957485805,529.000436287503,500.165477597701,1982.97865774856,2011.81361643836,992300000
515,516,3.05371039737908,10.0024944876361,-10.9743413550907,10.001424372232,-10.9737762446371,503.219187995081,500.165477597701,1982.97865774856,1986.03236814593,992300000
516,519,10.0735169406837,10.001424372232,-10.9737762446371,9.83730375316016,-11.0423294892331,513.292704935764,503.219187995081,1986.03236814593,1996.10588508662,992300000
516,517,7.96092402304556,10.001424372232,-10.9737762446371,10.0010295412049,-10.9717976918647,511.180112018126,503.219187995081,1986.03236814593,1993.99329216898,992300000
517,518,0.612258498102126,10.0010295412049,-10.9717976918647,10.0019305924412,-10.9737846156865,511.792370516228,511.180112018126,1993.99329216898,1994.60555066708,992300000
517,97,10.0913250927913,10.0010295412049,-10.9717976918647,9.99791563319256,-10.9690223058212,521.271437110917,511.180112018126,1993.99329216898,2004.08461726177,992300000
518,98,8.5091674195395,10.0019305924412,-10.9737846156865,10.0024738232854,-10.9755585894906,520.301537935768,511.792370516228,1994.60555066708,2003.11471808662,992300000
518,99,9.60441027297698,10.0019305924412,-10.9737846156865,10.0048580375497,-10.9731234140385,521.396780789205,511.792370516228,1994.60555066708,2004.20996094006,992300000
519,100,6.9411330520594,9.83730375316016,-11.0423294892331,9.83913586591659,-11.0411211680559,520.233837987824,513.292704935764,1996.10588508662,2003.04701813868,992300000
519,101,7.22583135627218,9.83730375316016,-11.0423294892331,9.83632088618089,-11.0377027726474,520.518536292036,513.292704935764,1996.10588508662,2003.33171644289,992300000
520,102,20.3349172421356,9.94250990279277,-10.8862532770446,9.94574658697416,-10.8885860784656,531.088107520379,510.753190278244,1993.5663704291,2013.90128767123,992300000
520,103,20.3294377900806,9.94250990279277,-10.8862532770446,9.94074651781,-10.8972674966096,531.082628068324,510.753190278244,1993.5663704291,2013.89580821918,992300000
521,105,31.2134539106383,9.94835302236571,-10.7260281585299,9.95685742566036,-10.7310593625809,531.46618971216,500.252735801522,1983.06591595238,2014.27936986301,992300000
521,106,30.8216730887205,9.94835302236571,-10.7260281585299,9.95058001860519,-10.7281308552527,531.074408890242,500.252735801522,1983.06591595238,2013.8875890411,992300000
522,523,0.0723389849009806,9.95568609575266,-10.7305239400932,9.95658411058237,-10.7301933411433,488.450014192244,488.377675207343,1971.1908553582,1971.2631943431,992300000
522,547,12.8881991317561,9.95568609575266,-10.7305239400932,9.9500733654155,-10.7304825193229,501.2658743391,488.377675207343,1971.1908553582,1984.07905448995,992300000
523,107,42.6216549719706,9.95658411058237,-10.7301933411433,9.95481863480687,-10.7337110665471,531.071669164215,488.450014192244,1971.2631943431,2013.88484931507,992300000
523,524,5.70073259230039,9.95658411058237,-10.7301933411433,9.91385256481242,-10.8085709167185,494.150746784545,488.450014192244,1971.2631943431,1976.9639269354,992300000
524,526,0.872771261219455,9.91385256481242,-10.8085709167185,10.0633617902567,-10.5871640235657,495.023518045764,494.150746784545,1976.9639269354,1977.83669819662,992300000
524,525,16.0145474124044,9.91385256481242,-10.8085709167185,9.91219188289576,-10.8040371642583,510.165294196949,494.150746784545,1976.9639269354,1992.9784743478,992300000
525,108,21.2871968850739,9.91219188289576,-10.8040371642583,9.91390338608288,-10.8018492806487,531.452491082023,510.165294196949,1992.9784743478,2014.26567123288,992300000
525,109,21.2899366111013,9.91219188289576,-10.8040371642583,9.91591044780464,-10.7953594360413,531.45523080805,510.165294196949,1992.9784743478,2014.2684109589,992300000
526,110,25.3409502681183,10.0633617902567,-10.5871640235657,10.0639207822923,-10.5898645465392,520.364468313883,495.023518045764,1977.83669819662,2003.17764846474,992300000
526,527,7.63732307037112,10.0633617902567,-10.5871640235657,10.0643403112997,-10.5861651531469,502.660841116135,495.023518045764,1977.83669819662,1985.47402126699,992300000
527,528,5.00401591605066,10.0643403112997,-10.5861651531469,10.0635567603765,-10.5858127677412,507.664857032186,502.660841116135,1985.47402126699,1990.47803718304,992300000
527,545,2.46431886481598,10.0643403112997,-10.5861651531469,10.0632318508687,-10.5862705961542,505.125159980951,502.660841116135,1985.47402126699,1987.93834013181,992300000
528,529,0.480200988309136,10.0635567603765,-10.5858127677412,10.0493407293882,-10.5815941016235,508.145058020495,507.664857032186,1990.47803718304,1990.95823817135,992300000
528,111,13.3308149936296,10.0635567603765,-10.5858127677412,10.0598190212552,-10.58957307118,520.995672025816,507.664857032186,1990.47803718304,2003.80885217667,992300000
529,538,1.02767500688088,10.0493407293882,-10.5815941016235,10.0529727813659,-10.581089062803,509.172733027376,508.145058020495,1990.95823817135,1991.98591317823,992300000
529,530,1.14580851034387,10.0493407293882,-10.5815941016235,10.0551175448716,-10.6679347175952,509.290866530839,508.145058020495,1990.95823817135,1992.10404668169,992300000
530,531,1.76317079190468,10.0551175448716,-10.6679347175952,10.0555779100322,-10.6668397178741,511.054037322744,509.290866530839,1992.10404668169,1993.8672174736,992300000
530,537,2.04521683931831,10.0551175448716,-10.6679347175952,10.2137879203446,-10.6924965415432,511.336083370157,509.290866530839,1992.10404668169,1994.14926352101,992300000
531,532,2.95725630874285,10.0555779100322,-10.6668397178741,10.0557588904085,-10.6677723059241,514.011293631487,511.054037322744,1993.8672174736,1996.82447378234,992300000
531,118,19.9902345811972,10.0555779100322,-10.6668397178741,10.0588939513061,-10.6689426182082,531.044271903941,511.054037322744,1993.8672174736,2013.85745205479,992300000
532,117,17.030238546427,10.0557588904085,-10.6677723059241,10.0542532075205,-10.6696396691736,531.041532177914,514.011293631487,1996.82447378234,2013.85471232877,992300000
532,533,5.15225018013544,10.0557588904085,-10.6677723059241,10.0558440747075,-10.6640944769083,519.163543811622,514.011293631487,1996.82447378234,2001.97672396248,992300000
533,116,11.8752486402642,10.0558440747075,-10.6640944769083,10.055617817385,-10.6695159760607,531.038792451886,519.163543811622,2001.97672396248,2013.85197260274,992300000
533,534,1.81766557417135,10.0558440747075,-10.6640944769083,10.0576616001459,-10.664871246934,520.981209385793,519.163543811622,2001.97672396248,2003.79438953665,992300000
534,115,10.4575830660927,10.0576616001459,-10.664871246934,10.055223148418,-10.6609314682178,531.438792451886,520.981209385793,2003.79438953665,2014.25197260274,992300000
534,535,3.10798063780662,10.0576616001459,-10.664871246934,10.0583385808858,-10.6642773177432,524.0891900236,520.981209385793,2003.79438953665,2006.90237017445,992300000
535,536,3.11971626115688,10.0583385808858,-10.6642773177432,10.0584535864325,-10.6647909273281,527.208906284757,524.0891900236,2006.90237017445,2010.02208643561,992300000
535,112,6.95234215431362,10.0583385808858,-10.6642773177432,10.0583213951363,-10.666893839295,531.041532177914,524.0891900236,2006.90237017445,2013.85471232877,992300000
536,113,4.22988616712925,10.0584535864325,-10.6647909273281,10.0602520186504,-10.6628335080402,531.438792451886,527.208906284757,2010.02208643561,2014.25197260274,992300000
536,114,3.82988616712938,10.0584535864325,-10.6647909273281,10.0614473722481,-10.6668357446982,531.038792451886,527.208906284757,2010.02208643561,2013.85197260274,992300000
537,119,19.8068186707699,10.2137879203446,-10.6924965415432,10.2124442799791,-10.686468277605,531.142902040927,511.336083370157,1994.14926352101,2013.95608219178,992300000
537,120,19.8013392187151,10.2137879203446,-10.6924965415432,10.2194783452606,-10.6895114853687,531.137422588872,511.336083370157,1994.14926352101,2013.95060273973,992300000
538,539,4.48951565679258,10.0529727813659,-10.581089062803,10.1460629734032,-10.6035575239597,513.662248684169,509.172733027376,1991.98591317823,1996.47542883502,992300000
538,542,2.45620827782962,10.0529727813659,-10.581089062803,10.0585693276401,-10.5839799463827,511.628941305206,509.172733027376,1991.98591317823,1994.44212145606,992300000
539,124,17.4313382882655,10.1460629734032,-10.6035575239597,10.1458418302088,-10.6057345646108,531.093586972434,513.662248684169,1996.47542883502,2013.90676712329,992300000
539,540,1.36436732605552,10.1460629734032,-10.6035575239597,10.1439491640203,-10.6028662064322,515.026616010224,513.662248684169,1996.47542883502,1997.83979616108,992300000
540,121,16.0669709622099,10.1439491640203,-10.6028662064322,10.1390656513681,-10.6013596891247,531.093586972434,515.026616010224,1997.83979616108,2013.90676712329,992300000
540,541,0.494774218285965,10.1439491640203,-10.6028662064322,10.1455433940468,-10.6011366525561,515.52139022851,515.026616010224,1997.83979616108,1998.33457037936,992300000
541,122,15.5749364699513,10.1455433940468,-10.6011366525561,10.145600718245,-10.6052792752324,531.096326698461,515.52139022851,1998.33457037936,2013.90950684932,992300000
541,123,6.42217802994831,10.1455433940468,-10.6011366525561,10.056921590838,-10.5847840021195,521.943568258458,515.52139022851,1998.33457037936,2004.75674840931,992300000
542,128,9.36635989338097,10.0585693276401,-10.5839799463827,10.0571832417801,-10.5858175437966,520.995301198587,511.628941305206,1994.44212145606,2003.80848134944,992300000
542,543,3.07799011880749,10.0585693276401,-10.5839799463827,10.0555930254324,-10.5834737259135,514.706931424013,511.628941305206,1994.44212145606,1997.52011157487,992300000
543,127,5.823142825726,10.0555930254324,-10.5834737259135,10.0560699993018,-10.581524513288,520.530074249739,514.706931424013,1997.52011157487,2003.34325440059,992300000
543,544,2.69909685277444,10.0555930254324,-10.5834737259135,10.0512613936206,-10.5828960269855,517.406028276788,514.706931424013,1997.52011157487,2000.21920842764,992300000
544,126,11.5779696545506,10.0512613936206,-10.5828960269855,10.0635530029108,-10.5856037451324,528.983997931338,517.406028276788,2000.21920842764,2011.79717808219,992300000
544,125,11.5834491066053,10.0512613936206,-10.5828960269855,10.0607502758935,-10.5817061825749,528.989477383393,517.406028276788,2000.21920842764,2011.80265753425,992300000
545,546,11.5506389827313,10.0632318508687,-10.5862705961542,10.0631880025029,-10.5870300078146,516.675798963683,505.125159980951,1987.93834013181,1999.48897911454,992300000
545,129,15.3127123141035,10.0632318508687,-10.5862705961542,10.0579049743995,-10.5817850615733,520.437872295055,505.125159980951,1987.93834013181,2003.25105244591,992300000
546,130,12.3081989676555,10.0631880025029,-10.5870300078146,10.0553167868118,-10.5818074125265,528.983997931338,516.675798963683,1999.48897911454,2011.79717808219,992300000
546,131,4.89891683575937,10.0631880025029,-10.5870300078146,10.0613749188895,-10.5879404945555,521.574715799442,516.675798963683,1999.48897911454,2004.3878959503,992300000
547,134,29.7920961949784,9.9500733654155,-10.7304825193229,9.80325867725683,-10.8590910277093,531.057970534078,501.2658743391,1984.07905448995,2013.87115068493,992300000
547,548,9.12747746166759,9.9500733654155,-10.7304825193229,9.93572468406242,-10.7227256045673,510.393351800767,501.2658743391,1984.07905448995,1993.20653195162,992300000
548,133,20.713933801804,9.93572468406242,-10.7227256045673,10.0578167,-10.7383667,531.107285602571,510.393351800767,1993.20653195162,2013.92046575342,992300000
548,132,20.6810570894752,9.93572468406242,-10.7227256045673,9.95013335743078,-10.727449153252,531.074408890242,510.393351800767,1993.20653195162,2013.8875890411,992300000
549,140,54.9824280313827,10.0399024472545,-10.6829544431965,10.0427235875248,-10.7525804382518,513.940358357729,458.957930326347,1941.7711104772,1996.75353850858,992300000
549,550,12.4093078695339,10.0399024472545,-10.6829544431965,10.0391616407573,-10.6797783883597,471.36723819588,458.957930326347,1941.7711104772,1954.18041834673,992300000
550,551,19.9102261033115,10.0391616407573,-10.6797783883597,10.0491065240316,-10.67440096323,491.277464299192,471.36723819588,1954.18041834673,1974.09064445005,992300000
550,552,23.1264049924747,10.0391616407573,-10.6797783883597,10.0528521742389,-10.5901487340591,494.493643188355,471.36723819588,1954.18041834673,1977.30682333921,992300000
551,136,40.1640678787215,10.0491065240316,-10.67440096323,10.0560590358326,-10.6698153046168,531.441532177913,491.277464299192,1974.09064445005,2014.25471232877,992300000
551,135,39.8161226732421,10.0491065240316,-10.67440096323,10.1386844039668,-10.6034391503057,531.093586972434,491.277464299192,1974.09064445005,2013.90676712329,992300000
552,139,25.7612385464192,10.0528521742389,-10.5901487340591,10.0569386481779,-10.5876342214961,520.254881734774,494.493643188355,1977.30682333921,2003.06806188563,992300000
552,553,2.57598867699257,10.0528521742389,-10.5901487340591,9.80299864859962,-10.8671230208426,497.069631865348,494.493643188355,1977.30682333921,1979.8828120162,992300000
553,138,33.9883386687302,9.80299864859962,-10.8671230208426,9.80704906068739,-10.865321646781,531.057970534078,497.069631865348,1979.8828120162,2013.87115068493,992300000
553,137,34.3499825043466,9.80299864859962,-10.8671230208426,9.80344207086108,-10.8634552543664,531.419614369694,497.069631865348,1979.8828120162,2014.23279452055,992300000
554,141,2.69979923344476,9.95306671585378,-10.7321740108672,9.95382244524121,-10.732885518813,531.071669164215,528.37186993077,2011.18505008162,2013.88484931507,992300000
554,142,2.70253895947212,9.95306671585378,-10.7321740108672,9.95035793243325,-10.731981692456,531.074408890242,528.37186993077,2011.18505008162,2013.8875890411,992300000
555,557,93.9144820698494,10.5314582987632,-7.15517253800873,10.5834793188051,-7.14734724794238,504.211516811941,410.297034742091,1893.11021489294,1987.02469696279,992300000
555,556,60.6077139975877,10.5314582987632,-7.15517253800873,10.3808326944251,-7.15169234091876,470.904748739679,410.297034742091,1893.11021489294,1953.71792889053,992300000
556,143,58.4649232307869,10.3808326944251,-7.15169234091876,10.3831,-7.1517,529.369671970466,470.904748739679,1953.71792889053,2012.18285212132,992300000
556,144,58.4480057617904,10.3808326944251,-7.15169234091876,10.397222,-7.259167,529.352754501469,470.904748739679,1953.71792889053,2012.16593465232,992300000
557,558,6.20706544513543,10.5834793188051,-7.14734724794238,10.6146501536142,-7.14859156844358,510.418582257076,504.211516811941,1987.02469696279,1993.23176240793,992300000
557,560,3.76760697514634,10.5834793188051,-7.14734724794238,10.5886117957168,-7.15850553897096,507.979123787087,504.211516811941,1987.02469696279,1990.79230393794,992300000
558,147,18.9375543073934,10.6146501536142,-7.14859156844358,10.6164,-7.1583,529.356136564469,510.418582257076,1993.23176240793,2012.16931671532,992300000
558,559,2.89357310974492,10.6146501536142,-7.14859156844358,10.5942282091712,-7.15394697221379,513.312155366821,510.418582257076,1993.23176240793,1996.12533551767,992300000
559,146,13.0397283706966,10.5942282091712,-7.15394697221379,10.5921745851187,-7.15512896481706,526.351883737518,513.312155366821,1996.12533551767,2009.16506388837,992300000
559,145,13.0033494138323,10.5942282091712,-7.15394697221379,10.5919423010179,-7.15361823441632,526.315504780653,513.312155366821,1996.12533551767,2009.12868493151,992300000
560,148,19.191588763855,10.5886117957168,-7.15850553897096,10.5919600563531,-7.15616888594911,527.170712550942,507.979123787087,1990.79230393794,2009.9838927018,992300000
560,149,21.3770127773825,10.5886117957168,-7.15850553897096,10.5874870414525,-7.15637444806327,529.356136564469,507.979123787087,1990.79230393794,2012.16931671532,992300000
