B6_all_seraphim_analyses/Environmental_files/LASV_rasters/Accessibility2_MRU_0.04.asc
NCOLS 360 
NROWS 264 
XLLCORNER -17.0000652 
YLLCORNER 2.9999748 
CELLSIZE 0.04166665 
NODATA_value -1.7e+308 
[rows 30 to 59 of 264, columns 207 to 275 of 360]
176.48 157.2 130.96 87.92 58.8 35.76 14.88 2.4 11.36 2.56 5.44 11.92 11.6 20.64 22.72 35.52 55.12 159.12 148.08 246.56 268.24 169.44 148.24 152.56 172.32 176.88 190.8 247.6 258.48 222.16 304 291.84 262.96 299.12 324.56 344.8 312.16 314.88 380.64 474.32 569.6 566.96 458 361.2 398.08 374 344.72 309.2 306.08 257.28 365.84 411.76 415.44 415.84 425.76 390.16 228.48 194.88 254.08 317.84 270.08 207.68 254.8 134.64 161.84 198.88 362.96 538.24 545.44
235.2 198.16 168.64 158.4 89.6 64.8 35.76 13.52 2.72 0.24 0 1.52 1.36 6.32 20.56 47.52 62.16 152.24 135.68 183.76 174.96 141.12 135.36 169.68 170.32 171.84 188.24 236.4 258.96 220.4 312.64 298.56 277.52 365.76 307.84 364.08 404.24 354.08 353.2 349.84 387.52 391.36 366 384.8 408.72 454.48 401.6 326.32 270.08 237.52 252.64 248.8 244 252.56 270.8 294.8 299.28 231.6 162.16 170.08 166.56 135.2 156.88 125.52 131.12 214.56 358.96 508.16 500.88
339.76 265.84 149.52 111.12 76.4 44.16 21.52 4.64 0 0 0 4.32 9.52 14.24 31.12 55.04 66.8 128.4 106.64 111.12 100.24 142.08 223.2 185.36 231.68 236 203.6 229.44 224.56 214.16 236.24 231.12 251.68 384.88 395.2 317.44 399.12 365.36 458.64 422.16 393.52 351.2 353.2 324.72 367.92 495.04 421.04 316.32 301.2 277.12 255.28 304.56 294 238.72 211.84 187.44 210.64 184.48 205.68 261.2 274.4 263.28 186.16 108.64 118.88 219.52 298.96 368.96 443.28
402.56 275.6 149.76 90.72 65.44 41.52 17.36 2.88 0 0 0 0.32 5.04 16.32 26.64 39.76 51.2 66.64 78.48 100.48 131.12 216.8 259.44 235.68 256.64 227.36 260.96 326.16 251.36 296.56 357.12 289.6 249.04 278.56 380.56 364.8 323.52 339.68 377.28 344.16 352.56 421.6 409.04 340.08 319.36 400.4 437.84 344.72 366.08 352.88 247.76 244.64 304.24 228.8 245.92 278.4 270.56 252.56 345.44 441.76 449.44 332.56 175.84 132.24 129.76 93.92 137.76 268.4 368.56
316.56 259.2 169.76 115.6 71.44 23.12 4.96 1.28 0.16 0.56 1.6 2.8 7.52 14.24 29.12 44.32 51.68 72.72 146.4 186.32 154.48 245.36 223.36 238.88 265.76 292.88 329.28 289.36 278.64 375.28 427.04 362.56 322.64 264.96 269.84 293.92 326.4 301.36 336 406.4 429.52 446.64 416.64 369.84 308.24 295.2 385.12 354.8 305.36 354.8 307.2 213.76 237.44 224.16 335.76 395.6 430.08 415.68 468.4 451.84 368.08 274.16 123.28 185.36 248.96 185.68 85.44 129.44 253.6
205.44 196.56 229.6 136.4 44.16 21.12 15.12 6.48 2.56 10.88 1.84 5.36 15.76 22 46.64 66 61.2 80.32 141.04 201.76 158.72 172.08 188.16 246.8 307.76 430.8 384.64 313.2 311.6 412.48 485.04 454.72 425.44 409.52 393.84 340.88 294.08 293.52 306.48 330.4 335.2 355.68 343.2 311.04 334.48 294.8 301.04 272.96 298.72 347.92 295.6 259.2 193.52 273.28 283.36 295.84 433.44 519.84 422.88 327.36 199.2 139.68 96 176.48 322.4 314.4 162.16 59.92 125.44
137.84 223.2 193.68 113.28 49.84 37.04 29.2 22.64 12.72 21.04 3.2 10.96 16.72 27.68 52.56 73.52 84.32 114.24 97.92 105.44 141.6 160.32 195.36 260.16 378.24 514.64 436.88 400.8 364.4 374.08 415.84 505.6 558.72 560.56 555.36 451.6 352.96 302.72 329.36 399.52 417.44 413.2 428.88 351.92 437.28 384.24 276.96 251.6 270.4 254.8 231.12 206.16 185.12 213.76 209.92 305.12 421.04 425.28 295.44 200.16 199.04 221.12 116.64 94 206.56 236.32 216.48 114.24 39.04
138.72 205.84 151.76 65.44 48.4 47.04 37.52 26.72 33.6 29.92 10.32 27.28 28.96 32 41.36 63.2 90.64 180.96 206.4 169.12 119.04 140.96 268.16 357.76 463.76 579.6 569.2 533.12 444.72 383.52 397.2 470.88 555.28 496.4 499.92 484.96 339.92 350.16 330 454.64 557.36 517.36 540.96 429.76 436.4 362.72 285.52 271.2 250.48 220.72 204.64 203.28 222.64 198.88 180.4 252.24 294.64 282.96 196.4 164.8 181.84 200.08 110.8 85.28 77.92 72.4 64.48 85.04 82.8
113.76 110.8 89.28 64 69.6 53.52 46.48 46.08 34.4 23.6 13.44 32.32 46.16 56.96 49.12 53.52 67.04 120.72 246.48 240.72 156.24 144.4 285.36 405.36 504.72 618.08 630.24 580.48 470.72 441.84 471.84 437.92 459.76 439.12 395.04 384.32 337.04 421.92 347.44 367.68 475.28 427.2 436.96 488.4 437.36 386.64 303.44 276.16 227.84 243.44 211.92 221.52 268.08 242.48 176 157.6 149.92 140.88 127.36 109.12 111.04 107.84 102.56 106.8 87.04 124.48 91.76 40.48 20.32
101.84 92.8 113.04 83.12 77.76 65.92 59.04 51.68 40.96 38.8 19.12 28.32 42.4 57.84 69.84 72.88 70.48 85.36 151.04 151.12 143.52 134.64 197.52 293.76 435.76 549.28 509.52 502.08 477.68 435.28 485.52 549.52 506.64 499.04 403.6 344.88 381.04 510.48 459.68 357.68 371.04 374.8 378.72 388.56 430.56 359.92 284.4 276.96 248.48 258 270.88 257.44 247.36 211.6 215.36 171.44 244.4 237.68 176.24 179.84 247.84 261.68 260.8 258.08 139.76 145.68 142 78.8 38.32
120.96 109.04 123.28 117.2 105.76 81.28 72.32 64.72 62.08 50.08 26.24 31.52 42.4 51.28 65.84 80.48 95.68 116.96 102.56 102.4 146.8 180.48 155.28 274.56 438 469.44 432 384.56 358.4 359.36 410.16 514.56 449.68 420.16 379.12 354.4 430.24 585.44 519.04 378.08 387.12 468 477.6 441.36 417.84 337.28 290.8 265.28 250.48 304.96 273.84 350.8 288.72 285.76 281.04 269.28 316.48 350.8 275.76 186.64 245.2 312.72 372.96 378.88 232.72 157.36 114.24 108.24 55.52
132.64 116.96 130.96 144.96 108.56 119.36 89.28 115.44 98.16 56.08 31.76 48.8 52.8 52.48 62.32 83.12 110.56 135.76 128.64 119.68 188.48 275.76 192.08 281.04 381.28 374.48 353.04 281.6 316.32 372.56 412.4 519.12 558.08 513.2 398.48 368.88 478.08 592.56 491.68 368.32 376.32 392.24 429.6 421.04 392.8 378.08 358.72 306.72 321.04 379.44 288.8 334 371.36 405.12 420 406.88 440.8 416.48 386.72 292.8 260.8 230.48 237.04 289.28 254.24 143.28 172.16 137.76 40.8
144.32 130.32 123.76 131.68 158.64 111.92 100.8 103.12 86.8 49.76 39.84 43.76 69.2 71.92 75.6 78.48 108.48 115.44 122.72 173.36 260.4 296.8 211.92 224.88 277.68 339.52 286.4 244.56 338.4 450.48 454.64 499.68 619.6 545.12 406.64 410.72 509.52 618.16 515.2 361.92 368.4 385.36 392.56 407.12 464.96 476.48 408.4 357.6 347.92 426.48 352.08 291.52 316.56 343.2 388.4 448.24 472.16 410.8 374.88 321.2 269.44 276.16 224.96 165.2 151.52 132.4 115.92 68 75.68
162.88 140.88 129.76 169.04 136.08 110.08 120.4 78.4 69.84 69.44 57.12 44.08 72.32 87.84 96.24 85.44 95.92 116 147.76 176.24 215.36 181.84 193.12 256.88 319.28 357.36 242.72 237.28 343.52 337.76 375.68 423.36 566.08 535.28 409.12 447.2 547.84 571.04 458.56 338.24 344.4 430.72 465.44 414.8 419.36 528.4 528.08 434.32 370.96 408.08 442.24 358.24 292 330.32 280.96 300.64 332.72 287.52 295.04 287.28 289.04 287.04 210.72 155.28 137.6 102.56 62.4 79.2 166.24
161.76 142.24 151.2 141.92 126.64 125.52 107.76 84.24 90.64 89.84 69.76 49.6 57.36 70.24 80.4 91.68 99.12 118.08 168.32 176 149.2 182.32 245.28 332.8 413.84 361.92 240.88 250.72 266.96 281.52 328.16 442.08 533.12 456 390.32 412.56 432.08 411.36 368.8 324.16 335.28 340.16 396.64 397.28 422.32 473.76 471.12 429.52 425.44 494.24 569.6 471.36 326.8 266.72 272.24 245.36 230.32 230.88 255.6 250.88 304.16 280.16 215.52 160.88 142.8 95.52 77.2 144.56 245.2
162.08 166.8 149.28 147.12 132.64 116.96 98.96 103.52 104.48 83.68 67.84 55.2 73.44 81.76 81.68 93.52 115.92 125.04 127.52 140 178.72 259.68 345.68 418.56 459.28 339.04 213.12 212.72 278.96 346.08 364.24 476.16 465.04 444.56 420.48 430.96 490.32 416 431.92 326.48 361.04 412 373.76 367.36 364 383.76 391.76 405.92 413.12 460.72 599.52 551.6 384.88 268 290.96 323.04 320 252 211.68 240.32 291.76 353.36 291.36 232.4 159.36 101.6 97.6 100.72 193.28
170.24 191.76 171.68 165.12 156.88 137.36 124.8 164.96 117.12 85.28 72.64 62.64 84.88 91.6 102.96 99.76 111.76 139.12 173.6 192.8 201.04 297.92 403.28 480.8 402.64 264.48 191.52 249.84 343.68 425.52 440.88 485.28 426.72 490.4 423.52 502.88 547.52 459.76 363.6 318.64 296 398.24 506.56 500.32 429.04 429.6 503.92 510.4 468.64 514.88 618 610.56 458.64 296.64 334.64 458.72 446.08 324.56 211.92 223.84 232.8 295.84 245.52 184.64 114.64 136.56 136.96 134.08 142.8
189.84 201.28 172 183.12 175.92 161.28 149.68 155.84 133.28 132.48 84.16 71.36 86.64 105.44 123.12 121.04 110.16 147.36 245.6 264.16 212 238 307.28 370.56 323.28 229.76 183.52 295.28 421.2 471.84 406.32 462.4 403.84 437.68 383.28 438.56 477.04 369.68 376 332.88 298.64 444.96 581.04 555.76 497.68 432.88 523.92 549.76 488.4 534.72 606.16 630.64 483.68 312.4 300.88 445.28 410.08 290.8 190.4 182.48 169.36 195.68 169.68 159.36 121.44 180.96 183.2 213.04 123.04
207.2 209.6 188.32 172.8 173.76 175.6 154.72 137.84 112.16 104 88.56 76.8 97.44 108.96 113.68 120.56 126 147.84 205.6 257.12 268.4 242.24 219.6 269.6 232.96 192.48 185.76 317.6 436.16 401.76 344.4 364.08 298.8 353.12 371.36 344.24 398.64 333.12 339.36 264.56 335.6 468.48 504 443.28 431.2 490.56 494.16 491.2 474.8 454.64 492.16 584.72 503.12 348.96 248.16 324.24 298.24 230.88 223.04 224.56 170.56 187.2 211.68 164.72 132.32 183.52 248.88 278.56 185.68
211.68 204.8 194.4 175.36 157.28 160.48 145.76 128.64 135.84 115.36 97.36 83.44 93.52 100.48 113.44 131.36 145.36 182.64 227.76 288 240.08 189.36 185.52 189.84 217.6 148.48 214.48 351.68 451.44 385.04 326.64 286.32 251.68 245.2 250.48 277.44 308.88 317.36 321.52 266 400.4 453.68 379.12 373.12 429.68 416.48 369.12 386.96 436.24 464.24 432.32 523.28 550.16 415.6 273.36 247.04 247.28 213.84 273.76 232.88 187.84 200.8 312.4 223.92 142.48 191.2 208.56 297.36 262.32
218.32 243.92 231.68 190.32 166 152.32 166.4 138.64 136.48 117.52 97.52 108.4 91.28 111.84 124.48 137.76 154.48 177.6 197.84 258.56 184.72 155.6 147.6 165.84 142.96 151.2 261.84 381.12 428.24 337.04 336.88 289.68 263.52 223.28 277.28 260.4 294.32 269.28 264.32 259.84 315.2 333.52 339.6 373.04 458.56 436.88 331.28 338.32 425.44 477.12 385.2 452.08 512.72 456.48 343.36 229.12 228.8 218.96 236.64 226.72 187.28 181.52 229.28 183.36 150.48 220.32 291.28 306.88 240.8
243.92 294.4 263.44 206.08 181.84 171.76 166.64 144.72 124.96 124.32 120.72 121.84 103.76 86.88 98.4 113.44 143.76 155.28 178.8 231.28 159.76 105.76 130.88 134.32 123.52 152.24 246.16 339.84 390.48 315.6 273.6 241.2 232.64 219.36 294 309.84 257.6 251.76 216.96 245.76 290.56 343.68 405.28 391.12 504.48 477.68 338.08 293.52 385.6 447.76 362.4 390.08 409.84 338.08 289.6 212.56 187.92 210.16 238.72 216.48 191.84 204.96 159.12 138.72 139.44 201.68 236.8 242.8 215.44
246.96 301.6 258.96 211.92 200.48 183.36 160.4 146.56 156.32 151.36 146.56 130.72 103.68 84.72 79.44 97.04 105.36 134.08 185.44 167.6 103.04 122 167.6 173.76 107.2 145.36 182 275.68 354.96 339.6 341.12 324.4 290.48 231.36 208.8 276.56 303.52 228.64 222.8 264.48 308.32 326.56 353.12 360.32 418.64 457.52 359.12 272.48 311.36 381.04 305.52 281.52 257.44 228.16 196.16 198.96 220.24 215.04 264.88 217.52 267.84 237.76 144.72 148.8 133.84 156.72 170.24 209.92 252.64
251.84 274.4 264.96 218.96 203.04 180.96 158.88 171.36 182.8 175.52 153.76 129.2 101.12 95.2 80.4 68.48 82.24 102 175.44 115.84 110.56 206.08 218 162.72 112 142.4 171.68 231.04 310.4 356.96 414.8 451.52 405.76 372 248.8 200.16 217.44 201.92 277.04 271.04 270.72 287.28 310.72 340.08 358.56 360.24 340.48 261.04 251.68 265.2 237.04 235.68 251.2 257.52 231.12 180.88 223.36 177.44 183.92 215.28 198.24 188.16 151.84 159.84 125.36 118.4 168.4 173.2 167.52
254.24 251.36 246.32 218.48 195.68 174.32 175.76 227.2 203.12 169.92 140.32 120.16 112.96 125.12 98.96 65.2 60.16 78.8 131.2 74.72 137.52 266.64 238.16 114.16 127.76 177.76 185.52 207.12 259.12 309.68 410 516.72 510.16 420.08 275.68 179.68 184.32 199.92 253.52 228.32 241.68 269.36 324.08 315.76 329.6 305.92 332.32 272.88 204.96 231.92 223.6 229.76 279.36 276.4 192.24 174 160.96 202.56 156.72 174.24 162.48 151.68 152.56 259.84 168.48 126.72 137.52 166.4 139.52
266.56 239.68 228.56 219.76 198.48 189.04 202.64 220.64 194.96 176.8 138.72 149.04 147.04 134.88 106.56 78.88 57.44 57.12 60.88 70.48 176.72 278.08 204.96 94.56 144 230.32 248.32 282.08 290.16 322.08 423.76 507.84 448.48 301.68 180.88 210.72 165.28 182.72 183.68 199.04 223.68 279.44 342.56 292.96 318.16 273.44 257.76 219.2 179.84 186.64 211.12 204.72 211.84 200.96 226.88 254.64 205.12 158.88 141.84 205.6 256.24 183.68 146.8 188.08 114.16 101.92 130.32 180.88 185.6
275.12 251.04 226.08 212.4 202.16 201.84 213.52 231.6 208.96 167.2 142.24 170.8 177.2 141.84 116.32 96.48 81.36 84.56 51.84 87.68 211.44 279.2 193.76 81.12 129.36 198.32 258.88 319.44 261.76 317.44 418.4 419.04 356.24 237.52 166.08 234.72 154.96 176.32 177.68 199.2 175.36 283.6 263.84 273.28 328.08 303.04 260.72 216.72 179.52 225.04 228.48 233.6 257.04 230.32 260.48 249.68 238.48 184.96 157.04 137.52 188.96 150 108.88 114.48 121.12 85.36 125.2 148 131.6
269.68 249.76 230.88 233.52 240.64 228.24 232.48 196.24 167.68 156.16 151.28 180 205.12 158.4 135.52 107.28 78 60.88 90.08 52.24 181.84 235.68 122.08 64.4 139.44 177.6 231.68 320.4 231.92 264.48 322 304.64 272.24 162.96 175.52 262.08 169.12 155.2 194.16 249.36 164.64 205.36 219.44 289.6 371.28 339.2 229.04 210.48 157.04 192.16 230.64 331.36 323.2 237.28 328.88 318.4 272.64 234.32 187.84 197.04 118.64 99.68 116.08 142 151.28 75.92 91.44 123.52 98.16
262.16 252.4 252 281.44 292.08 261.92 224.72 184.96 175.92 167.76 158.32 185.04 200 168.24 134.32 103.28 76.4 76.48 111.04 40 91.28 180.08 112.32 48.88 86.64 104.48 185.28 224.8 193.76 236.96 205.6 179.68 168.32 126.8 163.92 241.44 157.52 144.56 227.52 200.4 162.88 230.8 216 235.68 253.2 298.08 267.44 182.64 150.64 225.12 329.36 416.8 304.48 210.08 304.56 372.48 303.76 214 246.16 288.32 173.52 90.16 134.72 176.96 104.4 68.96 115.44 146.4 96.56
275.6 294.72 296.72 318.16 331.68 306.08 214.48 198.72 193.12 168.56 150.8 173.12 181.44 192 161.28 118.64 100.56 104 68.56 44.08 48.32 112.96 48.72 56.56 91.52 124.72 140.64 151.2 197.52 235.6 180.88 190 132 174 265.44 231.92 128.96 143.2 248.48 189.52 176.32 193.92 240.08 213.52 178.24 233.28 306.4 236.48 155.2 200.88 292 336.72 315.52 183.84 254 263.12 209.44 182.96 300.08 269.04 135.92 99.44 110.32 182.88 90.56 60.8 79.92 123.68 68.8
