B6_all_seraphim_analyses/Environmental_files/LASV_rasters/Accessibility2_MRU_0.04.asc
NCOLS 360 
NROWS 264 
XLLCORNER -17.0000652 
YLLCORNER 2.9999748 
CELLSIZE 0.04166665 
NODATA_value -1.7e+308 
[rows 30 to 59 of 264, columns 276 to 344 of 360]
368.8 193.12 123.68 153.36 211.28 240.24 267.68 360.72 330.24 333.36 221.68 204.72 199.12 229.92 185.84 260.4 264.32 320.4 440 420 398.56 328.56 310.88 307.68 356 446.96 393.84 308.88 351.36 334.4 221.28 188.8 150.56 131.28 151.28 112.4 70.32 51.04 26.32 6.72 17.6 60.88 164.4 285.36 394.48 396.4 297.6 188.88 153.68 141.84 190 269.84 330.24 278.4 150 154.24 210.8 112.32 71.76 83.52 85.92 94.08 70.64 72.48 113.28 131.6 146.64 136.56 183.12
332.4 179.84 102.8 185.84 297.2 343.68 232.08 236.32 288.8 274.8 276.56 173.52 250.16 189.92 258.48 272.56 260.48 271.12 283.2 251.44 253.28 261.44 326.8 409.84 378.72 301.92 301.52 246.32 263.04 212.56 200.8 219.04 244.24 172.96 226.32 197.04 115.2 63.52 31.6 30.88 92.16 52.24 59.6 179.12 311.6 375.52 297.2 211.44 154.8 145.12 235.44 220.24 195.6 189.36 117.28 132.8 127.04 71.36 132 126.48 166.08 131.44 92.48 95.68 102.32 131.52 111.44 87.36 105.44
270.72 106.4 147.68 247.6 331.44 372.24 311.68 177.12 195.12 205.92 170.32 177.92 276.96 170.72 267.68 229.92 226.64 247.76 270.48 218 231.84 359.28 464.24 503.44 397.52 309.76 285.28 268.16 287.04 273.52 304 374.4 350.72 204.32 218.56 118.64 86.08 69.6 89.28 81.84 94.8 137.12 51.52 86.72 177.12 247.04 283.84 182.48 101.6 159.76 224.96 140.96 109.76 109.68 81.28 74.08 64.96 130.16 231.44 244.96 242.32 135.12 135.52 150.48 217.92 257.36 149.84 96.8 101.2
200.96 79.2 139.44 142.64 197.92 234.56 292.8 215.12 127.28 133.04 187.6 282.88 305.84 175.44 161.28 198.72 248.64 233.6 185.68 162.32 242.88 386.56 526.4 462 315.2 307.04 347.84 307.28 297.2 352.08 449.92 485.04 348.08 187.6 140.48 119.68 191.2 151.52 151.28 103.52 112.08 175.84 120.24 45.92 66.08 172.96 189.2 148.88 93.6 166.96 183.76 91.44 50.16 48.48 49.04 66.16 102.08 120.4 239.92 304.4 257.52 207.52 174.88 173.52 281.84 308.64 229.28 126.48 75.68
135.52 81.84 188.16 130.8 122.08 109.04 156.56 117.28 105.76 128.4 208.16 223.04 181.44 149.28 141.52 200.24 210.4 218.56 214.32 154 208.72 358.8 413.04 355.52 260.56 257.04 331.44 325.76 300.88 377.84 509.92 447.44 281.6 154.64 171.04 253.12 230.08 217.92 134.48 106 134.64 221.28 113.36 92.16 50.96 52.72 89.52 102.24 74.88 82.48 55.6 45.68 38.56 58.4 105.52 177.44 196.88 170.96 162.8 198 223.04 231.92 209.6 157.92 195.92 271.84 264.48 170.24 76.24
54.16 131.68 251.44 106.8 110 75.36 94.16 147.6 131.6 152.4 160.48 153.36 197.04 214.88 135.04 219.44 214.4 184.72 177.12 157.92 157.6 289.36 255.04 248.8 218.48 224.8 327.52 281.12 340.08 436 544.32 455.44 291.68 185.2 242.88 384.64 326.96 187.6 176.88 155.84 142.08 149.12 120.72 188 116.64 41.52 29.28 50.32 61.68 32.72 34.56 108.72 106.24 91.68 156 213.36 305.68 304.16 198.88 268 331.2 285.92 196.16 187.12 282.32 313.28 189.44 132.8 114.32
46.08 158.88 123.52 60 54.8 89.44 200.64 256.64 164.88 188.72 236.24 279.84 302.32 180.88 125.12 187.12 156.8 156.56 190.16 151.12 122.08 165.2 175.2 201.36 183.12 268.96 334.64 270.32 409.6 508.08 506.08 440.08 334.4 186.96 234.16 370.48 307.36 268.72 271.68 168.4 158 159.76 211.44 150.96 76.16 105.36 61.92 32.64 10.96 10.96 47.52 125.76 122.16 141.76 169.92 260.64 266.24 294.8 235.92 258.16 395.84 406.8 280.96 204.8 200.72 225.92 188.32 133.36 109.84
23.44 37.76 26 74.08 133.92 144.88 168.48 305.92 214.16 221.92 226.32 357.84 287.92 147.44 106.48 187.92 131.6 122.8 173.12 145.76 126.24 164.08 142.32 150.48 213.6 281.52 242.88 263.28 360.56 374.88 375.2 318.16 240.96 142.4 169.68 256.56 213.12 295.12 312.32 204 155.12 183.84 133.36 114.8 142.24 152.64 100.72 33.52 35.2 17.28 26.08 52.48 94.64 104.08 157.04 286.64 260.32 191.36 181.36 258.32 395.44 450.64 341.2 265.44 207.52 190.48 147.76 95.6 90.96
6.56 16 97.52 155.36 139.28 177.92 178.48 330.48 266.96 191.68 224.72 335.04 228.08 133.12 95.2 127.68 102.48 91.76 126.08 98.24 101.04 116.88 118.48 141.12 147.12 254.88 263.12 209.12 229.36 240.96 245.76 191.12 125.28 119.44 136.24 167.6 184.32 210 214.56 186.64 162.56 161.04 155.68 184.72 189.76 95.6 51.28 36.56 146.8 90.4 91.92 62.32 44.4 112.64 196.56 254.16 188.72 132.96 167.2 252.64 329.12 321.36 291.6 326.72 346.4 336.4 222.8 128.08 144.56
7.28 10.32 38.08 57.04 67.68 137.12 181.68 272.4 183.36 194 173.36 311.52 317.2 197.6 96.08 72.56 70 68.24 80.32 87.68 104.8 113.12 131.12 199.12 183.2 273.6 325.52 214.96 195.36 165.6 149.12 133.28 111.44 134.96 153.76 155.2 148.16 143.92 163.68 151.2 236 295.52 239.28 293.84 305.6 182.16 72.4 62.32 150.72 134.64 220.48 179.2 71.68 51.44 67.28 125.04 92.56 181.28 258.24 277.12 231.92 192.24 208.56 316.16 405.12 429.84 292.56 165.6 118.96
25.52 53.52 111.36 56.16 67.6 79.12 115.92 130.24 130.4 151.52 139.04 250.32 218.88 188.48 102.4 52.4 65.84 139.12 127.84 130.64 133.92 141.6 204.96 210.72 331.04 357.76 327.2 229.68 305.68 281.28 260.24 244 145.12 100.72 227.76 250.96 156.64 182.88 189.04 154 285.84 348 324 400.96 351.28 185.6 52 63.84 117.2 194.32 301.28 302.4 205.68 129.76 71.12 76.64 67.84 141.92 201.84 213.92 150.24 148 228.48 279.92 366.64 405.52 306 169.84 115.68
41.84 44.72 79.2 86 113.68 91.36 71.36 94 123.2 136.8 117.6 143.6 88.08 95.68 106.24 49.12 85.12 194.08 110.24 144.96 162.08 184.08 260.4 348.64 425.6 387.44 281.68 239.44 310 427.12 423.68 291.36 128.08 60.48 193.6 264.16 158 128.64 118.8 159.36 270.24 345.44 418.08 426.08 289.04 154.16 46 94 228.32 308.8 332.88 401.36 307.84 151.68 110.32 162.8 105.36 66 85.12 90.96 97.68 163.2 195.84 202.4 243.92 273.36 274.16 143.92 103.92
130.72 85.92 79.2 72.32 100 98.16 98.24 87.28 91.44 81.36 73.6 63.52 62.16 67.84 84.96 34.72 45.92 84.96 100.96 224 279.76 190.32 302 425.12 347.04 302.64 274.48 235.52 283.2 427.04 479.28 320 170.4 41.2 107.92 106.24 84.16 85.04 149.52 278.56 309.52 402.88 452.56 331.28 223.52 99.04 67.04 84.24 176 300.64 349.92 292.88 312.88 187.28 75.92 71.92 96.48 112.4 147.12 159.52 112.48 87.52 110 96 109.52 172.16 209.2 167.52 107.2
166.64 98.96 119.76 99.68 117.68 183.2 154.08 103.36 90.16 85.28 84.56 78.64 78.8 50.8 42.08 21.44 8.48 38.16 163.68 256.64 246.96 157.2 357.04 416.32 324.08 353.76 340.4 237.84 222.56 381.36 425.2 260.56 102 25.36 22.96 57.84 150.88 202.32 259.92 367.36 374.16 474.4 396.72 242.8 115.92 62.8 94 148.8 124.24 245.36 273.36 158.48 234.8 204.48 80.24 86.4 219.92 183.36 150.64 163.36 115.04 106.96 102.96 99.28 79.28 67.28 72.48 64.32 53.12
182.64 144.56 150 139.92 87.84 112.64 127.68 144 149.36 106.32 84 104 85.28 152.32 161.36 70.48 35.92 34.88 61.36 131.68 115.2 160.4 382.48 458.64 352.16 381.92 323.28 205.28 235.92 363.2 341.84 221.84 94.4 51.68 28.64 124.4 265.68 367.92 409.2 450.72 433.92 474.48 320.72 171.44 70.72 81.44 96.64 214.16 150.96 230.56 281.6 144.16 138.8 116.72 24.8 99.76 270.48 290 181.76 166.72 146.08 160.96 188.48 170.4 134.16 93.76 90.48 70.32 73.84
211.92 191.68 257.68 146.48 106.96 148.96 140.64 122.32 120.88 100.64 90.16 128.8 208 251.36 118.88 105.76 81.28 107.28 78.4 49.92 124.32 297.44 435.2 487.76 444.16 394.64 257.04 190.56 193.36 207.76 176.4 101.2 63.2 76 47.76 100 232.72 392.88 496.08 498.16 517.52 428.24 255.44 108.56 80.48 122.72 116.72 185.28 214.32 175.52 217.2 116.16 70.24 45.28 26 59.6 187.04 273.52 202.24 178.96 167.52 224.4 285.76 282.96 201.2 201.36 138.64 91.76 127.84
247.36 268.8 252.8 149.92 141.04 132.48 203.6 170.56 134.24 141.6 139.04 186.08 330.48 298.64 139.92 140.56 126.88 104.64 126.48 96.56 148.96 277.04 340.88 393.12 487.6 426.48 270.32 209.76 142.32 111.52 92.8 80.24 102.72 131.84 93.52 118.4 203.68 352.96 461.04 532.56 483.36 352.08 201.84 88 95.52 131.12 203.92 173.36 182.48 160.32 144.16 136.72 148.16 74.48 76.08 75.68 90.48 162.24 142.08 162.88 188.24 292.48 370.56 316.32 244 271.2 148.32 148.96 144.72
190 317.28 227.12 184.16 151.36 136.88 146.72 169.44 211.36 263.68 190.4 177.52 300.72 262.64 172.64 267.2 260.88 227.6 194.96 170.24 173.76 157.04 193.52 278.88 415.12 424.08 269.92 167.76 138.8 151.2 120.72 193.6 123.12 126.24 181.92 276.08 296.8 369.68 409.6 387.76 340 316 158.24 114.56 132.32 122.56 224.8 288.64 226.72 199.04 171.92 183.92 137.52 94.56 131.12 175.28 101.6 96.32 183.2 236.8 200.64 260.96 331.28 359.04 303.36 240.56 142.72 146.72 189.44
137.52 214.64 194.24 154 138.4 153.28 258.72 317.04 384.4 400.72 333.6 304.24 395.2 403.44 296.16 307.2 292.8 238.4 201.28 274.96 259.76 166.4 139.12 239.28 365.36 425.44 261.52 185.28 171.44 140.4 204.56 309.12 215.12 136.16 248.48 388.24 371.44 321.92 262.64 226.48 210.24 243.76 134 133.04 149.76 188.16 166.48 222.8 234.8 175.52 150.4 139.68 145.04 120.88 140.24 276.24 241.44 157.92 123.44 147.84 185.12 208.64 312.56 316.64 249.68 175.04 150.16 212.4 269.04
188.4 148 160.4 152.8 211.92 270.96 366.72 479.84 483.44 391.12 387.76 405.92 387.84 350.8 293.2 307.92 289.84 264.4 214.8 327.28 351.76 275.52 145.36 184 282.08 352.16 336.96 207.2 177.44 253.28 305.28 283.84 295.92 186.56 216.88 355.04 303.04 258.88 229.2 190.56 191.52 145.12 112.48 128.8 171.12 288 287.04 238.72 217.92 186.24 174 174.4 204.16 168.88 148.64 289.92 374.48 300.16 229.84 159.76 186.08 249.68 292.48 235.2 208.24 227.2 169.44 239.44 302.32
231.44 176.64 158.4 229.44 330.48 427.92 520.64 586.4 487.6 422.88 400.48 353.68 343.52 322.56 342.64 356.72 392.56 335.76 230.96 253.04 342.32 332.48 200.32 129.36 212.96 206.48 261.92 196.64 207.6 248.8 250.16 237.68 226.16 207.28 195.28 295.12 265.2 233.68 233.2 214.96 161.2 144.48 104.32 122.08 143.68 255.84 366.08 305.12 221.44 208.24 199.6 230.08 226.56 200.88 167.12 295.68 346.48 369.12 343.68 256.96 171.84 218.64 216.24 237.2 289.12 317.76 206.88 183.68 241.92
161.44 171.6 232.32 265.6 442.16 574.64 641.44 550.8 454 439.84 499.52 456.64 395.6 354.08 367.92 318.08 335.12 346.48 251.36 310.24 368.16 350.4 242.56 129.04 166.88 200.88 179.52 216.16 261.6 264.64 275.52 292.08 314.24 234.64 197.6 278 272.8 232.72 214.48 175.76 146.88 108.24 127.6 166 152.24 170.96 237.12 259.44 252.4 261.68 266.24 224.32 295.12 208 176.72 208.88 218.32 235.12 223.6 191.76 153.04 197.36 254.08 248 306.48 357.52 263.84 144.88 154.8
170.56 159.76 302 413.68 514.48 585.6 537.52 479.12 499.36 483.04 463.28 539.68 490.88 403.76 372.08 331.52 300.88 316.08 232.96 300 352.56 220.56 163.04 112.88 160 165.2 187.52 229.52 282 406.88 342.8 299.92 380.88 283.68 215.84 252.72 235.04 256.32 253.76 229.2 151.68 135.84 191.68 180 198.8 188.88 194 209.68 232.4 240.72 237.12 219.2 243.36 203.52 199.12 184.24 220.16 242.8 183.84 200.88 165.6 154.88 152.96 166.32 194.16 209.68 176.88 123.92 110.48
135.44 164.8 272.72 389.84 386 466.96 501.36 526.56 595.52 504.24 424.24 427.52 467.04 515.68 480.32 336.32 275.92 259.68 205.6 243.2 245.76 226.24 190.24 112.4 135.6 161.52 246.4 227.92 246.4 380.64 332.16 259.52 265.76 237.6 240.08 230.4 236 185.92 156.16 138.08 114.72 195.84 291.12 213.36 209.44 219.6 198.32 243.52 267.68 241.44 213.84 192.56 174.16 173.28 163.12 171.68 150.24 168.56 164.32 245.12 195.2 107.12 117.44 135.44 147.12 140.4 140.16 189.12 126.88
127.68 226 348.56 336.96 235.92 303.28 452.24 585.28 667.44 576.56 481.36 411.52 367.52 431.44 435.12 350.72 243.6 251.2 193.76 176.88 154.72 137.68 123.52 106.08 124.08 196.24 298.88 310.96 227.44 321.2 351.92 247.2 289.28 267.44 292.72 218.16 181.36 160.08 133.44 121.2 121.2 205.44 228.08 201.52 179.92 182.56 167.68 194.48 222.08 236.8 240.24 226.16 165.44 150.4 131.2 174.72 159.04 107.04 137.04 119.2 105.68 117.6 153.68 175.12 234.56 200.32 166.4 261.6 203.44
119.12 218.32 352.48 263.04 190.4 356.4 515.36 613.68 665.36 606.16 546.24 472.4 358 344.4 338.16 300 232.48 268.4 207.6 265.12 261.04 200.64 111.28 105.76 216 311.52 370.64 371.36 235.36 223.36 228.48 245.68 298.88 247.68 292.4 183.84 157.84 142.4 114.8 100.16 127.04 144.24 183.76 154.56 143.52 142.08 143.92 208 184.88 200.24 231.92 163.44 145.12 205.04 186.72 120.96 98.96 76.08 105.76 132.24 200.48 265.28 308.24 293.44 301.36 215.04 199.36 310.72 252.96
109.44 222 325.52 221.36 153.2 337.12 477.68 516.08 589.28 484.56 408.56 393.28 359.84 310.08 287.92 293.2 212.08 201.28 242.64 237.12 204.4 153.44 91.2 152.8 278.64 385.92 449.28 375.68 277.04 181.76 245.2 316.16 256.16 229.36 281.92 158.32 125.36 125.36 88.96 128.8 185.6 170 136.48 120.16 136.48 132.48 110.88 113.68 120.64 220.4 211.84 112.16 158.48 187.84 147.92 116.8 78 154.16 225.2 248.48 302.4 403.68 429.6 365.68 275.36 207.12 232.64 372.32 342.88
115.76 220.64 196.88 138.08 152.64 310.64 410.56 453.84 513.52 436.24 443.44 404.96 326.56 300.8 292.56 239.2 202.24 179.28 172.64 139.84 138.88 112.16 78.96 170.08 297.76 390.4 347.28 285.44 178.96 175.44 300.96 299.68 208.4 232.56 316.32 229.68 143.84 89.36 105.04 193.84 246.48 223.44 141.2 122 103.28 121.2 84.32 73.2 147.2 215.2 99.36 82.48 162.32 186.24 110.24 61.12 92.64 188.16 287.28 343.04 401.52 460.24 450.96 339.68 239.36 203.28 222.08 265.36 237.92
98.48 123.44 106.24 142 186.8 222.56 282.88 418.48 435.36 463.12 553.12 507.84 378.32 297.28 275.76 243.44 280.8 190.4 178.88 233.2 246.96 176.64 80.16 94.4 176.8 229.28 196.56 148.08 157.12 249.68 323.36 265.84 173.92 160.08 280.32 226.48 97.04 97.68 184.88 257.12 243.68 173.76 209.44 244.96 124.96 67.2 45.2 53.36 105.28 85.76 31.76 44.72 69.44 78.56 62.96 130.56 181.36 182.24 258.08 321.52 399.12 436.32 384.16 316.64 235.6 231.04 210.24 195.68 198.64
84.4 85.28 152.88 164 151.12 166.56 255.04 401.68 398.48 433.76 502.24 472 388.64 308.96 260.8 341.92 339.68 203.76 212.24 254.16 210.96 132.16 160 90.8 82.56 97.28 91.76 131.6 190.88 259.52 278.32 311.84 237.68 139.52 178.88 117.52 81.52 151.68 229.04 223.68 198.32 189.92 208.32 202.16 167.36 89.28 34.88 31.92 16.56 45.76 48 56.8 90.08 65.68 99.76 239.76 270.96 275.28 335.6 401.28 418 444.08 380.32 319.28 288.72 233.6 248.56 314.32 343.68
