B6_all_seraphim_analyses/Environmental_files/LASV_rasters/Accessibility2_NGA_0.04.asc
NCOLS 408 
NROWS 336 
XLLCORNER -7.19999999887477e-05 
YLLCORNER 1.9999752 
CELLSIZE 0.04166665 
NODATA_value -1.7e+308 
[rows 272 to 305 of 336, columns 308 to 384 of 408]
115 101.64 74.84 51.96 90.36 125.96 77.12 87.2 62.92 140.32 151.04 68.56 120.2 75.96 59.2 172.08 232.88 227.88 130.08 17.68 25.96 34 25.64 41.36 77.68 112 110.6 107.04 110.56 111.04 128.2 141.28 175.72 144.64 132.96 123.4 142 189.12 201.52 187.56 179.44 177 197.36 215.92 243.6 275.32 288.04 302.44 298 287.28 293.6 345 309.4 253.32 257.76 303.6 280.28 237.96 225.72 277.16 296.24 270.44 210.92 155.48 141.68 130.48 119.44 116.72 111.04 81.72 61.04 56.56 72.76 90 97.8 127.76 177.76
161.84 98.92 55.16 51.2 43.84 45.64 44.52 43.84 33.88 57.28 80.28 46.6 49.04 47.24 67.32 63.36 87.64 67.6 49.08 14.88 2.32 14.8 9.48 51.16 47.32 68 64.84 73.64 94.32 132.56 158.08 168.96 183.76 175.16 158.52 132.12 163.24 196.6 181.92 183.96 167 176.12 200.52 220.84 275.36 311.64 300.16 293.36 317.36 303.96 299.48 329.16 279.6 256 277.04 326.4 325 283.44 240.44 248.76 280.4 296.88 238.68 199 173.72 138.44 156.4 171.68 163.16 127.76 74.56 86.64 133.96 155.92 161 190.6 203.2
63.64 63.72 114.28 79.24 59.44 102.6 115.8 54.48 54.64 47.72 37.8 42.28 31.32 55.4 21.36 31 23.52 18.52 10.36 3.96 2.44 6.32 10.92 19.72 24.36 44.92 53.92 76.6 91.96 112.36 126 139.56 139.08 162.12 173 142.8 149.04 164.24 168.2 175.4 162.84 175.04 190.04 210.44 257.48 272.28 307.44 312.64 308.96 306 305.28 313.84 275.32 283.4 273.68 286.36 322.8 324 288.76 258.64 274.52 317.84 289.52 260.4 218.8 160.96 129.8 132.96 136.52 125.16 79.04 101.56 172.68 183.68 182.96 193.36 204.64
142.76 83.2 85 67.2 75.56 73.8 121.16 72.92 97.28 122.2 52.88 136.24 79.88 162.28 59.72 138.24 97.76 47.72 17.52 22.96 14.6 18.56 25.28 34.56 34.12 39.04 47.8 58.92 82.92 74.28 83 104.44 124.64 186.64 227.88 168.48 143.32 150.64 168 154.8 162.6 184.16 194.16 211.36 229.28 241.32 254.04 275.44 309 298.92 303.68 303.08 291.72 299.08 316.88 290.48 303.96 351.68 313 262.12 283.44 318.36 336.4 308.28 250.88 200.4 162.04 128.28 108 92.84 99.96 79.8 105.84 168.88 199.44 239.24 225.52
122.44 112.44 106.96 94.8 81.04 105.84 188.88 135 143.52 230.96 180.28 209.28 188.12 106.64 62.08 150.28 207.76 108.32 31.72 30.16 49.04 38.48 52.52 51.24 56.52 56.64 58.44 57.44 60.48 66.44 75.24 83.44 126.12 207.76 178.24 146.52 130.44 137.84 139.44 150.8 180.64 187.32 194.72 217.6 217.64 227.84 240.2 250.92 268.56 317.92 306.72 297.88 294.28 310 330.08 304.92 309.6 347.88 318.08 270.08 246.76 264.88 320.52 338.76 290.68 252.76 215.64 187.56 164.44 144 188.28 105.68 84.44 124.32 191.04 316.84 265.96
109.56 86.52 92.28 83.48 85.28 185.16 326.76 290.6 276.4 303.52 198.8 119.4 99.84 72.44 69.88 92.76 165.08 48.12 20.88 56.4 102.48 74.8 113.12 129.64 69.36 77.32 73.44 74.2 75.48 91.44 86.28 90.96 94.68 134 127.68 127.44 119.72 137.12 169.2 151.68 169.8 198.44 189.84 213.44 202.56 216.96 225.76 241.76 285 298.32 304.76 304.24 289.08 298.72 298.4 303.16 312.84 311.36 282.8 280.72 237.48 257.72 318.8 366.68 343.28 305.08 276.44 237.12 186.48 140.08 154.12 110.92 124.64 142.4 177.48 290.72 272
105.16 91 84.84 118.76 100.88 173.2 271.28 345.48 329 240.2 110.32 128.72 120.28 141.08 88.04 59.28 49.16 25.52 34.4 94.72 174.12 162.4 90.36 98.64 75.32 94.32 90.08 112.52 96.6 98.68 116 146.12 95.92 109.24 111.16 113.36 127.96 148.84 269 245.84 173.16 167.64 173.72 183.96 190.72 200.8 211.04 229.44 258.64 259.92 263.6 277.72 301.28 279.08 289.28 286.8 298.92 288.84 236.68 235.88 220.16 256.08 315.48 343.2 361.72 349.12 318.56 258.56 206.72 160.68 115.32 104.08 149.24 214.68 225.12 266.2 261.64
93.08 101.2 88.72 103.84 116.44 125.52 128.36 185.28 152.68 158.04 93.64 100.84 110.2 128.76 105.04 63.16 26.28 28.72 30.56 42.72 56.92 63.16 53.08 62.88 69.8 76.52 78.32 109.92 147.04 164.48 146.36 118.4 162.16 137.76 133.72 138.36 152.48 141.88 245.84 360.2 259.28 176 193.28 231.8 215.76 203.08 206.48 214.52 225 241.28 267.88 298.88 328.8 297.4 268.88 287.52 304.64 290.24 232.8 219.32 209.84 238.52 271.52 281.12 303.48 301.64 295.96 283.72 253.88 221 171.16 113.44 154.44 221.6 286.24 366.48 286.6
102.68 105.68 97.52 118.64 208.56 129.4 142.36 99.48 94.04 102.36 81.92 106 65.8 88.24 71.72 92.48 36.84 32.96 67.72 66.8 146.12 142.72 103.12 54.2 60.36 59.84 71.44 79.64 83.8 87.6 97.68 151.04 177.16 117.76 131.72 191.32 222.28 161.44 204.24 298.4 303.96 184.24 195 246.28 234.76 227.08 228 212.52 217.52 228.2 255.48 299.08 342.8 330.56 268.4 253.16 267.56 297.44 250.44 202.04 202.4 199.6 213.44 221.44 244.28 239.2 233.68 245.8 242.88 157 147.4 115.16 199.04 270.24 293.12 366.44 271.52
110.32 119.08 103.96 124.92 212.12 152.24 261.08 177.16 203.36 250.32 141.56 126.44 140.96 49.48 49.76 47.6 38.84 44.4 85 83.12 156.92 135.28 96.64 87.92 85.52 85.36 70.92 83.6 86.52 94.36 143.88 129.4 122 168.12 221.8 184.36 177.4 166.72 188.24 255.72 312.68 209.56 191.92 202.36 236.92 233.6 264.4 251.08 239.8 230.16 237.4 264.52 300.44 304.32 278.68 257.76 238 265.12 240.2 198.08 187.96 177.84 170.68 176.36 182.8 176.88 171.12 173.08 164.44 132.32 114.92 112.68 155.64 213.92 192.28 284.16 213.24
117.24 121.92 127.56 137.24 139.76 152 307.68 349.88 357.68 312.64 161.08 132 133.96 55.72 36.04 58.36 86.32 54.64 61.92 81.72 104 80.52 118.88 118.52 103.6 131.24 100.04 78.08 101 104.08 182 174.44 125.32 157.96 206.52 252.08 185.16 154.2 195.72 240.04 277.12 265.44 241.2 213 214.16 233.92 254.04 247.28 264.84 252.16 242 252.88 268.04 283.64 256.96 235.08 218.48 221.76 197.12 196.32 201.48 202.52 202.52 179 170.6 159.36 157.08 140.52 135 122.68 117.16 121.8 129.68 136.08 193.32 203.36 225.88
127.4 124 121.8 126.92 155.72 119.96 262.12 401.28 348.56 258.36 100.24 56.76 42.68 52.28 130.4 174.04 213.88 160.96 110.12 91.52 70.08 81.2 126.48 111.8 112.04 159.12 156.8 103.84 110.24 122.32 114.08 116 154.52 171.48 150.92 146 154.28 192.76 173.92 217.48 298.6 240.84 257.16 231.64 224.64 227.64 226.12 242 283.12 279.2 254.24 255.36 259.28 273.04 259.48 230.44 212.04 203.08 222.92 248.32 260.8 266 260.72 240.28 230.28 217.88 205.16 170.16 143 128.64 136.12 136.68 170 199.24 146.24 171.56 233.8
120.8 150.08 176.44 130.4 195.32 102.72 221.04 341.8 261.8 157.28 57.84 91.64 144.32 181.16 259.84 348.44 377.64 299.6 244.68 239.88 137.52 78.4 89.36 105.04 123.44 132.4 167.36 147.84 117.64 113.36 110.52 122.08 200.24 317.92 302.52 219.96 206.52 308.68 260.76 177.08 190.64 201.44 216.04 219.08 329.72 314.72 284.76 281.96 261.16 268 299.52 275.08 267 270.04 259.56 217.48 209.6 223.6 243.6 256.24 282.28 324.16 322.4 304.76 287.32 250.84 193.72 147.92 175.8 199 175 187.36 203.12 314.96 207.48 164.04 161.88
192.48 257.48 216.6 107.44 117.72 87.32 131.72 212.64 152.8 61.2 79.04 155.08 228.56 269.84 285.88 280.32 356.04 282.48 214.28 219.84 273.68 170.6 92.84 118.84 125.48 137 156.2 169.12 143.96 111 124.48 139.36 183.88 336.04 444.8 387.08 367.08 360.2 301.64 199.44 204.8 208.28 255.92 299.08 386.52 455.72 452.36 399.08 292.76 257.72 280.64 289.96 278.64 288.04 284.12 229.64 226 254.52 275.2 299.6 324.52 337.68 338.92 320.48 266.12 216.84 166 161.96 208.92 321.72 305.68 244.12 213.84 363.2 299.76 254.4 232.92
105.4 128.6 122 105.24 114.2 118.64 94.56 81.44 87.8 87 202 159.56 144.72 153.16 173.2 190.08 226.32 224.4 274.72 213.8 350.16 252.32 110.72 169.84 218.76 218.64 171.32 162.4 148.84 141.76 210.44 194.08 147.12 282.12 348.2 410.64 328.04 226.28 207.72 208.44 295.96 258.16 249.36 257.8 311.72 485.04 610.16 544.68 397.68 273.88 266.44 293.28 283.84 295 298.56 286.6 244.16 266.96 325.48 368.6 354.52 302.28 284.24 274.96 218.2 174.28 173.64 196.56 214.92 297.32 331.56 308.48 297.48 411.48 360.36 280.84 266.68
86.72 82.32 96.24 96.92 80.84 75.88 74.44 71.24 54.16 122.44 206.6 252.24 248.92 180.68 281.84 274.36 279.2 331.92 340 202.08 290.76 274.8 118.2 120.68 129.84 148.08 162.28 191.08 133.56 140.2 143.72 222.2 163.52 184.12 209.32 261.36 198 215.48 227.24 229.4 261.6 328.04 316.32 308.36 308.48 480.48 624.24 620.12 456.52 315.2 282.36 277.64 281.08 325.08 397.24 306.44 259.76 283 310.4 347.72 338.44 330.72 269.16 232.56 197.36 179.72 241.16 209.84 217.04 330.72 349.68 310.92 343.36 324.56 253.48 249.56 216.76
130.96 128.68 87.76 113.92 174.84 185.08 96.2 62.12 55.56 67.04 91.16 137.16 219.48 227.2 236.28 267.04 390.68 471.76 398.16 248.16 199.64 259.68 128.32 196.52 262.28 198.24 165.4 140.76 217.68 281.72 194.2 185.96 198.64 160.64 161.88 171.68 227.56 324.24 237 219.92 276.4 431.52 492.44 364.36 315.88 431.48 465.2 497.88 478.12 465.24 413.44 374.12 374.36 345.08 398.92 329.76 277.08 322.04 363.72 371.8 393.04 347.28 331.84 276.96 192.24 200.56 225.8 229.68 235.6 318.72 434.92 348.72 296.64 289.04 335.44 388.04 332.36
162.68 212.8 106.36 172.92 323.28 270.4 104.2 90.12 104.44 105.12 103.2 197.16 205.92 239.96 322.8 384.32 428 388.88 267.56 241.24 174.12 209.4 155.28 179.96 255.76 184.8 169.04 205.36 342.16 425.76 274.72 164.24 179.56 162.8 178.16 191.08 258.12 306.12 276.08 243.32 311.92 488.92 563.96 383.08 306.28 337.04 346.52 364.2 366.56 425.96 495.72 556.96 523.88 381.6 323.92 277.84 265.44 251.92 293.84 304.24 334.72 262.12 253.36 221.52 205.8 260.72 244.28 249.64 318.36 449.68 535.96 472.76 462.08 460.24 508.92 544.08 488.04
112.96 145.16 116 228.6 290.8 187.8 85.04 174.76 110.8 110.92 90.76 134.04 239.88 361.12 363.04 278.96 258.8 229.56 164.8 162.84 163.96 152.44 134.28 161.84 159.76 204.32 308.24 366.72 463.16 507.44 385.96 266.96 213.8 204.2 178.52 235.28 253.24 250.12 249.08 259.56 323.8 502.32 579.44 469.48 426.16 481.76 465.92 374.48 367.36 382.28 499.16 663.28 610.72 453.88 361.2 364.44 378.36 334.92 266.84 239.56 236.96 258.36 266.96 246.72 213.32 246.4 262 255.4 360.88 509.68 601.52 632.92 644.68 645.92 688.92 645.36 472
120.08 146.04 208.6 237.64 136.52 97.8 99.4 206.6 210.56 100.8 103.08 116.48 153.44 304.96 227.2 182.16 172.68 163.64 225.48 228.68 199.68 142.08 165.96 169.4 234.72 322.32 428.84 538.48 564.12 459.8 418.48 377.36 330.16 198.92 195.28 331.44 435.8 422.96 398.88 406.76 440.8 562.72 691.88 647.16 614.44 662.24 577.76 414.6 391.32 466.2 539.36 576.52 502.12 396.88 411.64 543.16 543.8 454.44 382.72 309.4 260.92 387.72 436.72 399.28 292.24 233.4 279.2 273.12 303.08 469.96 601.36 739.92 801.08 823.04 825.96 679.96 487.76
125.12 141.32 166.36 170.8 125.84 134.48 102.84 190 290.92 166.72 107.96 134.52 150 196.52 143.36 144.68 153.6 240.2 394.96 407.6 294.08 189.28 166.12 241.4 235.2 242.8 353.12 493.92 454.68 370.44 324.32 270.72 272.2 200.6 255.08 405.56 574.88 610 585.76 595.08 626.84 704.12 784 753.44 753.24 711.72 561.04 408 444.36 429.8 409.24 424.64 389.84 373 445.2 576.2 546.36 361.88 291.92 277.04 264.4 410.72 579 519.84 433.76 323.04 308.68 337.48 306.92 377.84 505.48 612.72 696.8 844.04 908.44 721.32 513.64
182.08 212.2 123.12 119.04 203.08 147.12 138.52 216.96 358.92 283.12 157.64 132.88 111.64 130.32 182.6 183.04 285.8 374.4 516.72 557.88 435.32 320.88 177.12 221.4 342.88 322.16 294.2 446.68 379.4 345.6 345.12 305.4 219.44 203.56 278.76 461.56 598.76 665.44 672.4 681.08 674.64 689.88 653.6 586.92 622.12 591.68 461.2 402.04 409.84 456.32 497.64 455.16 427.08 374.36 386.08 442.84 513.68 340.64 291.8 281.52 293.16 446.8 609.16 560.96 516.32 447.92 347.24 355.36 334 338.6 397.6 441.12 573.2 735.4 842.68 700.28 496.92
145.36 147.72 161.6 235.04 274.52 239.8 212.48 283.72 327.04 262.24 185.4 151.24 127.04 201.28 302.48 260.32 369.24 534.84 635 559.28 465.08 419.92 277.44 180.52 232.64 271.36 300.12 423.04 479.52 440.32 460.4 420.12 307.84 219.8 320.2 383.72 426.44 479.96 496.28 503.64 490.4 506.56 523.16 451.64 519.32 471.84 382.96 443 473.96 588.08 689.48 641.28 535.24 425.72 407.32 407.8 487.84 392.04 313.92 357.8 296.36 400.68 457.2 396.4 401.24 520.2 507.96 522.76 449.12 351.72 373.44 373.56 470.84 586.84 711.68 697.96 503.44
140 169.28 232.2 187.24 173.16 179.48 183.28 192.72 185.88 221.6 197.76 191.64 145.8 220.84 375.88 379.24 424.32 548.04 602.36 467.08 362.96 487.12 393.48 242.96 221.52 193.4 273.04 339.4 439.2 569.88 603.04 549.88 391.52 243.4 227.4 232.04 270.52 291.96 310.6 317.68 318.64 332.92 382.56 350.24 408.84 379.2 426.44 572.4 658.12 734.64 829.8 715 538.4 471.12 418.52 408.24 412.48 468.12 495.08 471.68 340.2 324.2 317.72 332.6 355.52 483.92 660.88 703.88 597.56 492.72 444.96 385.52 360.2 443.12 589.72 689.4 528.68
180.56 152.52 147.16 181.72 275.12 281.28 188.12 171.84 183.84 165.8 153.48 147.16 142.44 176.68 229 224.64 283.56 454.8 472 347.04 353.48 508.68 445.12 338.8 351.68 230.24 218.52 341.8 375.2 438.64 466.24 518.92 450.52 311.92 257.68 326.6 282.28 282.2 248.84 299.84 337.52 366.24 340.04 319.72 350 393.6 532.48 694.6 826.84 905.44 879.36 715.6 552.56 425.56 430 545.24 536.92 613.56 694.36 612.68 518.4 468.92 344.64 333.12 366 507.2 698.32 853.12 763.8 674.6 615.64 509 381 340.88 449.24 563.72 497.44
161.56 156.88 181.92 231.6 243.28 271 209.72 208.64 204.4 260.68 248.08 265.12 216.72 158.24 194.84 208.28 258.92 323.36 343.76 296 440.44 591.8 585.08 525.6 468.16 355.56 222.48 290.88 380.4 337.6 312 366.96 325.68 271.88 257.56 303.36 423.6 419 279.52 339.44 489.4 543.68 438.92 337.72 382.2 469.84 622.68 795.52 874.36 823.08 770.12 640.64 535.2 431.16 529.28 635.76 630.96 700.48 776 777.44 688.28 509.12 351.88 333.64 369.56 529.48 732.4 925.44 934.36 860.24 774.12 634.2 502.28 375.08 332.12 394.32 434.72
196.8 190.8 241.84 202.68 211.32 212.4 192.72 218.96 217.2 232.96 276.84 291.72 254.64 150.12 171.56 180.16 172.64 199.44 274.84 300.76 443 546.24 638.72 649 586.24 422.52 262.64 228.2 308.72 389 301.84 278.4 262 251 258.64 327.4 478.88 402.68 284.16 327.64 503.16 600.96 437.6 348.32 360.48 484.64 654.96 750.16 716.16 634.84 592.64 557.2 468.64 425.08 528.08 534.64 488.88 597.32 662.88 717.72 717.28 581.04 471.48 390.76 411.08 594.08 776.32 914 1026.36 1002.28 886.24 760.84 657.8 506.16 379.44 304.12 314.44
220.96 197.48 211.04 203.68 207 225.28 208.72 223.36 229 238.8 194.8 171 175.84 168 163.8 227.24 203.16 192.8 225.24 245.76 287 415 460.84 498.2 464.48 451.36 361.28 242.12 300.36 456.6 355.16 282.92 270.4 267.48 267.12 314.44 452.96 406.2 276.52 336.8 445.56 574.6 440.76 401.6 424.44 493.24 556.32 572.64 558.28 471.4 446.04 447.28 438.84 427.8 479.72 458.24 462.64 480.76 496.88 562.12 567.28 631.88 555.4 431.12 392.4 554.52 658.96 775.36 875.04 870.16 779 695 632.44 557.16 488.16 383.24 285.52
366.96 350.44 377.08 339 271.04 209.68 250.76 378.8 401.24 407.04 315.44 231.32 217.92 270.08 208.88 190.56 216 209.4 193.96 191.64 205.6 258.52 276.28 308.52 293.72 313.68 307.88 238.68 357.68 489.12 352.92 300.76 304.64 294.48 303.36 290.96 345.96 418.48 348.2 328.4 414.92 446.56 398.52 390.72 405 428.32 420.72 423.28 432.4 440.4 479.84 527.96 470.76 455.32 442.8 449.36 467.76 483.48 487.48 481.36 483.12 479.44 495.84 425.24 380.48 431.32 492.64 625.52 657.84 678.12 595.56 501.24 446.2 383.48 352.2 328.8 308.04
375.08 439.36 481.2 429.44 270.4 261.32 374.28 449.08 381.12 361.6 345.8 312.56 289.92 265.12 212.08 188.6 196.32 253.2 306.92 223.76 260.96 241.36 228.52 237.88 236.88 256.32 269.88 314.72 427.08 476.92 357.76 341.76 312.36 295.72 300.88 320.84 359.12 338.24 355.72 390.72 375.84 361.32 382.12 387.44 395.96 406.48 499.2 528.44 557.8 596.64 625.44 514.12 472.16 541.52 468.52 483.24 536.64 575.56 559.4 487.68 554.52 581.76 507.76 456.08 442.44 415.36 380.68 444.12 444.48 485.56 418.32 343.2 322.44 335.8 379.52 364.6 439.52
241.88 307.88 330.68 310.64 244.68 241.08 317.48 352.68 311.24 364.36 337.28 370.2 344.2 315.64 286.8 265.52 228.84 203.76 325.16 254.36 280.12 276.32 261.2 319.4 234.4 302.12 427.36 491.28 537.84 410.88 344.28 328.52 329 328.84 336.88 333.96 374.76 419.52 405.8 367.52 358.68 363.6 416.2 496.72 465.52 460.24 611.68 710.68 742.6 767.2 662.64 509.84 487.92 576.8 574.68 583.96 696.08 746.4 614.88 514.44 561.84 576.92 583.76 477.88 577.44 583.56 433.2 381.92 367.08 354.96 348.28 404.32 397.48 364.6 510.2 551.96 612.88
212.2 233.84 257.44 227.52 231.48 237.08 245.68 269.28 290.92 267.12 315.16 474.92 533.84 501.28 463.12 327.6 227.44 212.68 239.32 288.52 223.68 275.48 323.12 378.48 251.96 340.76 511.56 593.6 447.68 357.52 334.48 327.52 358 447.84 429.56 349.04 429.12 448 418.24 410.12 374.44 366.6 402.56 436.6 462.6 494.2 614.84 748.2 808.68 771.08 591.56 484.32 488.96 497.76 638.28 697.6 818.92 794.52 627.88 521.68 526.48 517.08 520.92 495.28 548.96 653.72 594.92 562.12 534.84 477.6 502.68 567.08 490.2 353.32 454.52 632.04 719.56
277.48 249.8 247.44 297.16 255.96 235.48 238.68 253.24 273.68 372.96 465.88 584.44 707.04 687.84 587.76 458.48 379.2 288.44 251.92 337.64 230.2 238.36 263.96 345.76 261.16 398.24 568.32 538.32 375.56 302.32 328.72 358.44 345.16 398.08 413.24 358.48 402.52 401.08 412.6 452.72 433.88 389.08 506.48 575.12 591.96 544.24 531.16 606.56 634.36 671.04 565.84 511.4 610.92 617.64 707 852.6 805.32 683.84 571.92 539.68 541.8 521.64 504.96 501.04 510.04 526.8 601.92 672.16 723.2 670.84 683.28 711.28 556.2 402.08 397.12 578.52 717.92
375.6 417.84 423.6 475.04 426.04 382.28 357.88 394.4 424.08 521.08 633.76 736.84 850.4 841.84 722.72 634.96 512.6 331.08 233.4 364.72 336.44 279.96 333.56 280.16 262.44 390.24 466.52 388.28 314.76 303.2 324.88 347.52 379.24 382.48 444.52 386.08 388.48 396.48 443.6 498 416.24 411.12 563.24 729.08 763.92 699.32 605.68 577.08 563.68 626.84 523.84 512.72 631.4 744.04 853.76 887.12 727.44 580.84 581.84 587.84 546.88 527.56 514.8 567.96 541.72 534.68 535.44 607.2 777.68 859.96 850.68 733.2 542.4 412.8 379.28 522 684.52
