B6_all_seraphim_analyses/Environmental_files/LASV_rasters/Accessibility2_NGA_0.04.asc
NCOLS 408 
NROWS 336 
XLLCORNER -7.19999999887477e-05 
YLLCORNER 1.9999752 
CELLSIZE 0.04166665 
NODATA_value -1.7e+308 
[rows 0 to 33 of 336, columns 154 to 230 of 408]
148.88 160.08 162.04 138 137.96 170.68 215.44 273.4 299.32 282.28 231.12 172.56 115.76 87.04 88.48 127.04 206.52 280 311.04 298.6 297.08 382.48 475.32 476.08 464.44 557.48 651.48 677.12 584.92 491.04 397.12 302.92 208.36 115.76 101.96 188.6 282.48 376.48 470.72 516.6 450.48 411.28 455.56 543.92 636.92 729.92 810.92 758.4 692.36 761.84 855.92 949.64 1043.48 1137.04 1232 1327.72 1422.84 1501.12 1536.44 1552.12 1535.32 1502.84 1476.2 1460.6 1483.96 1517.84 1551.48 1587 1623.04 1659.28 1696.32 1734.36 1771.68 1811.6 1850.12 1890 1951.04
129.72 152.16 153.68 120.84 123.8 146.84 202 225.6 219.68 219.04 172.52 108.16 80.52 122.36 163.36 209.56 248.84 291.44 348.8 360.04 305.96 360.96 451.68 445.64 450.32 542.36 636.04 658.4 583 490.72 399.04 307.6 214.08 121.96 104.36 189.72 283.4 377.6 461.16 451.52 388.08 342.64 417.08 510.36 603.64 697 790.6 776.88 705.72 767.72 862.12 956.48 1050.4 1145.36 1240.16 1331.52 1398.32 1436.16 1470.8 1470.16 1444.8 1407.44 1378.4 1362.6 1386.36 1420.24 1455.72 1491.48 1526.72 1564.12 1601.52 1639.84 1680 1719.48 1758.68 1822 1910.88
123.44 117.44 121.28 99.72 122.16 131 157.68 156.96 151.08 134.28 113.96 72.08 120.04 194.24 234.8 275.08 311.96 363.16 416.96 390.6 334.16 338 424.52 434.88 444.64 537.92 615.92 588.12 531.24 476.8 394.96 308.84 216.56 124.88 107.04 192.8 286.44 378.88 397.4 361.16 323.12 325.08 414.4 507.8 601.16 694.84 789.28 808.36 725.36 772.72 866.08 960.48 1056.44 1150.24 1221.04 1266.28 1306.36 1342.16 1381.8 1372.84 1347.12 1310.36 1280.88 1264.6 1287.8 1322.32 1357.72 1393.56 1429.64 1467.04 1505.36 1546.08 1586.12 1624.8 1688.32 1777.04 1865
123.92 124.08 92.48 84.76 102.32 111.2 104.48 89.84 82.16 68 65.88 105.72 164.8 212.76 269 342.76 399.68 445.28 456.12 419.36 379.56 336.28 381.96 403.8 447.4 535.68 552.52 508.32 460.84 427.16 346.16 271.16 207.16 133.88 107.2 181.88 264.72 344.04 316.6 269.92 276.68 344.44 437 530.36 620 710.88 804.6 825.44 742.84 788.08 881.32 976.32 1065.6 1115 1132.12 1171.44 1212.64 1256 1294.88 1275.2 1249.6 1212.4 1183.4 1166.64 1189.2 1224.04 1259.8 1296.2 1332.72 1370.68 1411.84 1452.88 1490.76 1554.12 1643.28 1731.04 1821.92
137.56 105.24 79.84 72.68 97.56 92.52 73.8 57.8 59.4 77.88 105.68 145.72 195.44 256.4 331.32 388.44 440.2 483.48 476.12 482.16 438.4 387.32 357.8 388.68 452.8 489.12 477.28 463.64 441.4 418.92 334.28 251.04 191.12 134.12 101.72 143.36 225.04 262.88 237.72 241.92 319.52 392.16 478.2 554.36 629.32 713.36 807 857.84 816.48 840 917.8 1010.72 1067.44 1036.52 1037.68 1077.96 1120.36 1194.48 1205.12 1178.08 1152.4 1114.96 1085.52 1068.52 1091.16 1125.76 1162.28 1198.52 1236.56 1277.76 1318.8 1357.24 1419.68 1509.56 1596.76 1688.24 1780.64
118.72 92.04 73.16 66.4 62.12 46.88 52.76 83.92 123.08 135.36 159.68 198.88 241.52 301.68 362.76 418.36 474.6 504.72 490.8 529.64 503.24 448.52 380.8 383.72 442.92 439.76 469.36 486.4 453.68 416.4 346.08 273.04 215.72 155.64 117.24 123.96 156.48 177.6 203.12 277.28 365.32 453.36 527.04 598.96 657.04 745.8 837 920.4 914.6 932.2 976.76 1040.84 997.44 950.08 944.08 984.96 1058.84 1132.48 1131.32 1085.12 1055.52 1018.2 987.84 971.08 992.64 1027.92 1064.84 1102.08 1144 1185.72 1223.88 1286.36 1376.12 1463.36 1554.68 1646.96 1739.44
95.68 61 66.36 53.2 38.44 63 97.2 130.12 181.96 231.56 255.92 274.2 293.72 325.56 389.16 451.48 502.28 510.96 511.84 553.4 522.48 486.36 427.2 395.16 423.32 448.68 490.76 474.08 463.16 427.92 376.48 316.36 254.08 206.12 142.76 110.28 149.04 222.08 264.24 328.68 413 500.28 587.96 654 706.72 773.32 842.4 918.6 966.16 1009.72 1054 1038.4 947.24 862.2 850.84 924.04 999.12 1064.32 1040.6 999.76 959.4 921.92 890.48 875.64 895.08 931.36 968.36 1009.64 1052.36 1090.52 1153 1242.76 1330 1421.24 1513.56 1606.04 1698.52
55.64 35.88 34.28 40.36 69.56 102.64 145.28 183.92 235.8 301.76 334.48 352.84 374.44 385.96 425.08 479.76 536.16 524.56 540.12 534.6 487.68 457.72 431.84 397.64 414.6 433.76 448.12 455.24 446.04 461 434.6 377.48 315.12 240.88 160.28 122.08 156.28 250.56 336.2 394.4 460.96 533.88 587.64 617.96 673.44 727.44 791.8 844.36 905.08 955.28 1000.8 1009.16 921.84 827.76 797.88 864.72 944.4 1003.28 955.88 906.72 866.76 825.4 793.4 781.88 798.44 835.44 875.8 919 957.24 1019.76 1109.56 1196.68 1288 1380.36 1472.8 1565.28 1657.2
24.92 32.68 58.24 84.16 118.16 151.96 187.48 236.88 300.08 341.08 389.72 416.72 438.28 459.76 489.32 526.56 567.92 555.08 557.88 516.8 466 443.84 423.08 417.88 423.96 471.48 491.28 441.12 438.32 455.48 499.32 437.64 346.48 260.44 169.84 120.88 166.64 237.92 302.4 377.08 438.2 468.52 507.72 589.8 630.76 659.76 707.96 774.08 820.16 864.64 916.76 947.72 938.96 850.36 776.8 811.24 893.56 930.4 883 821.84 781.16 732.04 695.68 685.08 701.6 741.92 785.2 823.76 886.36 976.16 1063.12 1154.68 1247.16 1339.76 1432 1524.44 1604.04
31.28 68.36 110.16 139.84 166.4 200.08 235.2 275.28 346.64 391.32 438.76 490.4 510.88 531.92 564.16 591.12 610.12 585.8 557.68 549.64 518.6 498.76 482.48 426.08 416.72 454.96 462.16 417.64 438.08 442 495.56 433.4 342.24 247.48 158.08 125.6 128.56 171.08 245 319.24 366.44 400.4 467.88 535.4 541.92 574.24 638.12 683.12 731.68 783.48 834.72 870.08 914.76 873.04 782.88 765.28 836.08 862.52 806.48 749.56 699.48 652.16 606.12 589.56 610.12 651.4 690 752.92 842.84 929.76 1021.2 1113.76 1206.24 1298.68 1391.12 1482.84 1526.96
59.12 88.72 142.96 191.2 222.2 248.68 283.4 319.8 366.08 422.4 480.44 530.24 570.6 591.8 625.68 625.2 594.4 554.24 528.52 571.04 577.72 543.2 488.16 423.6 396.04 433.92 401.2 404.72 426.12 460.44 478.56 396.36 317 226.96 170.6 146.88 147.32 138.88 199.84 249.72 295.28 356.04 428.4 454.48 462.96 512.24 547.28 594.96 655.56 712.4 768.12 817.84 836.36 862.24 811.36 741.08 784.56 794.84 749.4 679.48 619.68 567.16 522.8 493.48 517.76 556.48 619.56 709.48 796.32 887.96 980.48 1073 1165.36 1257.76 1350.12 1428.28 1434.88
86.24 133.08 170.84 224.72 273.68 305.16 332.8 366.6 407.56 447.6 501.52 564.24 609.24 620 595.4 559.56 531.04 507.88 508.44 565.28 582.24 534.72 464.44 403.64 372.8 393.92 394.48 421.8 473 514.88 501.96 413.68 321.4 227.08 211.56 165.04 176.6 140.96 142.88 191.92 242.8 302.96 352.28 361.4 403.12 436.24 466.76 529.16 581.68 637.56 696.64 736.72 751.72 775.12 794.6 740.16 746.72 751.24 695.96 634.96 558.28 500 434 396.8 424.72 492.72 579.44 662.84 754.6 847.16 939.84 1032.2 1124.8 1217.2 1309.64 1350.2 1340.56
116.16 167.84 215.12 252.88 306.84 357.28 388.36 415.6 449.32 492.6 535.4 583.4 586.56 565.08 529.04 493.6 472.84 463.04 500.96 536.36 529.52 520.72 459.28 394.72 358.04 364.4 383.48 416.64 472.12 540.08 530.16 447.76 358.2 275.24 232.88 201.6 188.76 191.32 147.68 140.96 182.32 243.56 262.84 280.4 329.8 367 405.88 464.04 528.2 571.88 633.84 651.04 665.8 685.92 726.64 742.76 712.88 702.56 652.16 575.24 516.16 457.44 374.72 317.8 363.72 449.88 529.6 621.16 714.04 806.92 899.64 992.12 1084.8 1177.2 1259.88 1255.76 1245.44
159.44 198.24 249.88 297.44 335.6 390.76 440.44 473.32 499.84 532.24 586.6 609.44 553 502.8 467.44 426.16 421.88 474.24 496.28 478.68 466.68 481 440.96 386.16 338.64 356.04 385.96 422.2 487.72 533.48 538.84 479.52 403.68 312.84 269.84 246.48 193.44 226.92 202.04 155.68 146 162.8 173.68 213.84 256.04 306.28 349.2 416.28 475.36 507.8 549.8 556.4 578.28 606.2 672.48 745.76 697.76 675.12 614.64 523.52 449.24 396.52 326.2 301 342.08 419.12 507.28 600.24 693 785.88 878.76 966.84 1058.28 1148.88 1202.64 1163.24 1150.56
202.24 247.96 281.04 337.92 391.24 434.52 481.56 542.72 553.16 566.08 597.72 599.28 535.64 463.6 405.92 381.16 422.32 472.6 456.2 419.16 406.52 429.56 409.24 357.08 330 386.64 438.68 474.36 506.72 562.92 525.84 470.24 403.92 322.68 320.36 298.44 226.08 221.56 242.4 200.04 180.84 158.32 153.56 162.92 205.88 255.4 297.24 352.76 399.52 419.64 466.12 483.92 509.6 572.84 656.24 735.68 688.32 651.48 572.92 482.52 388.68 317.48 286 302.68 330.16 423.92 514.88 601.36 692.6 784.64 857.68 936.52 1026.6 1101.8 1113.16 1080.16 1055.8
243.56 287.84 330.6 379.96 430.56 478.64 525.68 539.32 510.12 504.4 528.12 541.88 510.28 451.92 385.84 356.68 395.28 450.64 431.64 374.24 348.92 387.16 387.28 336.4 315.72 372.08 440.56 500.56 538.8 534 514.84 457.52 400.12 345.92 336.08 305.68 245.2 224.76 263.4 235.68 225.44 210.32 179.68 160.04 170.4 206.2 237.6 278.32 324.96 359.72 391.76 416.12 468.16 550.32 643.8 710.64 664.28 608.08 526.28 442.52 357.12 276.32 277.56 297.64 307.48 392.76 472.68 560.88 652.84 724.4 803 892.96 971 1034.68 1019.48 989.16 963.4
293.2 324.16 369.96 416.16 464.76 507.52 516.6 483.36 448.08 433.76 447 468.04 481.12 434.4 376.36 342.72 380.08 436.24 434.84 370.68 321.64 343.28 357.24 322.64 301.08 348.36 415.92 478.28 521.28 493.4 521.96 478.24 431.8 393.52 364.2 331.16 275.64 240.84 260.6 291.28 272.52 253.48 236.32 215.36 173.44 162.84 179.08 225.36 259.8 298.8 326.84 378.32 440.72 521.96 597.8 641.8 609.4 560.68 473.36 397.76 312.12 251.48 262.36 297.04 269.76 338.44 427.12 519.08 593.8 672.32 761.4 844.76 924.84 943.56 927.04 905.36 877.28
343.04 375.32 407.04 452.88 498.48 496.24 444.76 412.08 388.76 373.12 385.56 408.56 434.8 415.92 359.88 327.64 372.56 426.4 443.64 383.08 325.68 308.48 330.4 304.96 283.68 329.44 391.76 445.6 485.4 482.44 523.64 498.12 464.68 417.84 395.72 372.32 330.4 288.84 259.76 313.56 331.44 283 273.68 267.72 228.6 191.2 157.68 167 207.88 243.4 291.76 339.68 399.32 466.8 527.64 577.68 584.68 515.16 427.68 351.4 274.48 242.36 247.96 304.8 253.44 302.84 392.52 460.96 545.96 632.84 714.4 798.2 859.24 857.48 839.2 830.56 809.64
385.64 424.96 458.04 489.64 516.92 470.88 413.24 360.2 328.72 311.36 326.24 352.16 382.92 375.08 336.16 316.8 354 402.84 429.52 375.92 320.28 292.32 301.48 288.48 267.92 317.52 357.32 413.92 459.72 483.2 490.88 453.88 427.68 420.56 442.16 452.12 405.48 335.96 275.36 311.08 355.8 320.8 284.96 302.48 284.16 253.44 191.24 150.64 161.84 204.36 250.96 292.88 363.84 406.48 449.84 497.12 548.92 499.48 420.44 344.24 253.72 235 230.36 281.12 241.24 282.8 343.4 421.76 509.8 591.64 670.6 749.16 788 778.64 768.48 750.92 739.24
383.68 440.64 491.92 532.04 502.88 445.2 388.04 330.96 277.28 249.96 269.6 303.24 330.76 317.6 300.92 307.72 351.6 406.24 408.16 351.56 295.64 274.44 277.44 279.12 252.44 294.88 340.88 398.72 443.2 483.48 460.2 411.52 425.52 481.4 514.72 527.32 459.6 382.32 310.76 297.72 357.48 366.32 326.76 293.16 323.28 290.04 231.4 177.92 146.04 156.24 199.88 258.52 311.88 338.24 369.24 429.16 486.4 479.52 395.24 304.44 225.64 223.48 216.52 247.08 220.24 276.68 351.08 425.12 493.84 555.2 638.6 715.08 725.8 711.4 706.24 693.4 708.16
358.36 415.6 472.8 521 485.04 427.76 370.44 313.24 255.68 207.76 223.24 253.84 274.48 262.08 278.24 312.2 367.44 390.72 369.76 331.16 277.4 256.24 291.48 273.04 243.44 289.32 326.32 382.96 429.56 478.04 429.68 392.72 447.32 523.56 582.36 563.2 478.64 398.88 335.56 303.16 354.8 385.4 347.04 289.92 284.24 306.8 272.28 216.24 172.2 154.96 145.12 194.52 222.28 260 309.76 376 393.72 412.92 380.24 288.68 200.96 218.88 201.92 207.88 232.64 320.64 406.04 461.12 531.88 581.52 614.76 649.28 650.8 659.28 682.04 722.8 766.4
336.16 391.64 448.6 503.32 481.2 423.96 366.48 309.24 252.04 198.2 204.8 203.92 229.04 236.16 276.44 324.2 355.56 334.36 311.56 292.6 265.72 255.52 303.12 265.68 223.84 254.44 306.28 375.04 427.96 441.64 400.6 368.6 416.6 489.44 570.68 579.28 501.36 424.2 360.32 310.52 338.76 330.76 325.8 301.52 260.16 282 314.76 275.84 233.2 187.24 145.76 142.96 149.12 196.4 248.08 293.48 299.4 322.36 350.24 296 204.16 191.56 190.2 186.24 221.08 303.64 394.88 467.96 545.36 569.76 555.92 593.84 648.68 691.44 724.92 763.08 807.76
309.72 366.72 423.88 481.12 474.48 417.28 359.96 302.64 245.4 188.6 194.92 197.64 190.52 213.88 267.04 309.92 299.76 276 252 234 227.84 261.12 290.2 237.2 206.84 233.16 307.24 377.32 407.2 412.08 361.6 341.68 393.72 453.36 506.88 526.52 491.96 425.44 360.92 300.24 295.72 269.16 258.2 260.56 258.2 245.92 267.8 254.64 206.64 173.24 207.68 204.44 151.36 135 181.96 211.84 202.44 227.28 258.92 260.24 206.36 160.08 172.08 208.04 199.28 274.16 354.64 416.64 490.72 479.16 491.92 536.56 601.48 660.12 707.68 749.72 789.2
290.16 347.64 404.96 462.16 462.24 404.8 347.64 290.28 233.2 179 173.68 197.84 168.04 200.44 241.36 268.6 243.24 217.04 199.16 208.68 242.72 283.56 290.12 231.32 193.52 221.04 289.72 349.08 373.24 373.48 323.4 325.24 367.96 402.64 433 471.6 458.48 397.4 338.56 285.24 244.76 204.24 208.28 226.24 239.32 237.16 222 205.96 184.24 188.6 182.76 170.32 157.04 132.48 129.04 127.04 121 138.84 164.28 172.6 153.32 141.92 164.44 179.84 193.24 247.68 285.4 367.08 445.44 420.56 435.88 498.4 562.6 617.36 665.84 706.12 766.24
286.2 343.72 401.12 458.2 445.76 388.48 331.32 274.12 216.08 158.8 159.88 182.56 164.2 161.04 200.04 215.04 199.2 171.6 195.76 236.4 274.16 303.24 283.4 223.2 184.64 240.76 278.64 289.88 303.72 334.44 294.56 282.44 315.92 349.52 388.76 437.68 462.76 415 353.84 285.48 232.88 181.92 192.48 201.48 246.76 289.48 275.84 253.56 222.16 223.48 229.2 214.2 199.88 160.64 146.12 164.52 163.8 132.68 108.8 109.56 142.28 155.84 199.4 217.92 210.44 219.84 272.12 352.4 395.92 387.48 414.48 475.4 533 590.04 644.96 675.28 716
284.56 343.48 401.32 450.52 431.32 374.08 317.08 260.2 203.04 150.32 135.84 181.92 170.88 141 156.88 165.72 164.72 169.4 216 216.8 224.72 250.4 255.6 183.2 186 247.72 223.84 225.16 243.08 271.72 278.28 242.36 266.68 306.76 355.8 413.36 471.72 430.68 360.24 297.52 234.76 177.08 170.16 206.08 255.44 310.68 327.4 309.4 284.8 286.44 303.84 288.08 263.96 190.92 161.88 236.92 216.52 134.12 108.84 119.56 134.28 146.96 165.2 174.52 192.88 199.56 249.64 304.84 327.84 362.44 396 451.16 508.2 565.72 623.36 677.84 718.64
285.52 342.92 379.04 403.96 413.32 361.16 297.28 240.16 183.76 133.24 128.92 181.24 155.8 121.8 129.24 138.08 132.24 144.04 185.64 155.4 161.92 201.24 225.44 163.16 176.76 186.76 155.44 158.32 168.84 209.48 234.28 219.48 224.88 275.84 343.24 412.64 472.48 428.52 375.4 312.52 251.28 188.48 147.52 173.48 220.32 267.4 282.08 314.28 341.24 354.44 365.16 365.08 312.6 236.16 177.32 219.8 242.08 176.88 110.24 139.52 201.24 217.96 237.4 231.16 220.72 224.4 218.16 241.32 282.44 335.72 376.72 438.52 497.84 555.24 613.08 670.64 729.76
278.68 300.28 322 345.8 383.16 363.36 292.16 223.36 168.64 124.72 115.36 170.84 158.6 105.76 112.04 122.2 115.8 136.4 162.36 116.04 121.88 165.52 182.96 145.8 132.68 111.56 88.4 78.32 99 140.8 166.44 186.52 195.6 274.28 358 420.88 446.8 410.6 361.52 316.64 258.8 197.68 143.8 130.2 173.96 206.6 226.76 275.84 326.36 369.52 398.64 383.08 346.12 292.6 216.56 196.16 218.84 182.2 106.56 132.08 204.12 269.24 311.84 295.08 283.56 253.36 224.48 237.08 279.72 330.48 382.16 446.88 513.32 570.2 628.36 686.64 747.88
217.8 239 262.96 295.12 346.72 326.04 270.36 207.84 159 102.36 102.64 164.72 151.76 93.84 96.68 101.2 124.96 178.8 148 102.72 128.4 144.48 176.88 145.64 139.08 134.48 69.08 28.44 71.72 97.8 125.44 155.04 212.28 291.04 365.12 387.96 366.6 349.84 301.2 279.84 257.04 187.4 139 116.08 122.76 130.24 172.88 227.84 270.8 311.2 347.76 307.4 277.72 264 237.84 174.48 151.2 157.96 94.76 129.84 199.4 271.68 337.6 367.68 339.76 273.92 236.2 247.44 291.24 344.96 394.08 451.44 508.76 570.08 634.84 700.76 759.64
161.36 180.44 211.6 272.8 326.28 280.64 226.92 173.2 139.56 85.68 104.72 170.44 143.6 78.16 77.88 104.08 162.76 166.8 130.2 88.68 106.12 136.16 156.08 125.92 128.16 143.84 102.76 86.08 125.08 157.44 179.04 205.84 263.16 321.84 372.96 348.28 302.52 274.96 229.84 203.52 216.44 175.36 123.96 106.04 59.68 57.8 117.2 178.4 219.96 261.36 283.48 256.16 197.64 188.68 214 177.76 111.68 105.68 91.92 149.04 229.08 306.88 373.44 422.4 365.16 287.24 268 272.64 317.6 358.56 413.72 471.12 528.4 586.6 643.24 700.16 746.96
95.52 127.12 180.12 239.92 264.6 232.48 180.96 145.4 96.8 59.84 104.68 145.88 121.76 68.16 70.76 115.68 106.8 96.12 78.32 68.68 79.92 86.28 90.84 94.32 95.76 102.96 108.6 121.96 144.92 191.92 233.8 256.76 273.96 298.28 322.84 315.52 260.68 213.72 166.04 141.84 146.6 151.12 121.92 100.92 59.08 39.32 101.6 132.72 178.04 193.6 227.72 236.24 153.88 124.08 167.8 177.92 117.6 84.56 112.8 189.08 255.96 313.4 336.96 376.72 398.96 344.88 341.12 338.88 366.28 404.04 440.8 496.12 554.72 613 659.12 689.84 699.64
52.12 86.08 131.56 168.76 192.64 158.24 141 115.16 70.08 49.2 80 82.24 69.72 42.2 55.84 56.4 55.56 62.88 81.2 78.2 111.44 147.72 156.56 138.04 115.28 147.92 112.44 126.28 117.36 128.6 167.4 188.76 217.08 240.16 263.72 256.12 201.8 148.44 131.4 141.68 132.56 113.88 114.68 100.56 92.04 91.72 103.76 101.16 111.04 126.88 173.04 231.04 177.6 105.4 132.8 133.16 83.12 94.4 143.76 207.24 275.32 285.8 259.44 333.28 413.08 419.32 415.32 400.36 417.84 458.96 491.48 530.8 567.28 586.92 627.92 632.2 640.28
74.24 46.2 69.28 109.28 137.52 111.56 105.36 72.12 44.96 30.96 30.48 30.08 34.44 44.68 61.56 75.92 98.68 132.84 137 84.12 142.76 214.84 204.84 138.6 145.48 181.16 128.96 161.24 157.88 133.48 126.68 134.24 154.28 162.52 189.12 189.24 146.04 134.72 161.2 202.28 188.72 164.6 132.68 134.28 137.36 152.88 173.08 145.84 125.6 101.48 122.48 162.12 160.64 113.12 85.4 81.44 90.6 154.04 204.88 255.48 302.08 262.24 245 329.48 415.92 483.16 483.64 463.64 475.2 502.36 537.84 525.12 511.24 530.36 572.52 587.84 620.56
130.52 66.96 39.24 62.88 77.8 76 105.32 97.16 35.92 24.96 47.04 43.52 67.8 64.8 111.76 151.64 184.48 212.88 158.84 90.72 136.72 207.36 181.68 141.96 198.6 200.2 138.6 178.48 209.72 193.56 177.32 164.24 161.56 159.68 152.12 151.68 162.04 152.44 173.28 230.72 237.04 194.72 137.04 167.56 216.44 220 230.76 211.88 189.52 122.16 89 95.68 98.4 92.52 99 85.8 107.76 182.32 247.36 285.6 321.84 248.28 231.88 316.48 402.52 483.04 527.92 510.84 494.6 486 494.6 467.48 446.88 466.04 497.56 552 598.16
