B6_all_seraphim_analyses/Environmental_files/LASV_rasters/Accessibility2_MRU_0.04.asc
NCOLS 360 
NROWS 264 
XLLCORNER -17.0000652 
YLLCORNER 2.9999748 
CELLSIZE 0.04166665 
NODATA_value -1.7e+308 
[rows 0 to 29 of 264, columns 69 to 137 of 360]
240.24 241.28 202.8 230.16 257.36 200.8 182.08 196.16 202.08 200.24 155.44 128 147.76 141.76 137.6 140.08 124.72 116.24 122.16 120.16 130.56 146.08 163.44 184.96 212.24 226.16 245.2 270.88 291.04 320 319.2 346.16 413.6 483.68 438.64 436.64 478.4 529.36 622.56 708.8 684.72 675.92 618.64 718.08 706.48 621.2 605.12 588.88 557.68 585.04 554.88 471.28 361.76 355.6 310.48 225.76 185.92 160.64 182.56 212 212 208.16 213.28 258.88 351.84 352.32 289.2 291.92 314.8
252.88 181.52 203.44 322.88 309.36 187.2 154.96 152.96 178.56 245.6 179.28 106.96 104.72 138 126.88 100.4 93.92 92.96 109.6 123.52 146.32 159.92 190 211.28 227.92 257.76 290.72 319.44 342 335.92 340.48 387.2 479.6 503.84 452.56 526.72 548.16 551.36 642.24 774.96 802.32 788.8 780.56 799.04 710.56 628.64 610.72 587.52 555.92 538.24 490.08 454.4 358.24 302.88 297.76 218.32 202.88 190.96 164.48 204 259.84 265.12 245.92 303.04 419.76 473.52 448.24 448.48 460.96
174.24 136.8 214.4 273.68 230.4 166.96 125.84 127.6 168.64 181.84 130.56 73.76 96.56 102 82.72 67.76 81.92 111.92 124.72 145.28 160.32 183.52 214 223.92 249.44 284.72 315.36 347.84 380.16 350.24 378.48 414.88 420.56 467.36 482.32 592 663.76 682.08 719.92 832.24 918 917.76 916.4 867.2 733.04 663.6 611.68 602.72 578.32 546.48 498.32 469.92 385.92 307.6 270.56 246.96 252.08 199.84 172.72 199.36 282.32 305.2 291.04 288 426.8 552.64 560.72 562 579.52
132.88 129.6 110.72 116.48 103.68 96.88 100.88 106.96 143.36 172.24 144.16 56.48 105.2 90.08 53.44 71.28 104.56 122.88 144.4 165.28 203.92 225.2 247.92 252.64 278.88 313.28 336.88 358.96 377.36 399.6 412.8 478.8 445.12 468.24 501.04 559.36 599.92 720.32 804.08 913.52 989.44 1039.28 1022.16 935.76 816.56 700.96 626.32 600.48 551.76 541.6 591.92 528.88 472.16 380.8 297.92 269.04 233.84 210.72 224.48 196.16 217.28 247.2 319.04 311.44 384.8 501.36 561.28 530.24 610.88
170.96 194.16 214.72 143.76 78 69.12 62.4 69.36 100.24 122.24 62.56 41.84 59.44 38.96 66.4 85.52 122.64 143.12 159.2 189.92 204.8 244.4 273.44 286.56 297.76 324.4 337.68 374.16 443.36 437.92 442.08 483.36 498.16 475.36 501.2 546.24 606.56 686.32 743.12 841.6 953.84 1059.28 1006 893.68 805.44 714.08 622.32 597.12 584.72 561.84 563.84 524.48 428.88 361.68 298.8 321.68 263.44 261.04 273.92 216.16 206.56 225.6 259.68 330.64 346.56 430.32 477.44 555.6 668.72
195.04 272.88 276.8 142.4 128.48 142.96 100.72 53.28 35.76 23.92 4.32 6.24 42.56 62.64 73.52 96.4 173.92 237.44 230.88 261.12 242.24 275.68 292.48 316.08 321.36 365.68 411.2 428.88 470.64 497.6 465.12 506.48 516.08 526.96 522.16 577.6 674.72 740.64 736.32 825.28 938.64 1009.36 973.28 860.88 731.6 667.76 637.44 618.24 608 571.76 551.84 432.48 363.12 367.2 331.28 308 275.04 329.76 300.88 243.12 240.64 248.48 241.28 303.6 372.88 381.28 487.52 624.48 734
209.76 289.84 215.52 146.72 217.36 269.04 177.12 84.48 129.44 104.24 21.84 28.16 48.64 61.2 108.8 131.28 166.8 224.32 239.28 253.36 236.4 259.52 289.6 334.56 348.08 391.76 469.84 453.28 508.24 511.76 487.84 503.92 544 554.64 532.48 594.8 700.4 792.08 810.56 827.76 879.76 900.88 913.68 874.4 788.32 740.16 712.56 681.92 606.88 606.56 535.92 429.68 389.84 420 353.84 315.52 342.32 321.52 304.64 272.96 295.04 283.2 278.4 263.6 351.52 410 473.12 579.76 704.56
226.08 225.68 198.88 224.88 314.48 294.32 150.16 120.96 191.76 138.72 40.08 30.96 76.96 84.96 95.36 134.56 159.68 181.92 223.28 230.08 237.6 264.88 277.28 301.92 350.08 388.24 410.64 462.08 477.44 468.64 504.24 534.88 549.68 575.04 561.28 584.56 650.56 724.4 786.16 742.48 783.28 785.68 800.8 824.88 842.64 848.72 843.92 760.88 682.88 613.84 466.8 439.6 472.96 438.56 362.72 353.04 389.76 335.04 312.56 308.72 347.84 314.72 335.28 272.96 341.04 407.68 436.08 513.6 623.36
302.88 293.36 308.72 314.88 324.4 296.32 159.52 182.32 119.36 59.2 56.4 88 52.56 95.68 162.72 223.52 256.64 268.56 310.08 296.16 284.96 279.2 301.44 326 337.84 361.76 389.76 421.68 438.16 459.6 487.44 517.52 530.48 557.36 576.24 592.48 603.6 642.64 701.92 699.52 717.12 750.72 788.4 818.56 824.56 845.84 892.32 836.72 724.4 613.36 477.28 477.6 532.96 501.28 448.48 439.04 404.8 349.52 341.28 345.44 403.6 334.32 319.2 284.08 330.32 415.12 441.12 484.48 577.6
442.16 386.56 313.2 269.28 233.2 238.96 173.04 132.88 97.92 86.8 59.52 109.92 62.64 87.52 140.64 226.48 217.44 211.68 219.68 234 267.04 288.88 307.04 347.84 408.48 437.36 446.16 451.36 504.8 488.64 521.44 547.84 552.8 581.6 605.52 620 641.68 644.4 651.84 704.24 768.32 823.92 836.08 921.84 939.12 926.24 866.56 825.68 763.6 656.48 562.24 517.12 596.08 593.68 549.36 471.12 400.4 396.08 379.04 402.72 460.56 392.32 359.84 319.36 316.56 424.64 469.6 502.8 575.2
475.76 359.92 302.88 298.56 272.08 202.88 162.4 118.64 112.48 110.24 72.8 130.08 145.84 76.96 105.04 136 137.68 170.8 228.24 267.28 294.64 287.68 321.2 371.2 419.44 513.28 494.8 525.76 532.8 522.72 515.68 557.36 598.32 684.24 720.48 727.44 748.96 727.28 674.64 745.76 843.2 921.92 940.88 996.56 1019.52 920.48 801.12 731.12 752.32 725.52 670.16 582.64 579.04 534.16 494.24 451.84 435.2 438.32 398.24 444.4 504.56 454.72 380.72 343.68 321.76 452.96 545.2 529.52 528.56
328.24 318.24 309.12 287.36 277.6 282.08 184.88 149.28 132.32 100.96 73.44 146.24 166.64 107.36 88 95.92 158.24 247.84 289.12 328.48 358.24 348.96 343.6 410.48 426.64 524 519.68 503.52 510.48 506.16 526.32 602.56 674.56 755.04 835.2 844.08 861.12 783.6 708.48 748.24 857.92 965.52 1024.08 1044.88 1001.84 890.4 776 680.88 702.56 760.32 736.08 671.12 586.88 510.48 507.12 505.92 462.96 479.68 445.04 404.72 402.8 392.16 347.76 330.16 328.08 427.84 496.48 589.28 623.68
286.72 296.64 304.16 314.4 286.72 262.88 243.92 158 133.12 90.16 85.92 112.32 161.6 159.76 176 133.84 133.76 183.6 207.36 234.4 289.36 372.48 384.56 450.64 470.32 538.8 523.68 477.36 475.84 477.52 504.8 582.8 691.84 775.28 833.04 876.8 876.8 822.24 740.88 715.6 806.4 890.56 935.44 939.44 920.8 862.32 752 640.72 616.08 668.16 641.04 647.68 620.32 544.08 566.32 592.8 507.28 540.4 515.6 413.52 382 347.52 378.88 351.36 347.36 349.44 416.24 533.2 610.08
274.8 281.6 289.2 286.16 266.8 244.96 245.44 191.04 102.56 116.56 117.2 147.04 245.76 282.64 245.68 194 124.56 140 179.84 192.32 256 308.64 372.96 464.56 532 485.68 444 414.16 450.72 451.52 471.76 570.08 628.72 671.2 725.68 762.56 770.56 724.32 704.48 677.92 731.36 785.76 820.08 823.68 804.8 813.52 737.36 626 582.08 595.04 535.68 540.8 515.28 500.32 584.56 613.04 570.8 575.12 504.48 397.76 368.48 384.48 458.8 380.96 390.16 373.76 378.08 490.24 586.56
242.48 256.24 256 267.36 243.12 228.72 224.08 193.68 120.08 140.08 142.4 180.32 271.92 329.44 233.92 163.92 160.88 151.92 159.36 225.44 272.24 266.32 305.12 401.44 493.6 464.08 387.12 402.56 431.52 415.28 440.8 485.28 514.96 569.2 615.68 644.96 653.6 654.48 660.32 639.52 637.76 680.56 702.96 707.28 685.36 705.12 694.96 595.92 552 554.16 511.84 539.2 490.32 474.24 575.84 621.84 618.8 592.96 540.4 438.96 413.2 458.96 500.32 417.76 434.96 425.44 370 435.44 543.28
212.72 227.2 228.48 235.6 239.84 228.88 201.92 138.56 120 135.68 171.28 183.12 217.28 292.4 270.64 206.48 185.76 166.08 152.64 181.84 196.96 223.04 255.84 345.04 448 445.12 354.24 371.92 391.52 398.88 453.52 501.2 519.92 530.72 557.28 580.24 612.4 647.6 715.76 686.32 624.24 592.56 589.84 591.2 568.48 588.88 606.48 568.8 507.76 482.64 482.4 492.4 462.32 433.12 484.72 586.24 544.16 520.32 557.68 501.2 549.6 571.36 568.64 497.92 447.68 416.24 421.28 390.56 465.44
255.68 246.24 219.6 191.52 131.28 151.36 96.16 65.04 125.76 190.8 224.56 256.08 219.76 242.96 284.8 262.4 239.44 184 184.88 168.64 177.36 207.6 246.4 319.2 401.2 375.44 315.68 336.08 387.76 450.4 534.64 606.56 635.52 640.24 662.32 676.56 718.64 750.96 800.64 778.32 716.32 649.92 579.04 544.96 519.76 490.72 493.6 503.28 486.24 445.36 517.68 504.32 418.72 425.76 406.48 462.4 447.68 493.44 501.44 466.56 565.28 639.04 549.12 479.44 484 509.04 508.32 428.96 433.28
163.28 202.08 116.56 126.4 94.08 74.72 101.28 56.64 97.52 191.6 264.08 249.12 223.92 289.84 355.84 361.68 286.4 211.44 215.92 207.04 197.76 201.28 214.48 263.92 310.64 280.32 299.12 329.92 420.4 510.16 546.56 606.32 655.28 699.12 739.2 770.88 813.76 849.44 878.16 817.68 787.28 736.64 675.2 645.84 600.32 532.48 460.72 422.16 402.32 449.04 488.08 445.92 378.32 371.92 394.72 470.24 445.68 435.12 453.6 451.28 527.6 547.36 537.2 545.52 594.8 611.6 537.84 437.2 418.64
67.68 82.56 84.4 91.84 67.36 120.96 98.32 55.04 43.12 135.12 198.88 174.72 178 264.56 367.44 419.36 356 283.28 236.88 262.64 283.92 252 237.52 226.08 233.76 276.88 341.76 383.04 427.2 450 449.36 493.12 545.84 594.24 646 693.76 736.08 776 810.88 831.92 853.28 834.88 787.92 754.48 694 612.8 512 438.16 371.28 390 378.08 383.92 355.04 344.08 434.96 502.4 442.48 400.64 398.88 433.52 440.32 471.76 561.36 624.88 678.56 611.52 503.68 428.56 428.16
37.76 39.12 61.04 47.84 124.96 174 157.04 67.2 24.88 93.12 94.88 100.56 135.36 211.12 287.92 394.08 405.92 345.36 278.48 279.84 343.92 285.04 282.64 302.96 261.76 252 268.24 306.64 325.6 332.96 334.56 384.56 431.76 482.24 528.88 577.84 617.92 660.48 693.6 720.8 762.16 794.08 822.96 833.92 754.96 640.08 526.48 423.12 369.44 328.88 321.2 334.88 297.6 330.96 425.68 469.92 412 382 366.8 415.2 480.96 503.04 534.88 618.88 645.28 542.4 463.92 444.08 472.8
5.52 20 61.44 62.24 88.88 100.24 82 43.44 7.28 21.28 48.24 82.96 125.12 178.56 252.72 356.88 349.28 322.08 310 302.48 313.2 289.36 298.24 372 373.2 324.56 282.4 301.36 312.64 309.2 275.04 278.32 320.48 369.76 412.32 474.08 499.6 543.28 576.32 604.16 647.92 678.88 711.6 758.32 772.56 673.44 558.32 444 375.2 318.08 303.92 265.36 287.6 357.68 406.8 437.92 463.2 406.72 351.12 421.2 443.52 488.32 471.6 563.92 601.04 538.96 459.84 470.96 503.52
62.72 30 51.2 112.64 175.36 168.4 139.44 95.04 26.56 26.16 41.28 90.4 140.4 192.32 230.16 308.64 334.16 394.64 382.4 342.32 328.16 328.48 335.52 376.88 444.96 357.76 329.84 407.68 428.96 411.04 349.68 284 246.24 259.84 312.4 367.52 381.68 426.08 458.48 487.2 531.76 560.4 595.44 643.68 700 677.76 569.92 454.96 392 347.12 301.28 252.64 251.52 308.88 317.04 393.04 470.48 377.84 319.84 343.68 382.32 429.36 395.12 421.2 482.32 480.24 473.12 518.72 510.88
120.88 68 44.88 124.24 180.32 172.88 121.52 68.08 46.8 58 60.16 142.08 238.72 225.28 269.68 272.72 304.8 385.36 399.6 372.88 365.44 369.52 350.08 365.68 391.36 357.68 348.56 439.6 532 512.48 444.88 372.4 295.52 234.08 228.48 253.76 265.12 311.6 340.64 369.84 417.92 444.4 480 542.08 602.88 610.32 580.72 472.96 436.08 437.76 340.4 234.8 236.16 301.76 295.36 398.08 476.64 382.24 298.24 370.64 457.2 498.64 425.84 378 371.2 455.44 468.24 493.6 504.8
111.2 71.6 62.56 98.4 115.2 126.72 107.28 88.08 50.32 61.76 64.48 151.76 252.56 307.44 301.84 331.12 319.76 332.96 379.84 393.36 386.08 393.2 393.2 407.6 424.72 421.52 442.56 497.2 596.8 603.6 525.92 423.84 314.16 258.16 262.24 228.56 194.64 200.88 223.12 254.64 320.56 328.32 377.12 466.64 490.48 493.6 519.12 429.52 372.16 422.32 316.56 204.16 202.56 244.56 283.2 388.72 450.24 355.36 280.48 366.08 477.92 500.4 411.36 327.28 302.8 424.08 452.4 503.04 531.52
109.68 81.44 69.76 101.44 137.12 208.64 219.28 166 72.16 74.08 74.16 97.28 205.12 300.72 340.4 394.8 408.88 350 381.28 449.6 464.72 467.84 436.8 440.08 523.6 535.68 557.92 598.8 646.16 584.24 502.32 419.36 313.36 298.16 356.48 325.04 260.48 216.56 171.28 169.12 210.32 232.64 317.44 376 373.44 376.56 429.28 398.48 334.8 409.36 338.72 224.32 170.4 254.16 333.52 397.52 366.96 300.16 258.96 359.36 444.72 395.92 345.2 267.36 280.96 370.24 382.16 450.56 495.28
98.08 72.48 86.4 142.24 136.48 197.12 245.44 220.96 124.32 71.76 84.08 76.72 141.68 214.48 277.76 345.44 438.96 435.52 382.48 447.52 554.16 555.52 480.48 447.68 542.96 634.88 670.24 684.96 633.44 529.52 423.84 361.2 328.32 332.48 367.6 418.72 371.92 316.48 255.6 177.36 143.28 175.04 235.04 262.16 256 267.2 328.8 327.2 312.96 408.08 377.6 263.6 166.72 199.36 298.88 328.88 259.12 223.76 264.16 355.44 357.44 303.12 248.96 240.48 260.32 298.08 382.32 453.04 461.12
99.36 100.08 129.28 124.16 169.84 180.56 209.6 212.16 123.44 87.92 94 99.28 88.88 123.68 206.24 301.28 394.56 482.16 413.76 449.52 562.24 620.08 528.56 480.24 510.8 619.12 636.48 600.72 556.88 470.32 385.12 364 373.76 372.08 370.16 470.72 479.84 420.56 332.16 257.84 191.92 124.88 138.72 154.08 175.68 207.12 238.24 264.08 313.44 334.08 328.16 287.44 195.36 152.64 240.56 228.88 191.84 215.76 248.08 260.32 246.64 218 245.28 290.08 324.88 374.72 421.84 450.48 453.92
144.48 123.28 146.72 148.64 194.4 263.52 240.8 155.12 133.28 117.68 154.72 147.84 123.52 112.96 173.52 271.92 359.68 473.2 479.36 436.56 528.4 630 584.64 549.92 512.88 582.72 532.64 499.44 464.08 428.4 430.56 443.36 410.64 440.96 394.72 431.6 500.48 497.04 404.16 323.2 254.24 177.12 108.32 141.68 198.16 246.8 289.28 287.84 292.88 258.96 232.4 223.2 204.24 138.16 165.92 175.12 153.28 166.72 177.36 192.4 210.56 250 326.4 359.52 371.12 425.52 453.12 530 507.6
175.28 151.28 152.56 171.6 185.28 226.72 216.88 178.48 152.88 164.56 244.56 247.92 207.28 129.52 182.48 282.56 384.08 497.2 544.88 462.56 513.92 623.12 655.52 604.64 544.08 546.8 529.12 501.92 461.44 447.68 488.64 529.52 524.56 540.96 468.96 424.72 492.08 503.2 387.36 281.28 230.8 180.4 145.28 92.32 111.28 195.2 306.8 361.36 376.48 345.28 279.28 215.04 160.64 116.88 133.28 153.68 159.76 160.88 196.48 241.6 286.8 307.36 314.8 354.48 425.2 454.24 481.92 524.4 499.36
186.08 201.44 185.44 192.8 206.16 215.6 221.6 204.32 178.24 210.16 246.24 318.64 235.6 143.12 188.48 296 397.76 512.08 592.72 515.28 495.52 546 574.72 624.64 617.04 596.16 598.72 544.24 488.48 499.2 501.6 523.04 600.08 567.04 500.4 453.68 499.28 462 372.48 312.32 326.08 262.48 208.56 113.68 89.36 174.24 238.8 261.36 306.08 328.8 248 179.12 114.48 132.72 212.4 239.92 192.64 183.6 182.48 216.96 252.08 295.76 356 427.36 445.6 469.92 507.12 533.36 529.2
