B6_all_seraphim_analyses/Environmental_files/LASV_rasters/Accessibility2_MRU_0.04.asc
NCOLS 360 
NROWS 264 
XLLCORNER -17.0000652 
YLLCORNER 2.9999748 
CELLSIZE 0.04166665 
NODATA_value -1.7e+308 
[rows 120 to 149 of 264, columns 138 to 206 of 360]
270.24 250.24 230.32 227.76 219.68 257.68 251.28 252.4 238.24 254.64 301.84 266.48 259.04 230.88 228.72 295.04 343.52 307.84 278.16 257.92 239.2 205.44 195.52 148.4 112.88 84.72 57.44 32.96 67.12 77.52 99.2 129.68 152.48 164 184.08 212.24 234.08 264.8 260.32 236.16 204.88 184.08 150.8 129.6 107.28 87.28 76.24 67.92 56.56 74.64 105.2 133.6 168.88 143.84 140 141.04 155.84 182 206.56 191.68 193.2 155.44 127.04 173.04 244.96 258.56 232.96 148.4 94
231.92 214 197.52 183.36 187.44 214.8 216.24 220.72 205.92 248.64 424.16 336.4 225.36 194.24 208.8 254.8 329.12 293.76 265.44 241.6 217.6 192 155.84 138.72 124.72 75.2 54.24 39.92 48.56 64.56 84.16 103.92 125.28 148.96 178.16 201.6 230 260.4 286.72 247.12 222 196.24 176.64 147.28 135.04 135.2 108.56 95.84 87.76 92.72 113.92 140.72 187.76 156.48 143.76 150.48 184.24 194.72 209.36 183.36 165.52 130.56 119.44 196.96 250.48 330.8 312.96 270.56 154.32
219.92 190.48 171.2 160.08 166.88 204.48 190.8 183.52 192.72 227.84 414.16 348.4 256.4 176.4 186.88 228.64 311.68 289.44 260.96 235.28 216.8 191.36 149.68 118.56 85.12 56.96 45.2 66.24 78.64 73.28 80.88 87.12 116.96 131.76 167.04 193.84 235.84 265.52 277.84 233.2 222.72 254 232.24 175.04 171.52 148.48 132.64 125.04 126.16 117.68 135.68 150.8 162.24 155.52 133.76 144.72 182.64 204.16 199.12 179.76 139.12 110 112.8 174.48 179.92 245.2 192.88 200.88 154.64
230.24 171.52 153.28 136.64 147.92 175.68 158.96 153.52 166.48 174.96 278.88 183.2 169.12 146.32 163.2 177.36 292.24 287.44 258.96 229.84 220.32 191.68 146.16 120 89.92 57.52 74 89.44 116.24 110.72 109.36 105.6 105.04 131.12 152.32 179.36 180.64 214.96 207.36 210.56 182.88 189.6 200.48 200.88 201.52 180.32 164.56 153.12 181.04 145.28 150.08 140.88 176.96 154.72 127.52 140 187.36 189.6 172.64 166.16 138.88 105.2 84.96 99.76 116.64 132.56 58.32 72.48 37.6
174.48 155.04 127.44 114.32 108.8 117.36 132.32 118 132.48 152.8 158.8 140.72 138.8 128 137.2 157.68 283.36 270.56 251.04 222.32 202 185.6 169.52 124.96 97.84 70 64.08 84.32 112.16 138.72 148.8 147.76 153.04 118.8 95.76 110.48 118.8 158.96 168.96 201.2 157.44 163.36 176.16 206.8 201.2 168.56 168.48 221.2 189.44 143.12 130.8 132.56 181.92 160.08 131.04 125.84 132.08 174.4 147.76 140.96 137.52 109.36 75.84 69.84 85.44 52.4 95.12 74.48 37.28
134.64 138.56 109.2 92.56 83.52 88.32 90.16 87.52 96.08 107.36 126.88 107.36 97.6 116.72 142.8 165.36 190.72 239.44 227.6 220.16 203.52 182.88 165.2 141.6 116.8 84 76.72 85.2 111.2 139.84 161.68 170.48 152.08 123.44 95.28 74.56 85.44 105.2 138.96 160.24 134.72 130.24 153.44 183.44 193.52 161.36 145.76 181.28 141.28 119.68 110.72 135.6 175.84 159.36 131.44 113.04 108.96 145.52 120.64 116.8 115.44 101.04 74.24 55.76 58.96 80.64 173.44 145.36 73.12
110.64 118.88 103.12 75.2 71.04 54.4 51.92 53.52 64.64 75.6 88.56 90 105.76 129.2 152.4 166.08 181.76 207.12 207.2 219.12 217.04 199.84 197.6 193.2 137.52 109.6 80.4 90 132.56 153.68 175.44 192.48 154.72 121.76 92.72 70 78.72 80.96 87.6 98.08 98.8 102.08 106.72 117.44 159.76 125.68 105.68 137.12 111.76 93.6 108.88 135.76 168.08 166.88 147.2 130.96 109.6 100.64 92.88 88.96 88.16 85.28 65.44 73.68 110.88 127.76 164.48 111.92 92.96
91.2 78.24 78.32 70.88 50.16 30.56 27.52 23.84 38.64 48 57.2 81.44 109.84 109.52 126.24 157.92 170 145.2 189.2 194.56 199.68 196.16 192.48 178 147.76 115.52 92.64 95.12 131.2 154.56 170.4 185.92 181.04 126.24 106 70.4 49.92 52.08 51.76 60.8 70.64 71.04 68.4 122 169.2 106.64 109.12 73.6 89.28 100.88 122.8 151.04 177.12 186.48 177.52 149.76 128.64 126.64 109.44 100.88 83.04 75.92 68.08 79.04 101.2 123.76 149.36 133.44 132.48
81.84 60.32 51.28 49.44 34.64 27.2 1.28 5.52 16.48 28.16 48.48 62.8 104.56 85.76 107.44 130 127.84 135.76 194.48 182.88 173.52 169.52 161.36 162.72 149.52 120.48 89.36 92.88 124 152.08 154.8 163.68 129.12 115.6 91.04 70.16 50.16 37.76 31.52 36.4 34 37.12 46.96 135.36 87.84 67.84 60.72 76.96 132 124.4 140.4 165.52 176.16 180.56 190.32 181.76 166.24 154.72 159.44 131.36 98.56 78.4 92.56 96.08 105.52 132.88 164 162.96 162
86.08 91.6 81.28 66.16 22.72 11.12 8.24 12.4 32.48 44.32 74.4 94.64 80.08 78 98.88 108.08 163.36 222.96 219.44 195.52 178.64 158.56 146.24 140.72 127.6 113.28 95.68 94.16 115.12 121.68 125.76 111.6 89.04 83.04 81.44 50.8 77.84 75.92 60.96 35.92 24.4 12.32 37.2 53.12 40.16 52.64 81.2 93.84 183.76 168.4 180 168.88 150.32 152.08 183.04 222.4 216.64 179.28 163.2 129.84 100.48 85.92 114 129.04 137.84 182.64 163.2 212.32 195.84
101.2 216.4 136.56 66.24 38.72 35.2 36.96 24.88 49.76 72.24 162.56 294.88 127.12 94.88 107.36 157.52 240.8 250.56 229.84 199.28 176.08 146.88 142.32 142.64 131.36 115.84 94.8 98.32 96.56 101.28 89.36 85.84 79.12 69.28 83.36 100.56 101.84 109.52 81.76 60.08 53.28 39.12 18.4 11.92 26.72 92.48 142.24 196.96 238.24 179.6 170.24 150.64 128.16 142.24 173.76 218.72 253.52 214.16 171.68 138.4 124.56 97.12 123.44 145.76 163.92 200.88 196.56 214.88 243.44
121.76 200.48 205.28 84.4 63.36 77.36 67.52 57.6 45.36 68.24 128.96 234.72 133.04 121.12 148 246.88 265.04 246.8 217.92 190.48 165.28 138.4 128.32 117.36 114.08 122.72 168.64 179.92 126.4 106.08 97.36 82.08 93.44 106.48 161.52 243.28 195.2 102.08 70.96 53.6 36.56 14.8 4.16 15.52 36.32 75.6 137.28 371.92 281.6 162.8 136.64 124.96 119.44 155.2 178.48 295.04 261.28 206.24 173.68 135.04 112.48 101.12 128.32 156.48 194.48 277.68 243.28 247.68 251.68
198.72 367.12 344 140.88 112.16 187.12 123.52 88.16 60.08 63.12 143.28 181.76 151.68 148 216.96 277.2 278.56 256.64 225.52 198 206.48 197.36 196.56 222.88 221.04 233.92 246.56 251.68 226.8 134.64 131.6 209.2 228.72 239.68 278 285.68 258.72 212.56 123.68 68.88 55.2 43.2 25.92 18.32 38.4 91.76 393.6 299.2 172.72 158.4 102.48 99.92 118.08 145.52 227.04 390.96 296.32 201.12 167.6 140.96 117.2 106.08 132.72 165.04 201.12 273.6 252.8 283.44 324.16
304.24 369.44 170.88 88.32 132.96 305.68 288.48 107.76 108.48 71.84 156.16 128.8 160.24 161.04 239.36 296.32 293.52 264.64 237.12 223.2 203.44 193.6 210.56 266.88 273.6 255.6 263.6 276.32 264.64 228.48 253.04 278.08 255.2 274.48 268.4 239.68 240 219.52 187.36 109.28 100.96 71.52 50.48 34.48 40.64 241.04 264.72 128.24 170.16 100.48 82.24 97.68 123.92 140.08 205.04 272.16 289.76 212.8 178.56 154.88 127.04 108.16 130.96 164.16 198.88 241.44 274.64 305.68 421.04
253.84 199.04 115.28 104.08 118.56 298.56 358.08 214.88 114.56 96.88 127.04 173.12 150 148.08 251.2 305.04 307.76 276.24 251.52 202.16 184.48 200.72 221.92 292.08 272.16 265.2 310.4 345.2 330.16 295.52 294.64 304.32 279.28 277.36 268.32 247.04 273.92 240.08 281.92 259.12 220.56 131.44 103.12 52.64 39.2 77.2 70.8 79.92 80 77.28 97.28 107.92 112 121.84 138 158.8 187.52 225.44 187.44 142.88 121.52 110.24 144.08 166.48 195.44 242.48 262.96 300.8 430.72
186.08 165.44 141.12 151.84 133.52 177.04 201.76 199.84 114.08 110.24 130.4 294.56 175.76 229.52 276.32 286.24 292.32 277.76 195.44 180.8 190.96 206.88 238.72 313.84 279.36 277.68 314.4 329.92 320.08 316.64 323.6 301.28 337.52 298 294.48 257.52 331.44 279.84 277.6 276.72 257.36 238.72 165.92 79.52 256.72 444.64 229.28 55.36 64 75.6 99.12 122.72 137.2 137.36 152.64 166.4 182.48 171.36 153.12 118.32 103.28 108.96 126.16 154.56 192.4 233.76 284.64 330.16 399.76
181.04 179.04 157.68 140.32 115.28 154.32 171.44 195.68 161.92 117.84 177.68 280.88 179.92 240.32 204 177.92 222.88 176.64 176.96 194.08 215.92 213.12 259.04 338.32 302.24 299.52 301.2 323.36 335.12 425.36 367.44 349.36 401.36 323.28 341.6 287.76 321.6 355.12 304.16 301.92 291.28 321.04 204.32 141.04 497.36 832.8 568.96 238.8 124.48 80.56 86.64 122.64 141.84 153.12 175.44 180.88 192.88 154.16 131.12 95.04 116.32 146.64 123.12 156.16 215.2 300.48 283.44 311.76 328.88
165.6 150 140.64 137.6 102.24 119.36 172.72 236.48 145.6 124.4 160.96 235.6 201.6 189.6 173.28 157.2 150.24 166.24 184.16 206.96 207.68 223.36 293.92 330 314.32 326.56 323.76 313.6 325.92 379.6 396.72 386.08 500.16 417.68 367.44 295.6 313.44 320 321.04 350.16 394.08 384.24 149.6 225.84 671.52 1005.6 681.52 490 337.76 93.04 72.8 108.72 131.76 168.88 167.76 166.96 203.84 148.72 117.68 93.6 124 163.04 159.12 152.16 207.76 301.52 342.4 309.6 321.2
149.2 132.56 109.44 97.84 80.88 103.44 159.12 224 140.8 136.24 144 214.56 190.16 164.72 173.68 151.28 166.96 173.2 199.44 210.8 223.36 239.04 283.36 353.76 341.84 355.76 348.64 351.6 401.68 593.84 554.88 389.92 407.84 390.56 374.08 309.36 301.68 363.04 425.92 474 439.44 299.12 168.24 306.16 783.12 673.84 417.52 493.36 268.08 102.4 80.08 96.72 124.32 165.68 183.2 158.4 146.48 119.44 97.12 83.6 89.68 168.16 243.04 210.32 167.6 235.04 290.32 287.6 289.2
134.4 107.52 80.4 70.88 75.68 117.04 114.4 102.48 139.52 114.24 155.12 205.52 159.36 140.72 148.88 165.12 185.84 192.88 197.44 226.56 250.32 261.84 349.28 391.12 376.24 373.44 395.12 389.2 527.12 762.48 583.2 475.12 646.88 499.52 384.64 333.2 307.84 357.04 367.92 412.08 464.64 480 419.36 654.88 741.28 373.36 437.84 321.44 117.36 112.96 119.68 119.28 164.64 157.12 139.6 107.44 117.44 113.6 103.52 122.8 104.16 91.6 230.48 266.32 218.4 212.4 222.88 241.92 266
128.16 102.24 83.6 56.96 91.12 116.48 139.92 102.88 116.72 106.56 136 134.88 146.96 157.6 139.2 214.96 215.76 246.48 317.6 351.12 396.88 377.12 415.52 443.6 430.88 413.12 433.44 409.92 608.16 637.44 476.24 673.04 717.2 419.92 475.44 416.48 455.44 449.68 346 387.6 670.08 835.28 881.6 784.8 387.44 258.32 364.08 148.32 216.08 313.28 169.6 103.52 116.32 114.24 108.96 97.68 117.52 123.28 88.24 98.08 70.24 75.84 215.76 232.72 196.4 198.56 235.92 224.72 252.4
124.16 103.84 80.16 49.6 80.56 86.72 80.64 88.88 91.44 117.2 123.04 140.72 138.24 112.56 137.28 181.44 214.48 344.64 374.88 525.76 543.28 436.8 493.36 593.44 461.6 440 525.04 439.76 553.28 638.72 506.4 786.8 582.64 494.8 496.8 623.52 807.04 686.08 384.4 503.92 778.8 838.48 738.24 473.44 228.8 201.28 205.6 196.24 390.32 367.84 130.88 67.44 75.92 100.24 82.16 86 105.6 121.2 95.52 75.28 59.6 65.68 101.6 123.04 139.28 160.8 190.16 201.76 228.88
126.56 114.88 144.08 46.64 101.6 59.12 50.08 75.44 98.08 111.44 119.92 109.92 112.96 109.6 125.52 170.64 252.88 323.2 351.6 381.2 449.12 458.08 631.68 646.08 479.52 497.76 658.96 582.88 482.88 572.72 537.2 715.36 659.92 490.64 658.64 938 1035.12 720.72 423.76 404 667.12 548.56 435.2 261.76 214.56 199.28 147.36 224.72 220.24 117.2 83.28 82.32 56.64 67.28 69.36 77.76 86.48 114.8 97.68 61.76 51.28 58.48 76.64 88.72 107.12 137.52 156.64 179.44 200.48
144.48 97.76 86.32 27.6 40.16 50.08 61.52 63.12 79.2 87.68 89.28 96.56 109.2 125.28 137.84 210.48 299.36 332.96 476.56 549.52 600.16 597.12 647.44 529.84 523.36 604.32 757.84 558.08 477.28 579.04 655.68 638.16 603.04 696.08 925.04 1185.6 1178.08 817.52 481.04 386.4 520.72 398 353.6 320.24 183.52 167.12 154.64 178 142.16 107.76 104.72 102.24 83.2 48.64 43.84 57.52 65.2 82.56 84 59.36 45.52 51.92 66.64 81.84 104.4 140 140.16 150.4 172.08
151.92 266.4 85.36 36.48 63.04 60.32 75.52 68.64 75.76 74 100.32 136.8 106.48 126.16 147.44 249.04 331.36 403.76 564.72 796.24 945.04 949.04 710.08 572.08 632.32 569.28 557.44 549.52 534.56 638.4 725.76 609.52 821.2 1053.68 1238.48 1456.96 1307.6 951.36 689.2 541.28 396.8 379.52 350.24 365.92 207.52 181.36 184.72 176.64 169.12 136.72 125.6 115.68 85.52 63.28 39.84 48.48 67.92 97.28 100.16 73.12 55.92 45.2 65.52 95.2 121.76 108.88 112.96 132.8 154.4
131.6 124.56 15.76 35.52 45.92 66.8 89.52 87.2 91.36 93.68 122.48 135.6 140.88 172.4 175.92 254 386.08 424.8 628.48 722.4 788.96 1031.76 861.28 701.04 752.96 670.56 760.88 672.4 561.44 667.84 728.72 842.08 1007.28 1324.48 1536.16 1421.44 1224.88 897.2 564.16 475.04 426.32 395.84 393.84 318.16 215.12 196.88 209.76 194.64 183.76 142.72 125.52 105.68 87.36 66.8 42.56 31.2 62.4 70.48 77.52 53.44 36.56 34.96 60.88 89.68 101.52 86.96 93.92 115.36 137.2
57.76 12.16 6.48 21.36 38.48 60.56 96.4 117.76 110.48 109.2 121.68 137.84 201.2 236.4 209.84 347.52 341.12 450.8 563.6 466.48 628.56 1008.96 1142.64 1017.92 830.48 685.92 813.04 735.76 799.76 788.16 826.88 1138.48 1334.96 1518.4 1544.24 1187.52 907.52 746.96 516.32 425.84 446.88 387.76 389.84 362.08 231.36 207.84 229.68 190.88 166.96 132 106.64 86 69.04 53.6 48.64 39.84 24.88 36.24 59.12 31.6 26.8 45.84 67.84 78.32 79.12 74 83.52 105.44 112.16
8.32 0.8 15.76 36.08 52.48 75.44 109.44 119.12 128.24 145.68 156.08 169.2 205.68 317.2 258.56 324.08 364.4 387.6 441.36 536.48 772.96 1147.6 1163.76 914.32 769.04 803.68 858.64 948.48 1126 970.72 889.36 1228.4 1602.08 1768 1471.12 1076.88 702.08 510.16 526.24 520.16 408 373.92 356.48 359.44 230 235.6 224.64 197.44 176 134.32 109.76 85.2 97.12 70.96 68.24 48.32 23.92 19.28 37.52 31.92 54.4 58.56 66.72 58.88 57.68 59.68 76.64 85.84 95.12
53.68 11.84 34.88 47.52 70.32 95.6 113.04 101.76 175.92 202.24 188.4 210.32 296 499.12 585.28 468.16 408.88 458.24 501.28 568 792.64 1028.32 868 818.88 994.64 1077.76 1196.16 1246.56 1175.28 962.32 954 1277.76 1651.04 1706.56 1327.12 953.28 587.2 641.04 625.76 454.64 435.28 382.8 348 341.36 318.08 271.2 239.68 214.08 170.8 136.4 106.08 128.64 136.72 77.84 56.8 39.76 20.88 7.52 8.72 23.04 26.56 39.44 41.44 41.68 48.4 46.16 65.36 70.4 86.16
51.52 30.56 22.32 34.48 79.36 79.04 84.08 132.56 282.8 223.28 213.04 280.88 469.68 669.2 832 532.56 439.76 500.16 558 560.24 752.32 803.36 764.96 998.96 1242.4 1306.24 1419.52 1183.84 1018.64 1035.76 1184.16 1420.8 1772.56 1766.32 1376.48 997.6 647.84 620.8 510.48 473.52 437.92 380.96 350.8 322.24 336.08 339.52 233.52 192.16 179.84 125.12 102.88 90.16 96.64 61.44 46.24 44.32 46.56 9.6 0.16 10.72 22.32 18.48 31.76 73.52 86.48 59.36 58 69.2 81.84
