B6_all_seraphim_analyses/Environmental_files/LASV_rasters/Accessibility2_NGA_0.04.asc
NCOLS 408 
NROWS 336 
XLLCORNER -7.19999999887477e-05 
YLLCORNER 1.9999752 
CELLSIZE 0.04166665 
NODATA_value -1.7e+308 
[rows 204 to 237 of 336, columns 231 to 307 of 408]
19.8 40.2 39.56 34.12 44.16 54.12 42.64 25.76 36.76 48.08 53.08 67.56 61.24 82.76 60.36 49.92 34.88 30.92 48 75.76 73.72 91.04 148.24 238.88 300.6 344.92 387.96 438.8 469.52 488.8 504.8 465.24 433.24 414.6 362.32 295.84 177 102.2 103.16 92.32 21.04 17.8 55.24 83.24 100.2 170.04 247.16 315.32 405.4 476.32 518.64 540.04 565.96 573.36 620.32 545.36 440.8 366.92 343.2 370.12 402.8 447.12 504.6 438.88 356 292.72 256.36 236 240.28 261.2 242.12 280.52 322.44 261.52 192.68 219.16 180.92
15.48 45.28 88.68 57.4 53.2 59.24 63.36 27.16 37.32 49.76 58.84 66.8 68.52 64.08 52.64 40.84 30.28 33.72 36 49.96 77.8 115.84 160.6 223.68 249.04 286.96 339.12 379.28 405 437.48 467.88 436.76 397.8 367.16 317.56 263.36 152.28 56.44 36.24 28.88 13.4 51.96 96.2 114.92 130.64 181.24 259.72 344.32 393 431.8 479.08 522.08 570.96 629 642.64 527.36 409.32 381.8 364.8 389.48 454.8 509.92 557.6 471.12 399.16 323.92 275.2 234.28 225.32 235.56 228.32 250.6 272.44 242.16 186.8 173.16 161.08
34.2 69.28 114.56 93.04 62.96 65.76 68.52 21.24 64.32 91.52 78.96 58.8 75.64 52.24 57.16 29.84 43.2 63.92 32.6 33.88 55.24 76.32 103.04 142.2 180.56 236.96 280.24 317.36 347.16 407.28 419 372.84 344.04 306.84 269.72 212.24 131.16 68.84 25.24 23.28 39.56 40.16 78.8 100.72 118.16 146 206 242.16 306.52 367.92 385 457.08 516.44 560.28 595.44 541.48 471.12 442.56 387.52 413.72 475.32 555.08 615.88 526.44 430.56 357 285.72 235.36 215.56 227.28 209.84 206.96 196.44 185.44 169.6 156.64 144.72
41.2 84.44 128 80 50.36 50.96 59.88 21.48 39.4 42.4 47.28 53.52 67.6 58.28 38.24 28 90.68 122.64 85.4 29.68 20.52 26.28 43.92 67.44 135.92 174.36 217.8 254.4 320.48 381.92 390.56 325.48 281.88 255 213.44 164.92 86.04 36.52 23.96 61.68 83.4 54.4 55.28 75.6 96.76 102 138.32 176.96 267.6 358.8 357.68 407.84 443.8 485.64 502.6 517.6 543.28 487.8 445.24 459.04 513.24 591.36 624.12 529.4 442.8 353.64 251.32 228.52 216.84 201.36 193.92 188.28 176.28 168.2 159.8 154.76 147.68
46.2 90.32 110.24 49.88 56.48 50.2 33.16 26 21.08 23 37.04 42.8 55.52 37.6 21.04 33.92 109.52 152.24 126.72 72.2 58.64 35.8 18.48 30.64 77 105.92 154.72 223.6 301 371.4 371.32 301.08 234.12 190.56 151.8 83 36.76 27.92 62.16 101.32 105.44 96.84 100.68 119.4 152.76 173.56 153.04 184.92 292.44 415.52 359.64 345.68 374.6 421.8 403.52 429.92 468.28 470.84 529.4 534.16 561.92 597.04 586.44 510.56 416.64 315.76 230.96 217.6 211.2 205.16 207.28 190.2 183.72 173.24 175.16 182.84 208.72
37.32 67.16 59.84 24.84 33.6 27.32 31.64 10.72 10.08 13.16 14 14.96 16.16 21.48 26.04 36.56 68.44 104.8 123.92 103.12 90.6 60.12 20.12 9.24 20.16 66.16 128.44 258.32 375.68 389.36 379.2 310.76 234.32 141.88 69 35.32 39.72 66.64 106.6 147.96 151.32 144.56 163.64 180.88 214.08 261.92 217.48 223.92 274.72 378.48 390.72 346.08 325.76 360.4 325.36 351.12 380.72 367.32 457.08 561.12 572.08 510.6 488.76 474.12 396.6 312.8 262.16 237.04 220.8 240.08 229.12 195.32 205.68 193.76 188.84 180.12 170.24
22.4 24.48 25.76 24.52 27.76 14.32 11.88 7.32 7.24 7.16 15.2 26.8 28.6 43.88 43.08 51.84 81.64 119.12 137.36 111.92 69.76 37.12 16 8.04 14.4 69.52 139.28 242.08 343.12 320.68 346.68 324.36 236.96 136 36.68 72 110.76 122.92 151.2 183.24 173.48 189.64 224.96 245.16 274.2 325.28 285.76 292.44 317.12 379.44 443.32 395.96 341.32 302.68 249.48 298.08 311.68 283.52 342.12 434.04 448.72 428.4 372.48 377.92 332.64 316.4 264.8 220.52 207.72 215.88 196.2 207.04 237.08 205.12 188.16 177.04 152.44
36.16 38.04 46.92 37.76 41.56 30.28 28.4 12.04 18.96 23.24 24.12 35.92 43.48 52.24 62.12 76.12 94.28 103.92 130.6 147.56 106.32 63.76 41.56 16.2 14.64 51.76 104.36 205.76 245.08 252.52 279.12 291.88 238.2 152.76 51.76 55.4 150.8 172.8 171.32 211.6 225.52 247.92 276.72 319 345.92 378.4 359.44 329.4 348.44 408.56 509 435 375.04 323.88 237.32 253.04 248.04 241.4 290 362.36 346.04 344.44 276 274.16 248.56 233.44 227.68 217.84 203.88 187.64 180.92 187.16 194.6 200.96 218 185.32 171.28
53.2 52.92 52.04 37.64 28.88 20.44 18.76 22.4 37.6 61 54.08 46.36 55.32 98.88 97.28 103.32 135.68 123.52 116 171 150.04 119.04 107.6 55.76 12.88 26.68 61.28 102.16 144.04 210.36 206.44 225.92 221.28 179.92 62.24 37.76 113.2 132.92 168.68 243.24 286.76 309.76 332.56 397.76 390.24 371.84 305.36 277.24 304.76 437.72 555.76 447.24 356.76 310.32 242.56 228.64 227 238.6 262.56 298.2 324.72 341.2 278.92 256.76 243.8 224.56 205.48 191.28 184.24 181.32 175.28 175.64 178.68 187.8 203.24 198.28 204.88
64.68 82.64 72.56 39.52 20.6 27.96 46 32.56 58.08 62.2 72.8 58.72 65.08 112.4 181.32 208.04 226.68 170.48 118.36 157.68 196.28 172.76 159.44 84 18.04 24.76 44.2 49.48 98 154.2 138.72 157.52 152.88 156.16 58.32 26.64 83.96 160.36 214.32 258.76 257.88 279.88 308.12 357.16 318.36 263.04 227.08 201.08 247.72 439.32 529.28 442.04 365.92 370.72 311.08 243.92 210.32 229.4 252.76 268 305.96 300.36 311.84 286.92 300.6 272 203.6 187 174.56 173.28 170.6 176 169.16 182.6 196.12 224.56 218.36
85.32 88.52 45.44 36.84 44.08 43.44 53.32 58.4 63.44 71.76 92.24 72.28 79.96 103.44 185.72 261.72 304.6 226.52 142.48 139.84 195.96 235.96 199.32 113.72 48 20.56 42.64 51.44 109.52 112.96 78.72 75.08 79.4 119.72 70.52 19.24 77.76 105.24 129.24 168.52 193.32 220.68 253.72 253.64 249.28 224.8 172.32 181.52 241.4 474.36 501.44 392.88 245.6 287.48 282.76 216.96 205.36 232.6 264 255.68 253.52 251.88 297.36 318.68 321.92 273.76 202.64 179.16 169.92 164.84 161.76 160.28 159.92 168.48 179.64 197 184.84
59.4 51.24 35.08 92.48 121.64 118.08 117.28 108.24 93.96 77.96 89.28 95 152.8 137.92 180.96 256.84 316.32 260.76 189.72 139.8 187.72 266.04 237.64 171.76 124.96 70 21.8 45.36 65.84 61.16 68.04 78.88 48.56 68.16 43.2 25.52 48.28 22.92 28.04 53.44 119.6 163.64 194.32 164.08 158.16 160.64 152 208.44 285.96 355.12 329.36 260.48 224.64 252.6 226.4 205.68 198.52 240.16 265.04 261.12 239.72 224.88 233.8 244.28 248.52 225.28 193.8 187.48 176.88 169.04 160.28 150.4 151.76 160.76 170.6 177.64 168.36
46.36 34.08 48.32 132.16 173.6 183.88 183.24 186.16 164.72 102.24 120.8 166.24 210.16 208.76 235.16 275.64 343.4 328.52 224.8 157.44 163.68 179.6 145.32 139.88 114.16 107.08 74.32 54.64 55.24 91.2 161.44 157.6 73.64 29.76 16.56 13.72 12.28 30.36 61 48.88 43.6 77.12 107.96 99.96 108.16 125.32 162.84 191.96 253.52 236.92 225.28 199.04 203.76 217.24 187.92 192.88 201.4 222.52 235.44 250.88 238.44 223.96 214.84 216.12 203.32 194.72 193.32 205.6 207.36 186.12 171.24 146.84 149.12 165.88 176.04 182.76 172.44
47.16 25.36 70.36 127.72 103.32 104 129.36 166.2 199.4 171.48 190.84 208.4 168.24 187.4 238.52 312.16 414.04 386.96 315.88 230.96 216.84 175.08 118.48 134 79.08 72.2 75.92 116.32 136.4 91.04 189.4 212.48 135.96 62.2 25.32 8.08 8.56 32.6 84.64 74.28 68.84 77.68 76.04 80.64 95.08 110.56 136.12 160.32 207.84 195.56 186.24 185.44 185.4 190 184.76 198.4 219.72 257 274.76 279.76 287.72 277.04 260.4 244.4 231 208 209.92 220.68 252.16 221.68 179.68 155.84 133.48 153.92 190 229.48 198.64
20.16 23.24 47 66.24 72.4 111.68 124.36 137.28 204.52 252.32 208.44 167.08 137.36 135 261.8 345.08 480.4 463.32 366.64 300.2 208.72 161 203.2 199.88 133.56 97.72 69.68 143.28 147.2 102.96 141.04 142.64 126.08 82.24 32.8 21.4 20.2 16.2 59.16 53.96 106.36 111.36 94.68 92.36 101.76 112.64 140.72 190.68 223.08 190.52 179.56 187.56 173.28 175.72 180.72 204.04 209.24 254.92 230.64 244.8 287.8 299.96 288.4 278.4 255.96 228 255.36 266.08 278.08 225.68 163.88 144.88 128.56 130.88 182.36 223.4 208.12
33.96 32.6 72.56 76 85.24 113.44 147.92 196.92 223.96 202.76 187.44 123.24 93.52 157 252.2 308.4 371.76 350.16 290.8 224.36 151.72 113.68 195.32 245.88 236.84 90.84 71 177.2 131.32 164.08 123.48 96.64 72.08 55.16 43.88 18.2 18.92 15.96 40.04 37.32 100.68 105.76 88.56 87.84 94.04 105.32 149.96 196.56 188.16 178.92 171.44 181.08 172.08 165.4 180.4 193.2 223.08 254.84 219 205.32 219.44 226.44 223.48 222.16 231.24 227.4 233.04 233.68 238.92 207.52 152.52 137.48 122.16 119.56 160.84 160.28 146.76
75.72 44.44 98.36 138.24 138.28 162.48 196.2 221.92 178.16 145.52 124.36 93.08 84.08 182.8 210.08 244.88 281.16 255.08 244 207.32 135.92 90.72 116.92 200.28 274.48 165.24 57.64 138.16 111.8 194.12 153.64 128.64 111.56 78.76 41.12 29.68 57.68 44.2 15.44 61 79.48 73.56 84.04 79.08 81.8 102.72 145.08 231.64 180.88 166.84 162.24 172.08 170.12 161.84 189.2 195.6 218.44 235.2 209.6 181.72 194.4 194.8 191.68 192.88 198.08 203 199.88 197.2 202.92 222.16 160.2 113.6 107.32 113.72 146.56 132.32 116
86.64 64.52 174.68 213.88 239.88 259.08 297.64 316.68 264.4 192.92 154.96 108.6 66.6 108.56 147.04 214.96 230.24 188.48 164.4 144.44 109.16 67.44 86.64 136.84 245.68 177.36 55.88 90.12 148.24 278.52 228.44 126.96 95.72 65.04 67.52 55.52 46.36 30.8 12.92 37.24 39.48 38.96 67.92 57.76 82.6 99.48 152.72 206.28 161.92 151.36 152.72 152.84 150.24 158.24 193.72 191.16 204.68 206.24 197.12 182.56 190 181.12 178.24 177.96 181.16 181.44 188.8 185.88 183.56 208.12 164.56 106.52 103.84 118.88 125.56 118.12 114.72
122.16 97.64 216.92 292.48 308.32 335.08 354.72 341.68 280.6 227.64 147.76 76 88.68 141.72 151.76 183.92 182.72 135.92 97.72 74.84 67.88 53.68 66.08 91.92 127.4 129.24 45.36 60.6 179.84 262.96 223.24 167.84 115.2 108.28 102.28 93.88 66.92 22.96 6.52 4.68 13.88 17.8 32 62.72 79.6 89.8 118.2 177.88 159.28 141.36 140.44 142.96 148.64 163.6 168.92 176.44 175.36 176.72 174.84 183.64 184.4 171.68 163.32 164.52 167.2 167.84 173.36 173.44 169.36 171.2 121.44 98.64 92.44 105.84 116.6 109.92 97.32
110.6 147.16 276.16 361.6 393.28 380.28 363.36 266.68 204.72 164.72 93.4 54.52 106.8 150.92 116.28 111.32 129.48 120.88 84.24 73.16 56.88 52.44 76.12 52.8 46.32 37.44 37.48 67.48 157.8 198.12 163.56 115.52 111.44 142.6 156.44 134.76 73.68 49.8 15.08 26.52 30.08 18.64 21.48 24.24 35.76 66.72 138.4 125.48 134.16 128.76 129.44 135.48 146.76 163.32 167.76 178.32 171.28 160.12 158 192.72 190.12 166.24 149.2 149.12 151.12 152.92 165.44 162.52 148.76 126.32 95.32 80.16 87.84 101 110.48 100.56 92.12
112.44 179.04 305.6 364.24 351.32 314.84 301.92 236.32 151.36 78.6 51 67.68 132.12 124.92 82.92 70.44 95.08 106.24 106.24 79.84 72.92 46.16 44.24 35.28 41.88 28.84 43.52 48.52 124.96 124.76 107.68 57.6 66.32 85.56 105.84 83.84 55.88 40.52 21.64 41.08 63.76 50.8 20.36 20.52 25.2 64.48 152.36 121.08 117.16 118.24 123.88 136.04 145.84 151.64 166.04 180.44 185.24 165.16 151.6 167.84 170.36 154.72 142.48 140.8 140.4 159.28 183.72 177.88 136 84.16 71.24 75.16 72.8 102.92 87.84 81.92 86.24
122.6 186.04 291.24 295.44 255 211.52 222.84 236.08 160.28 92.24 45.2 60.12 122.52 85.48 52.48 53.52 109.72 89.96 62.8 50.2 45.84 41.88 28.24 25.8 16.44 10.12 19.28 81 102.44 56.92 41.52 51.04 113.52 137.84 103.32 101.44 52.04 38.56 39.64 96.4 100 47.6 46.24 67.08 73.92 91.4 105.4 111.44 108.92 113.04 118.64 129.76 146.56 159.68 173.2 186.24 183.68 181.16 167.52 143 134.32 127.8 119.6 117.64 127.52 140.8 152.44 175.28 133.12 78.08 62.88 69.56 57.28 61.12 47.72 60.72 39.08
137.92 207.04 247.84 241.72 189.12 127.96 147.8 215.76 150.4 91.56 50.92 41.52 84.44 44.8 40.44 50.96 106.6 82.8 70.2 71.6 59.84 52.16 36.28 59.24 37.2 10.84 14 47.56 35.16 28.24 57.88 77.52 110.4 157.96 105.16 89.84 61.08 47.52 56.04 111.04 113.36 85.8 74.72 127.24 130.96 92.68 94.64 97.36 124.76 124.32 130.4 136.2 153.68 175.12 219.76 250.64 224.52 196.92 187.56 161.36 158.84 158.88 139.12 115.12 104.84 101.56 107 130.48 110.8 88.4 61.68 51 44.76 41.4 41.96 37.4 37.84
125.72 131.68 135 160.64 150.36 94.8 120.28 193.16 126.32 37.76 36.96 36.32 50 36.6 45.08 72.4 84.6 67.68 103.48 108.96 77.48 75.48 42.92 53.68 36.44 15.04 22.64 18.56 33.6 18.64 39.56 111.88 154.48 134.72 74.36 84.12 94.92 93.56 86.92 122 151.48 141.64 139.96 88.72 78.16 79.24 87.68 100.72 133.08 152.96 157.48 152.4 189.44 171.32 197.84 228.76 221.8 227.88 235.68 215.88 204.12 207.2 174.84 129.56 123.16 109.68 92.44 83.4 73.12 67.32 62.12 45.36 46.68 56.6 70.24 56.6 63
96.52 88.36 83.48 80.72 72.44 66.12 81.28 151.88 118.4 44.12 19.12 18.04 22.2 33.96 38.4 51.04 58.36 76.04 139.96 147.36 146.92 137.6 85.24 50.16 33.36 34.52 17.6 20.76 17.04 19.4 60.6 112.64 141.92 93.64 58.64 71.08 94.84 96.76 90.72 80.52 92.76 78.16 88.88 65.56 81.88 79.36 77.68 84 99.96 151.76 188.04 177.04 213.6 197.92 192.2 214.88 221.32 262.16 275.08 243.52 219.6 234.64 216.4 193.04 184.88 151.2 102.84 86.12 79.16 76.2 54.68 48.12 58.84 80.6 112.6 86.24 79.96
111.24 99.32 103.08 79.32 77.84 63.32 49.88 80.08 66.68 21.96 9.48 13.28 24.8 32.72 57.4 77.92 92.52 150.32 173.4 143.96 131.56 126.52 83.76 47.32 57.96 59.08 51.92 10.44 5.8 14.68 36.68 55.92 70.52 56.36 68.24 68.24 71.64 74.6 70.32 75.84 66.8 59.4 58.32 67.44 91.28 100.16 73.2 81.76 109.36 132.48 153.68 202.32 255.48 249 209.24 200.56 224.76 284.32 273.96 242.44 248.96 263.64 272.72 239.64 195.32 145 116.72 99.4 99.52 95.48 69.16 54.92 59.48 68.28 77.2 145.96 119.16
189.16 125.44 131 98.04 126.6 114.32 69 41.4 47.32 27.2 3.12 5.04 31.2 38.16 56.64 73.12 149.84 182.84 122.24 131.24 116.4 83.84 52.24 45.68 66.32 69.12 57.12 27.64 4.48 18.72 38.36 39.72 62.04 108.4 125.8 107.72 74.16 78.6 78.44 62.44 54.56 57.36 55.48 54.12 58 67.28 74.64 67.8 72.8 84.24 109.64 176.36 244.84 236.2 189.04 198.76 249.32 304.36 282.12 281.32 285.36 258.52 234.48 204.68 158.76 128.84 123.64 127.52 121.76 100.84 70.76 65.96 95.8 91.08 78.36 135.12 153.44
301.6 189.96 150.52 185.32 165.96 166.24 129.4 51.88 34.92 22.2 9.72 17.4 41.88 53.84 45.96 60.36 128 106.84 60.12 106.84 94.08 46.76 40.56 43.16 48.24 51.32 26.08 15.72 26.56 15.48 34 33.56 62.88 84.84 109.68 88.96 67.56 72.96 73.84 55.2 51.68 50.04 62.84 48.52 44.44 87.6 97.28 55.32 62.4 75.64 105 176.84 215.92 193.88 165.84 211.72 275.76 328.52 309.68 331.44 284.92 220.4 184.8 171.04 156.68 146.88 150.12 179.88 143.68 90.28 74.8 90.24 129.2 144.28 109.28 94.24 132.36
394.32 248 159.96 245.72 267.16 238.6 113.72 41.44 38.76 28.88 29.28 32.72 73.72 84.2 74.96 57.44 70.88 79.8 90.24 58.04 47.12 30.64 25.56 37 22.6 18.28 12.48 14.96 19.32 56.56 93.28 42.72 42.92 54.16 57.56 65.12 70.16 65.4 71.04 47.76 46.16 42 44.44 36.32 37.36 55.68 62.76 53.32 69.36 88.2 109.6 134.24 141.52 146.88 166.92 228.28 291.52 328.08 349.28 354.28 294.52 242.28 229.6 227.4 214.76 203 199.52 203.44 157.44 99.44 83.04 125.84 165.08 161.12 133.24 104.96 102.56
340.76 276.36 259.08 285.92 257.08 190.8 79.64 57.8 51.56 31.76 56.88 43.44 161.08 98.88 75.44 71.2 70.56 100.24 105.96 67.8 45.44 33.4 27.56 16.44 15.88 6.36 10.72 16.44 31.08 93.12 106.68 47.72 59.52 83.16 102.56 102.04 79.36 66.76 61.84 55.04 39 36.84 32.88 32.08 33.48 41.64 38.96 46.56 70.52 106.24 104.52 107.8 147.8 169.92 201.52 250.52 286.76 319.96 381.16 385.56 336.48 305.2 299.84 289.92 242.28 191.08 169.72 172.04 151.24 98.12 97.68 141.76 175.68 143.04 117.88 103.56 109.64
404.04 362.44 381.16 345.4 241.84 140.68 70 78.08 79.08 75.4 49 86.44 154.52 123.52 93.44 96.88 59.36 72.36 83.28 51.8 44.84 43.88 27.16 10.68 4.52 0.72 7.56 17.08 28.96 85.64 79.28 57.04 79.24 83.76 107.24 83.8 68.16 57.08 52.68 52.48 42.64 28.96 29.52 29.88 31.28 42.32 31.68 44.64 67.96 72.4 81.68 107.64 157.72 196.92 214.24 248.52 299.92 350.8 406.24 431.04 396.72 369.52 356.36 308.36 233.28 178.24 154.76 140.84 142.92 103.92 102.16 146.64 179.92 136.36 124.44 119.92 146.04
519.92 477.6 460.64 376.36 274.36 145.2 112.36 58.16 88.68 110.8 50.2 91.84 144.24 77.8 57.32 51.76 46.92 51.48 56.8 55.16 53 79.96 61.8 11.24 3.56 2.32 8.4 46.88 41.04 34.4 47.64 53.04 81.88 84.72 88.68 82.08 72.28 66.96 66.4 64.28 40.72 31.56 26 21.88 47.36 53.92 26 42.68 56.28 76.76 92.92 106.52 144.24 180.8 233.12 271.56 314.16 375 433.32 478.84 458.96 432.32 382 317.96 256.04 200.44 164.52 143.6 122.24 108.8 111.2 150.96 188.08 169.6 164.48 145.8 177.24
674.84 596.08 501.8 313.48 185.48 91.72 105.56 79.56 44.92 33.36 39.36 37.16 64.68 58.28 37.12 40.56 59.76 53.44 103.48 84.24 47.44 88.32 31.52 18.64 11.12 12.2 32.64 27.24 75.8 68.04 47.32 55 62.84 67.96 82.04 85.68 79.2 65.08 66.72 52.6 40.28 41.52 48.28 19.04 14.68 18.8 19.52 48.76 84.76 82.56 106.36 136.24 190.76 225.84 230.88 237.8 292.88 356.2 421.2 487.04 518.2 471.92 406.48 345.44 289.36 242.72 189.28 135.56 118.6 117.96 141.84 183.12 231.72 231.92 220.28 202.8 197.08
585.68 389.72 288.2 156.36 83.16 81.68 75.2 124.32 83.88 42.28 22.08 23.6 21.76 44 28.12 59.32 72.68 34.48 51.28 52.52 46.96 66.84 35.04 25.16 16.8 25.12 51.04 78.68 104.32 120.52 60.28 57.88 57.64 72.12 72 88.44 89.2 62.4 56.84 89.24 80.72 93.72 49.4 19.44 6.28 6.08 25.16 61.24 65.96 93.48 152.08 185.76 197.6 202.72 210.2 252.36 306.92 369.36 434.64 498.84 513.4 466.8 417.52 371.36 319.24 259.76 196.32 142.28 126.4 161.92 197.36 229.4 271.16 294.92 283.92 268.12 262.92
