B6_all_seraphim_analyses/Environmental_files/LASV_rasters/Accessibility2_NGA_0.04.asc
NCOLS 408 
NROWS 336 
XLLCORNER -7.19999999887477e-05 
YLLCORNER 1.9999752 
CELLSIZE 0.04166665 
NODATA_value -1.7e+308 
[rows 68 to 101 of 336, columns 308 to 384 of 408]
59.04 70.36 90.76 99.72 99.36 108.56 135.44 137.76 117.24 131.08 113.16 108.64 109.88 132.08 142 103.52 63.2 33.64 51.24 61.44 39.96 26.4 20.8 18.64 18.56 21.88 38.84 101.16 202.08 324.2 415.6 508.56 590.48 595.84 606.16 585.68 455.72 388.4 369.6 358.6 361.44 383.52 376.32 388.16 425.88 471.44 429.8 364.36 298.92 271.08 289.76 273.68 333.08 345.08 305.32 222.12 185.44 162.76 132.76 116.72 108.96 120 109.92 95.56 71.12 34.48 22.12 48.08 80.72 116.64 91.24 48.72 21.64 32.48 72.84 119.8 168.4
45.92 67.92 110.68 86 95.84 94.12 112.64 144.68 105.84 94.28 105.56 104.08 88.52 82.36 100.2 111.24 100.32 58.04 29.36 56.48 64.88 29.92 11.56 2.96 4.44 14.48 69.8 148.6 249.08 339.04 441.48 531.24 615.12 658.08 644.08 624.88 499.16 398.2 347.32 330.8 333.56 336.6 343.08 373.92 413.96 480.24 496.44 435.12 385.76 374.8 375.48 328.88 300.76 357.76 288.76 206.28 177.32 165.56 143.4 125.8 125.04 129.52 101.72 85.92 59.08 37.28 25.68 15.32 40.2 78.48 56.48 18.72 38.36 77.16 109.92 153.76 200.76
34.88 59.4 80.8 67.76 75.2 74.6 100.16 132.04 86.44 77.6 84.36 109.32 94.2 64.64 65.68 104.64 125.72 80.16 36.56 29.4 56.64 23.36 7.56 10.28 14.72 26.8 73.48 156.76 253.64 349.84 471.8 566.8 630.44 598.2 541.2 546.4 570.2 473.88 420.56 324.68 297.2 305.24 335.72 360.4 376.76 441.04 525.44 506.64 462.24 401.88 366.84 356.64 364.2 377.12 297 237.4 202.4 184.16 155.36 142.76 155.68 159.48 109.16 75.88 63.76 48.8 48.36 35.2 12.52 36.44 23.8 19.08 69.2 118.68 158.12 190.76 230.8
36.28 42.36 42.44 46.96 53.84 63.6 79.76 101.68 63.4 64.08 76.84 107.32 96.16 65.56 52.16 102.44 110.24 59.64 32.76 20.28 28.92 11.92 15.6 22.56 25.4 70.84 123.48 209.56 289.16 364.96 475.24 572.72 606.08 551.56 465.84 453.64 488.16 489.44 382.88 281.12 271.32 294.88 316.4 359.04 376.76 406.16 450.08 469.92 434.48 350.16 282.8 273.68 301.92 343.36 293.36 236.28 204.68 177.4 163.04 162.84 161.8 146.96 128 103.28 87.72 61.92 67.32 55.36 24.44 5.48 12.08 47.08 94.8 146.32 192.76 211.04 250.4
51.48 71.8 61.08 51.72 55.64 46.72 46.72 59.96 44.08 56.44 55.8 77.08 65.2 38.2 33.12 65.68 68 47.32 25.36 17.92 16.4 23.6 31.52 39.92 38.52 55.56 107.84 237.16 335.48 404.04 504.84 557.72 543.24 499.24 435.48 371.04 338.12 385 330.92 202.16 216.44 252.2 322.2 361.8 287.64 325.88 362.16 372.52 354.4 298.76 263.72 248.8 245.88 256.28 249.96 259.48 235.16 212.56 196.44 160.56 141.76 124.48 108.32 93.8 78.6 82.44 84.16 66.28 28.68 6.76 27.56 60.8 89.64 125.4 169.84 203.56 259.32
66.72 72.36 81.96 64.96 79.52 58.92 53.32 39.72 33.04 35.64 29.84 30.96 25.2 16.16 14 17.96 14.8 10 9.04 12.12 13.36 34.4 48.76 58.32 50.36 61.24 150.56 272.16 379.08 445.12 460.04 434.8 467.48 417.08 413.36 369.88 277.72 303.12 251.96 180.68 134.92 197.48 298.24 289.12 235.4 249.64 320.8 298.6 254.24 256.92 247.92 231.04 246.12 227.88 246.48 267.44 254.36 231.48 194.84 170.6 141.96 125.36 112.68 100.16 106.92 104.2 73.6 50.08 20.48 29.08 61.8 84.76 115.84 122.2 154.72 208.28 264.8
81.4 86.08 86.12 78.24 79.52 71.48 69.88 52.72 42.4 53.04 62.92 58.48 35.76 29.28 22.4 36.48 30 25.44 43.36 36.68 17.52 37.12 47.24 52.48 55.4 84.08 183.4 330.92 350.56 382.72 372.72 342.76 401.8 333.88 310.64 320.92 321.4 234.56 167.72 133.92 121.96 156.8 232.12 215.28 212.44 232.72 261.4 236 201.56 215.88 221 229.44 225.4 213.36 224.36 254.68 263.56 228.16 182.12 159.84 145.36 132 118.84 109.72 91.4 81.92 62 32.92 21.56 58.36 104.44 138.24 165.36 161.56 169.08 224.44 280.92
96.92 103.04 99.08 92.44 95.64 87.28 79.8 71.04 46.68 75.8 75.96 86.52 61.56 59.28 67.72 84.08 82.04 82.64 83.16 35.32 19.56 36.48 53.36 71.44 61.48 89.56 180.68 274.88 267.96 312.24 281.36 252.28 285.48 233.28 206.88 244.24 301 274.88 204.2 135.28 112.52 130.32 192.36 209.72 205.08 212.72 205.92 197.2 194.2 203.8 203.56 199.44 203.92 197.72 200.92 213.64 225.24 198.04 180.44 164.2 149.76 140.92 137.24 120.28 87.72 72.4 48.36 30.52 42.76 86.68 136.88 185.28 217.12 193.08 200.04 248 304.28
84.88 101.4 126.24 112.16 106.24 97.64 85.88 82.56 49.48 66.2 85.68 121.4 86.08 51.64 76.04 116.64 114.56 116.16 85.88 30.88 16.36 31.36 41.04 49.84 61.84 100.64 185.24 221.72 233.68 256.68 194.6 170.72 132.44 146.28 109.76 158.04 209.68 267.48 258.16 175.24 106.88 129.08 169.4 186.56 185.36 201.16 211.52 183.44 173.2 177.04 185.68 178.04 181.76 182.64 180.72 192.44 210.76 225.12 207.12 169.92 156.92 145.08 132.48 158 143.24 109.48 59.28 38.52 78.28 122.2 167.68 217.76 258.04 235.64 231.56 279.96 327.76
77.36 93.72 103.36 112.68 113.6 112.84 88.4 70.72 58.12 55.56 92.04 133.72 112.48 55.96 45.84 81.04 60.92 67.24 70.84 21.8 13.28 26.96 37.64 46.76 55.32 77.64 120.36 147.44 193.56 189.4 159.28 129.64 85.12 87.4 86.88 79.52 125.32 163.72 167.08 170.2 102.24 101.16 164.6 170.16 186.56 216.32 219.32 172.68 159.12 159.4 156.08 165.28 162.32 167.64 164.44 177.12 210.2 228.68 185.44 153.04 143.64 147.92 115.04 145.84 143.92 96.56 47.68 64.08 111.12 159.2 203.2 248.64 278.88 259.52 258.44 311.08 350.88
69.04 79.92 89.28 111.24 113.92 104.76 85.76 67.52 53.16 53.96 75.04 111.96 107 69.76 28.56 53.28 40.4 21.2 36 9.64 17.52 29.76 46.28 56.4 58.92 71.16 111.24 131.44 141.28 137.08 132.44 148.24 70.88 71.48 72.08 60.52 66.16 81.68 108.72 117.8 75.16 93.16 114.28 146.12 170 175.68 171.56 145.76 141.68 154.52 144.64 151.76 149.04 147.24 149.2 160.52 174.52 193.56 159.28 150.4 135.88 124.6 100.6 94.52 96.44 67.16 52.48 92.36 144.36 192.08 240.2 279.16 250.76 225.2 263.8 316.52 334
62.04 68.84 82.28 104.2 93.28 89.4 84.48 70.48 60.4 52.8 67.72 87.12 57.72 28.72 16.08 19.16 16.48 10.08 5.28 15.48 26.68 57.44 70.92 61.04 65.88 77.56 90.84 117.92 126.44 121.92 125.16 128.52 73.52 51.96 48.28 46.68 60.68 71.92 89.52 79.8 78.88 93.92 107.88 123.08 131.8 165.84 137.36 125.64 124.08 147.92 130.48 123.88 138.96 132.64 141.08 148.4 146.44 159.96 137.76 147.16 159.64 128 105.32 83.24 63.64 55.96 87.4 127.48 173.28 225.32 273.04 288.76 235.16 206.04 243.56 285.28 277.64
46.72 52.92 67.36 80.16 79.08 72.76 71 63.84 56.52 60 79.92 61.68 24.8 32.28 31 54.6 51.32 24.88 8.92 9.24 19.72 33.36 42.08 67.16 82.88 77.68 99.4 97.8 129.88 99.96 115.92 107.44 86.08 65.88 46.56 44.44 55.56 64.84 59.36 59.32 70.48 76.92 104.48 118.8 149.68 172.12 157.08 124.84 110.56 118.4 110.68 110.88 116.56 119.52 129.28 134.96 131.68 128.84 125.84 130.56 147.68 130.64 98.64 93.2 67.64 83.24 125.2 168.36 208.48 254.12 293.56 279.36 228.48 188.72 217.68 238.2 224.52
31.28 41.52 55.12 67.68 65.2 63.68 61.28 63.64 48.48 58.36 62.72 34.64 47.8 46.32 49.32 65.56 44.4 30.72 26.76 21.68 20.08 28.4 48.68 75.68 75.84 80.76 94.92 88.8 98.16 80.56 88.2 88.4 103.52 70.08 56.64 41.8 47.52 53.84 50.84 52.8 57.76 66.44 86.08 111.92 150.72 187.6 153.68 126.32 102.44 114.28 108.04 92.2 95.32 108.08 113.24 120.4 117.88 107.68 119.12 111.8 120.92 123.92 112.28 92.6 75.2 116.28 163.52 206.12 241.08 250.16 247.76 232.24 210.16 175.4 193.36 194.16 179.44
32.04 42.32 55.48 58.08 51.04 53.84 52.64 51.32 46.8 51.16 38.2 36.6 84 76.92 64.04 65.6 61.04 33.4 36.2 26.32 15.68 31.48 45.32 70.4 57.36 76.92 86.2 97.32 78.28 64.76 65.52 71.52 94.48 49.44 30.16 42.2 44.68 42.8 42.44 55.72 67.44 74.44 81.92 119.08 143.6 140.88 142.68 132.2 99.84 100.16 82.12 76.36 88.76 90.12 97.2 107.12 105.08 94.8 96.84 101.4 110.96 104.2 105.08 79.2 106.48 155.92 177.72 197.88 201.68 193.72 191.32 173.52 161.88 155.96 161.08 166.76 187.76
25.8 35.28 53.16 60.44 44.16 38.08 49.16 38.72 41.36 35.56 38.04 66.04 111.32 118.12 94.92 65.08 46.52 48.24 44.32 26.48 17.2 21.52 30.52 44.64 53.56 73.84 107.84 94.72 82.36 71.2 49.96 56.16 69.04 26.48 33.4 37.48 28.92 35.48 45 58.88 85.64 88.6 78.44 100.36 125.72 106.52 101.24 118.48 96.88 70 60.96 59.48 67.76 77.48 106.76 104.36 95.16 85.6 84.76 82.76 92.08 88.08 88.44 91.8 123.08 130.6 127.44 140.12 144.12 138.36 140.04 140.76 158.4 169.76 181.04 207.04 235.68
14.2 27.08 41.48 53.96 39.72 29.28 29.08 33.6 39.88 42.64 51.96 84.92 117.64 126.28 81.76 57.72 57.08 59.52 50.68 36.72 25.8 22.16 28.36 40.2 66.2 79.6 86.8 86.56 86.44 57.12 43.84 33.28 29.96 16.56 24.04 23.28 41.96 46.2 57.44 80.6 106.2 119.08 88.56 88.08 90 89.32 83.76 98.84 109.68 76.64 56 46.72 54.16 70.8 102.76 108.8 89.72 70.12 65.8 72.32 89.04 87.36 84.84 96.12 104.92 116.84 124.88 124.12 134.92 145.28 158.6 172.84 206.28 204.24 232 260.88 288.04
13.96 13.48 20.56 27.08 26 30.76 42.88 44.64 40.8 57.48 57.88 70.6 74.96 98.88 82.68 69.76 69.4 92.4 88.12 52.92 31.96 30.64 25.44 36.08 55 81.64 71.48 105.28 100.96 48.08 34.8 21.36 24.56 11.24 11.64 24.16 36.36 49 60.2 70 87.52 121.48 105.28 100.64 109.16 86.84 69.92 71.64 79.08 96.6 69.88 39.76 37.52 54.52 67.84 80.36 68.64 59.8 83.52 106.96 117.08 123.2 107.72 111.2 131.28 165.64 181.12 178.44 191.84 201.84 216.44 228.84 252.4 242.24 252.44 305.72 341.88
28 23.92 16.44 24.24 41.24 43.44 49.12 41.6 48.76 68.76 79.96 99.36 92.96 109.84 97.4 87.28 79.24 83.16 74.32 48.4 48.52 67.48 33.24 29.96 41.84 55.32 68.12 71.88 67.96 40.08 33.44 14.44 7.96 2.52 7.32 18.28 37.24 50.2 61.88 50.72 61 76.28 84.2 88.44 91.84 99.76 86.2 65.36 58.72 69.68 101.24 55.76 38.2 33.28 39.04 46.68 61.72 81.92 127 164.76 174.28 176.6 140.96 124.52 131.88 164.08 216.44 235.96 249.8 260.04 274.4 286.88 307.32 283.76 271.44 323.2 379.88
28.52 35.08 31.48 32.32 46.88 51.76 47.88 39 61.08 69.68 83.48 88.92 111.44 100.16 95.92 95.8 87.48 70.88 59.2 64.64 59.36 53.28 48.76 31.08 55.72 56.72 62.68 50.8 41.08 35.2 28.8 11.96 1.76 9.16 20.2 27.6 39.2 54.28 75.28 63.72 39 40.28 59.08 64.8 69.8 81.44 97.28 70.44 56.48 60.92 118.56 62.88 34.56 39.68 77.36 90.24 114.36 135.08 150.08 136.28 158.16 172.12 167.6 138.4 155.64 153.2 197.32 250.48 296.16 318.12 332.92 344.8 357.36 317.88 297.56 342.2 398.96
35.56 46.52 46.8 47.24 50.16 45.76 41.44 38.4 54.56 59.8 64.48 73.8 85.52 98.4 95.04 103.68 91.88 77.92 66.68 70 74 68.28 70.2 43.88 46.52 58.88 73.6 61.88 56.8 37.88 23.88 13.64 15.76 17.4 35.96 50.12 43.96 39.4 53.52 84.36 78.04 36.52 43.16 49.08 61.48 67.8 87.6 76.88 40.16 72.68 126.04 82.32 31.92 33.36 85.76 117.48 121.32 120 93.12 89.16 104.96 118.12 142.44 146.68 154.76 166.92 184.96 238.32 295.12 351.08 388.72 401.36 391.2 353.12 313.04 332.44 389.32
37.96 48.56 56.8 63.24 56.84 41.88 31.96 38.44 41.04 45.92 58.52 86.6 103.6 108.68 93.36 92.36 88.68 82.68 75 84.08 83.52 71.88 62.12 42.64 36.64 46.52 60.04 46.64 40.56 24.96 15.2 36.12 33.12 32.88 37.56 48.88 68.44 61.56 52.56 50.16 59.4 65.4 34.2 37.56 47.16 59.04 65.68 64.24 33.92 80.6 90.12 53.68 20.28 29.64 64.72 63.88 68.24 69.88 75.48 93.08 97.68 107.6 120.2 135.76 152.88 171.04 214.48 262.04 317.88 373.84 422.2 407.44 365.48 324.68 285.32 311.96 368.2
27.92 39.08 50.04 61.52 53.36 40.36 32.32 42.52 41.56 43.36 45.76 55 68.64 85.68 81.8 75.64 73.08 77.36 78.04 85.16 88.6 73.04 59.6 56.4 44 48.76 65.52 42.16 20.88 19.4 37.76 50.88 48.48 47.28 40.16 61.12 79.96 99.72 81.76 53.16 61.48 96.6 53.64 30.64 28.2 31.76 37.44 45.72 31.56 65 55.36 43.64 19.32 11.48 31.44 30.52 36.12 46.4 65.52 75.88 89.8 106.88 121.8 136.96 150.64 171.04 214.96 272.2 332.56 389.04 398.28 364.72 326.84 284.36 252.64 290.8 348
18.2 31.04 43.48 49.68 41.92 32.52 32.36 44.24 56.2 60.84 53.32 55.44 53.08 56.8 63.48 68.6 60.44 69.04 66.04 72.72 74.52 78 77.56 62.6 49.32 43.56 55.92 42 19.84 43.8 69.32 85.64 79.6 64.84 54.12 57.84 63.24 73.96 65.28 52.44 62.32 75.32 99.2 99.4 52 26.24 23.4 20.48 33.76 65.28 26.8 16.24 5.44 2.88 9.64 12.92 25.28 49.12 96.48 119.44 128.36 146.2 137.64 155.4 190.76 218.72 246.6 293.96 349.84 368.88 342.4 317.8 283.64 245.68 224.4 273.48 329.88
11.12 20.08 32.08 44.04 35.96 24.36 30.84 47.4 62.28 65.48 66.44 75.8 72.48 71.28 66 58 52.8 51.04 55.04 57 56.8 65.72 71.32 61.4 49.88 38.72 40.56 31.04 25 55.4 91.04 107.84 104.44 85 82.8 76.4 84.56 111.2 87.28 58.12 72.84 84.04 108.04 121.8 55.48 34.28 32.8 20.4 17.28 26.04 18.92 3.72 0.68 0 0.24 7.08 25.92 53.28 106.56 134.28 153.84 173.36 185.64 198.24 219 248.32 279.32 318.96 357.44 320.4 285.08 260.44 236.48 203.4 201.32 256.56 296.16
4.24 12.4 25.04 40.12 32.12 19.44 30.92 46.8 55.6 53.72 63.84 74.08 92.84 86.92 78.04 67.24 63.32 53.32 44.88 41.6 53.32 63.44 60.44 60.92 46.28 37 33.72 26.76 38.16 55.8 69.48 99.68 107.88 98.8 82.4 89.8 122.88 125.32 79.6 57.48 74.8 86.44 125.52 75.48 33.16 32.2 36.16 34.92 40.48 15.32 18.04 9.4 0 0 0 2.16 32.36 76.8 87.2 77.2 102.2 133.52 150.4 154.04 166.88 199.2 243.88 295.16 319.88 283.76 232.92 203.28 180.84 160.24 185.12 236.48 239.44
12.28 8.56 18.72 34.2 27.76 17.12 26.88 43.28 51.76 40.64 43.64 55.24 73 78.16 72.28 58.88 69.76 65.64 52.92 37.64 49.72 59.84 50.16 47.64 40.2 36.56 28.48 34.24 50 67.16 74.92 89.76 113.76 122.4 112.08 99.48 104.16 87.56 67.72 62.36 80.6 104.24 114.44 56.24 41.2 49.8 63.04 58 43.6 19.44 15.52 10.44 3.04 8.04 3 4.56 27.2 60.8 36.12 28.04 49.6 80.12 91.24 91 116.56 168.4 228.04 239.48 263.36 259.36 197.24 147.36 133.84 122.88 169.72 187.28 177.24
23.72 19.56 12.92 27.2 31.88 14.04 27.04 38.52 40.96 28.12 29.56 32.16 58.12 86.6 56.28 57.88 79.64 64.88 49.12 36.84 41.92 55.24 46.72 39.2 34.76 34.76 35.76 47.88 59.08 75.32 93.92 95.24 107.4 148.8 153.48 108.52 100.08 95.88 74.72 73.92 79.2 92.32 95.64 63.04 60.44 59.08 76.56 107.68 60.44 35.16 35.76 22.92 29.72 44.8 14.28 12 14.04 21.2 36.88 45.92 34.76 35.52 38.2 47.4 91.92 150.72 184.32 181.48 208.84 229.36 180.72 126.24 103.04 115.72 155.08 135.08 121.52
40.84 32.68 24.64 17.72 40.68 13.72 20.36 28.6 22.92 13.64 6.12 12.8 30.8 44.24 38.48 51.04 66.8 44.64 41.08 36.8 31.4 34.76 39.04 42.76 44.84 42.36 37.84 49.76 60.2 69.08 76.72 85.84 100.16 117.24 112.48 96.12 85.92 72.12 70.64 88.04 96.04 105.36 141.52 113.44 99.92 111.48 136.4 141.76 93 77.84 77.48 47 58.24 68.88 56.28 14.28 29.96 26.08 71.4 101.64 97 78.08 66.04 39.32 75.88 113.52 116.36 121.76 161.72 197.4 152.72 108.12 89.52 91 114.52 127.36 109
44 41.44 28.2 25.68 16.08 12.2 13.52 19.2 10.72 3.64 0.6 8.32 20.16 23.76 28.12 39.92 44.08 35.8 26 31.52 43.48 49.08 55.28 59.56 52.28 48.2 40.84 58.76 66 78.36 86.64 99.52 114.44 109.72 103.48 94.6 80.24 74.08 81.92 94.76 108.4 145.84 158.44 122 136.08 163.2 190.08 183.16 156.24 135.88 100.8 99.96 70.72 90.08 93.24 38.4 31.28 49.88 70.92 116.56 155.6 151.6 116.24 64.32 45.88 57 59 78.08 119.16 136.04 142.36 91.48 79.92 77 109.16 124.72 109.36
27.92 31.08 26.8 27.76 27.28 10.12 3.48 7.92 1.08 1.88 5.72 8.64 8.84 15.24 22.88 20.84 20.32 23.08 34.92 42.64 58.84 91.4 66.08 69.96 59.24 55.88 47.24 49.2 73.84 87.84 99.76 114.04 114.04 115.28 100.44 81.92 80.24 79.16 82.28 83.44 105.6 108.2 121.76 130.36 122.56 136.48 149.2 172.96 186.84 141.6 97.84 81 61.68 130.12 149.2 73.28 28.4 77.68 101.24 142.68 198.2 204.08 155.6 114.92 91.28 77.6 63.68 59.6 63.88 79.4 110.76 84.2 71.2 87.84 113.36 96.88 113.52
15.24 14.44 14.48 9.92 9.52 5.96 2.08 0 0 3 9.84 17.84 17.36 23.48 19.72 23.52 28.8 36.64 48.04 61.72 65.6 118.6 87.24 72.68 74.8 81.68 87.4 53.76 66.92 105.08 127.92 125.48 113.8 129.8 85.8 100.92 139.24 128.04 122 108.84 92.16 95.36 121 163.76 169.36 160.92 154.8 175.12 165.16 123.08 98.68 84.36 74.76 111.56 156.36 95.96 29.92 65.92 125.48 143.52 188.92 241.16 210.6 180.52 157.04 142.4 121.76 113.08 100.28 73.48 67.48 74.2 81 87 83.64 113.2 150.44
28.28 20.28 20.92 24.56 12.8 6.28 1.72 0 0.12 11.2 18.28 27.68 33.88 32.8 34.6 38.76 46.52 54.32 59.76 80.88 76.12 123.88 93.12 80.4 119.44 149.36 153.44 95.36 58.04 77.04 109.04 95.84 120.08 104.04 87.24 141.08 184.88 163.48 132.84 128.68 138.56 134.24 134.2 140.6 150.52 189.68 213.08 224.04 198.88 181.44 127.52 109.68 123.44 86.28 128.72 125.08 51.12 42.48 112.76 172.48 187.6 248.8 284.64 245.48 225.28 208.32 186.76 184.88 165.68 136.4 107.56 86.36 73.12 74.08 92.04 99.52 114.24
41.08 35.28 37.6 31.24 24.64 16.96 4.4 6.28 4.96 5.28 14.44 19.84 30.88 38.04 48.32 53.6 59.76 79.32 80.24 83.68 89.64 112.44 91.48 93.52 124 183.96 191.44 112.16 64.52 58.32 78.92 88 104.56 77.92 94.4 114.52 147.64 141.68 173.28 185.76 179.36 174.92 150.84 118.76 138.12 167.92 233.72 249.28 247.28 216.72 158.32 124.96 141.92 113.32 136.64 150.88 90.76 37.64 91.84 153.68 200.88 269.2 330.36 310.52 289 271.36 252.72 252.36 227.64 203.76 172.4 150.84 107.52 80.72 78.96 87.16 92.52
