B6_all_seraphim_analyses/Environmental_files/LASV_rasters/Annual_precipitation_all_0.04.asc
NCOLS 816 
NROWS 336 
XLLCORNER -17 
YLLCORNER 2 
CELLSIZE 0.0416666666666667 
NODATA_value -9999 
[rows 111 to 147 of 336, columns 664 to 746 of 816]
733 727 725 717 711 708 701 696 696 696 687 680 684 684 685 683 679 675 688 673 669 663 660 662 657 659 661 661 662 663 664 667 666 663 664 668 667 664 662 663 663 662 660 659 659 659 658 659 659 661 660 661 661 661 662 662 661 661 663 663 665 665 663 665 667 666 667 666 666 667 668 670 668 668 667 665 664 665 665 658 655 654 654
742 734 729 723 718 717 713 705 704 703 696 693 694 693 694 688 682 678 680 683 674 669 672 672 667 666 667 670 671 672 676 679 678 676 674 676 677 674 675 675 672 672 672 672 671 669 669 670 670 672 672 670 673 672 671 671 671 672 675 675 673 672 674 677 676 677 677 677 675 678 678 676 677 676 677 677 675 676 676 674 671 669 665
746 739 739 732 726 724 716 712 714 714 707 703 698 699 697 699 686 684 683 686 683 677 676 674 672 672 675 678 684 685 685 689 689 683 683 684 686 688 686 684 683 684 683 684 684 683 681 683 682 684 684 683 684 684 683 683 682 685 686 686 686 684 686 689 689 689 689 689 689 690 690 688 690 690 692 691 689 690 688 687 682 679 676
750 747 744 737 732 730 723 722 722 723 720 717 711 702 700 698 693 692 689 689 689 682 680 680 681 682 684 686 692 691 692 699 696 696 697 696 697 695 693 695 695 692 696 696 697 693 694 695 694 694 697 694 695 693 693 695 696 697 696 695 695 697 698 700 702 701 701 702 703 701 700 702 702 704 707 707 705 702 699 696 695 690 686
758 754 750 748 740 738 731 732 733 734 733 729 722 715 705 698 699 699 701 699 695 691 691 691 692 692 692 694 697 702 700 702 704 706 709 706 705 706 706 706 704 703 709 707 709 706 706 707 707 705 704 706 707 706 705 704 705 705 704 705 705 707 709 711 713 713 715 715 715 714 712 714 717 720 739 723 719 726 710 705 705 699 695
766 762 760 758 747 747 741 741 743 740 731 732 726 717 714 711 707 708 705 705 704 702 701 700 700 698 699 703 702 706 709 714 715 717 720 719 718 719 716 718 714 716 719 718 721 717 719 718 715 717 718 716 715 716 716 714 716 715 715 713 714 720 720 719 722 723 722 726 726 725 724 725 730 741 791 739 733 728 723 717 716 711 710
774 771 768 764 757 755 749 747 746 737 727 732 727 732 725 723 721 720 715 717 717 714 710 709 709 710 712 711 710 716 721 727 727 729 730 730 729 729 729 728 728 728 731 728 727 729 730 726 727 725 727 725 726 726 727 727 723 723 725 726 730 730 732 731 733 733 733 736 740 741 740 740 748 781 786 751 746 740 733 729 726 725 723
781 778 775 771 765 760 758 757 753 747 739 735 733 732 732 731 727 728 729 724 727 726 721 722 722 720 718 721 718 726 734 738 737 738 735 734 735 736 737 736 736 737 739 741 741 742 740 738 740 737 739 737 738 738 736 734 734 735 737 738 740 741 742 743 744 745 747 748 753 759 760 756 761 811 816 767 762 754 744 740 738 758 738
788 786 779 776 786 779 764 764 761 757 751 754 749 743 742 740 741 739 734 740 736 732 734 735 732 733 730 731 738 741 748 750 750 749 746 746 746 746 743 742 746 745 748 748 752 752 751 751 751 753 753 752 749 750 748 746 746 749 750 751 750 751 754 757 757 757 760 765 764 773 772 770 777 841 828 798 790 765 757 753 755 770 768
791 789 805 800 779 781 776 774 774 770 767 763 760 755 752 751 751 752 747 743 748 740 743 739 737 737 740 743 752 758 760 761 760 759 759 758 756 754 755 752 753 754 756 757 761 760 758 764 761 763 763 764 763 764 764 765 765 761 763 761 760 762 765 769 769 768 773 776 778 779 781 786 823 865 838 823 826 775 766 767 792 802 779
805 809 798 796 790 790 789 787 785 783 780 776 779 774 764 763 761 760 756 753 751 753 755 747 748 748 748 748 754 765 769 775 775 771 770 769 768 766 761 762 759 760 761 762 765 766 768 771 772 773 772 771 772 777 777 775 775 775 773 773 771 774 779 779 779 783 787 788 791 792 799 804 841 887 864 830 802 790 779 781 830 821 793
823 808 803 802 798 797 800 800 798 797 792 789 793 791 783 775 773 768 766 761 755 760 757 757 758 754 754 758 762 768 779 783 787 783 783 780 778 776 773 770 767 769 771 770 770 771 776 776 778 779 778 779 783 785 786 789 788 786 785 786 786 783 787 790 791 794 796 801 804 807 816 830 886 899 893 862 817 801 799 807 827 835 815
823 820 816 813 809 808 809 810 809 810 807 804 805 800 796 785 782 789 775 769 763 767 759 764 765 769 767 770 774 777 783 789 795 797 801 794 787 787 783 779 781 779 780 779 778 776 781 782 786 786 785 788 793 795 798 798 800 798 796 798 796 797 801 805 803 806 810 820 819 822 832 842 897 906 911 866 838 826 836 854 843 849 818
830 831 833 827 819 818 819 822 822 821 820 814 809 803 799 794 789 792 782 775 770 774 770 774 775 776 776 777 782 785 791 799 806 811 812 806 798 795 791 789 789 792 793 789 786 787 788 791 791 793 796 799 802 804 810 811 811 809 808 809 810 810 812 814 815 818 824 846 869 854 855 892 920 915 914 910 895 870 870 862 846 842 836
838 841 843 842 831 830 832 828 827 825 823 820 812 812 811 801 795 793 789 783 775 782 777 781 785 784 782 785 788 793 801 809 813 820 824 817 810 806 799 799 799 798 799 797 796 796 796 796 797 802 804 804 806 814 817 822 822 819 817 819 824 826 824 822 825 830 838 857 896 884 906 924 926 925 919 912 897 886 882 859 848 846 833
849 849 849 843 839 839 838 835 834 832 825 821 821 823 820 813 805 796 794 799 788 785 785 786 789 789 786 792 799 801 807 817 822 827 833 829 821 815 810 807 810 809 808 809 807 808 807 804 805 809 812 816 817 820 825 830 834 829 827 830 830 839 835 833 835 842 848 856 893 919 934 935 929 927 929 925 905 887 872 860 844 854 842
861 857 852 844 843 844 844 839 834 834 827 827 832 827 825 816 812 826 811 804 796 802 798 793 792 792 793 797 806 814 818 825 830 834 837 839 834 830 823 820 820 819 817 818 820 820 817 813 815 819 824 826 830 830 833 837 841 839 839 839 843 845 843 841 848 851 859 865 876 908 941 940 935 926 927 916 909 890 887 864 847 840 829
865 862 857 849 848 853 854 849 836 835 831 833 835 833 833 824 820 828 818 810 804 815 809 800 796 798 801 810 817 823 831 834 834 837 841 849 848 848 838 830 831 830 827 825 826 828 824 820 821 826 829 832 835 837 839 845 850 851 851 848 854 853 850 855 864 867 881 885 893 928 950 944 939 931 917 899 903 883 893 867 864 836 831
867 861 860 856 858 857 856 857 845 839 834 834 838 843 838 833 827 822 821 815 802 806 808 810 817 814 818 824 826 832 837 842 847 854 853 856 868 868 858 848 843 839 840 835 829 835 831 824 835 831 831 835 842 846 848 852 858 863 862 861 862 860 859 866 876 891 916 927 906 946 955 952 945 940 924 899 883 875 882 866 851 835 827
872 872 867 868 862 864 865 866 862 855 846 848 850 845 843 837 849 849 827 809 807 816 822 825 826 827 826 829 841 843 846 849 856 861 866 873 875 882 875 865 855 846 842 841 837 838 837 834 842 839 843 845 848 853 856 860 865 871 871 870 870 869 873 874 915 914 946 960 928 955 964 958 942 921 915 896 889 874 882 864 863 836 827
881 883 877 872 869 870 875 876 877 871 863 864 868 861 850 857 870 853 827 807 827 835 839 840 840 839 836 852 861 850 851 846 850 860 877 885 892 900 894 879 870 860 852 843 843 836 841 844 853 850 856 857 856 861 865 865 869 874 884 884 881 882 880 885 912 937 956 975 967 959 969 966 936 922 907 891 884 878 900 869 853 841 831
886 887 882 877 880 883 884 886 888 884 880 880 885 875 864 856 862 865 843 824 847 845 847 848 844 847 850 860 864 851 846 852 860 870 882 890 886 888 888 881 873 861 854 849 848 847 848 858 858 862 865 868 867 870 875 876 875 879 886 890 892 893 892 896 898 931 951 974 967 967 974 974 946 933 909 893 885 877 889 873 854 841 834
894 892 887 886 890 890 894 895 894 892 888 890 889 881 872 860 865 879 855 831 850 866 860 849 845 852 862 854 852 850 856 858 863 879 897 897 863 864 859 871 865 862 857 853 854 855 868 864 865 872 876 877 878 879 882 889 888 887 891 894 902 895 901 910 910 929 925 952 960 968 969 974 956 932 910 895 888 879 893 868 862 850 841
902 900 897 895 897 898 900 900 903 899 897 888 894 885 875 887 894 868 861 845 881 857 853 851 854 860 861 857 857 860 859 862 872 887 897 880 875 854 848 854 855 860 857 857 861 867 883 876 877 882 885 889 888 891 892 897 894 899 901 904 909 904 907 911 914 939 954 952 959 967 966 967 963 947 926 901 888 878 874 867 874 858 846
911 908 904 905 910 908 911 915 914 913 907 908 901 892 883 885 891 879 873 869 885 865 861 861 866 869 867 858 859 865 875 872 875 888 899 873 862 857 875 867 866 868 868 870 880 878 882 891 891 889 893 896 898 899 903 908 905 908 909 913 914 914 920 921 925 939 957 956 951 959 961 962 957 946 937 928 902 885 875 864 860 857 848
918 912 911 912 915 919 924 925 924 928 926 921 907 897 891 895 897 888 888 874 871 888 878 874 876 877 871 869 865 870 878 885 888 898 893 867 863 875 887 894 885 875 874 874 884 885 888 894 903 901 901 906 905 908 911 916 912 919 921 924 926 924 925 939 953 952 956 960 958 955 951 960 954 946 935 920 903 891 882 872 863 858 851
920 918 920 924 924 928 934 938 942 942 939 923 924 906 901 908 929 909 893 890 886 885 885 879 883 879 878 874 878 883 892 889 890 887 878 868 878 888 895 901 897 886 885 890 894 894 897 906 911 914 914 912 915 917 926 927 924 930 927 924 933 935 946 942 951 963 984 967 963 947 952 964 950 948 931 914 906 892 884 881 870 861 856
928 927 929 928 927 932 938 944 938 937 937 927 921 919 910 933 938 935 916 920 895 892 885 893 885 884 895 893 887 893 895 890 892 883 877 895 905 904 916 917 918 905 908 904 909 911 909 918 923 928 925 927 926 928 940 943 936 935 929 930 936 942 952 953 954 970 977 974 972 957 952 941 935 937 919 908 919 900 890 880 874 865 862
937 938 936 936 936 936 948 945 940 938 947 936 928 926 928 951 941 933 935 925 909 899 894 897 898 898 896 894 901 906 902 893 888 886 897 917 930 929 934 933 935 926 924 917 920 920 923 931 938 954 940 937 938 942 963 960 948 937 934 939 945 955 963 970 978 1003 1006 995 981 981 965 952 935 929 916 909 924 918 898 883 876 873 867
943 941 940 940 941 943 944 946 944 946 954 942 935 937 956 957 946 931 922 923 923 916 911 908 907 908 906 902 915 915 909 904 898 895 916 923 948 951 946 945 949 947 941 936 937 934 934 938 946 953 949 944 939 948 967 949 949 953 939 946 955 970 1006 993 990 1006 1014 1006 995 991 981 950 936 923 919 912 905 911 895 890 883 876 869
948 948 951 948 950 956 956 956 956 965 964 950 946 940 951 959 936 931 925 926 933 931 929 917 921 911 913 910 917 919 915 914 911 908 922 943 964 964 960 962 963 961 953 954 950 950 947 950 953 952 952 952 946 945 950 947 951 952 945 951 961 982 1016 1030 1021 1012 1004 996 981 969 978 962 940 933 917 913 912 904 895 889 885 879 876
953 956 961 961 964 970 977 967 966 972 968 960 956 945 944 945 943 940 938 937 943 940 932 923 924 925 924 919 920 920 925 924 915 929 926 949 971 972 975 978 977 976 966 965 962 961 957 963 958 954 957 953 950 945 948 949 952 948 949 958 971 1008 1041 1035 1009 986 988 1006 976 961 957 943 958 960 925 915 909 904 898 891 886 882 886
965 968 969 969 980 984 984 972 969 972 974 966 963 955 952 943 947 947 958 953 941 943 938 938 936 938 939 933 931 931 940 938 933 933 938 955 961 970 979 983 989 986 983 979 967 968 965 959 962 955 959 952 950 947 949 951 947 951 958 965 989 999 1024 1011 1001 975 967 976 962 955 948 943 974 984 944 923 915 909 901 896 888 887 881
972 975 978 983 987 996 987 979 977 976 973 970 967 962 956 954 955 951 951 970 968 962 949 947 953 962 952 946 943 946 939 935 941 942 948 970 976 981 988 990 985 985 985 978 969 967 968 970 960 956 960 957 956 950 950 955 956 957 961 970 982 975 971 971 986 992 987 975 953 956 941 959 979 962 939 926 917 912 907 899 891 886 883
977 983 991 992 996 1000 991 986 983 981 981 976 973 970 968 968 967 965 973 972 966 956 955 968 965 958 973 962 963 953 951 947 950 951 969 989 989 993 995 994 986 982 990 983 976 970 966 970 963 955 967 964 957 956 959 963 967 974 980 979 976 969 967 974 981 982 983 978 949 947 943 955 956 942 934 925 921 915 912 901 895 891 889
985 995 998 999 1007 1005 998 992 988 988 991 987 985 987 986 981 971 972 970 977 972 969 961 967 983 990 995 988 968 980 983 952 959 958 963 975 988 993 996 989 992 983 982 989 1001 982 966 967 961 961 971 964 961 964 968 969 977 993 1001 989 984 971 973 976 984 980 990 961 949 949 943 950 957 952 935 926 922 916 913 901 897 896 898
1000 1002 1006 1009 1018 1006 1000 996 992 992 994 994 999 1001 997 990 990 988 988 1004 985 984 1006 994 997 1014 1028 1008 974 995 995 957 954 962 965 968 980 986 994 994 984 985 979 980 977 974 967 969 964 962 974 967 966 974 985 990 980 980 989 984 988 974 968 970 978 971 960 953 952 951 945 961 965 963 942 929 923 915 906 901 898 899 895
