B6_all_seraphim_analyses/Environmental_files/LASV_rasters/Annual_precipitation_NGA_0.04.asc
NCOLS 408 
NROWS 336 
XLLCORNER 0 
YLLCORNER 2 
CELLSIZE 0.0416666666666667 
NODATA_value -1.7e+308 
[rows 190 to 227 of 336, columns 0 to 83 of 408]
1278 1261 1252 1251 1275 1310 1296 1308 1308 1365 1420 1361 1321 1347 1415 1352 1352 1355 1359 1342 1279 1242 1216 1196 1183 1183 1179 1176 1181 1169 1150 1151 1158 1134 1114 1092 1068 1078 1070 1063 1052 1043 1042 1036 1043 1047 1048 1054 1025 1038 1037 1034 1039 1026 1038 1034 1039 1035 1056 1069 1080 1077 1076 1081 1081 1071 1078 1092 1101 1104 1093 1096 1103 1111 1106 1123 1128 1114 1117 1122 1138 1139 1147 1148
1304 1273 1265 1276 1320 1323 1318 1318 1319 1386 1443 1364 1335 1349 1381 1374 1387 1375 1386 1320 1286 1241 1218 1201 1181 1184 1181 1160 1170 1171 1149 1141 1149 1125 1111 1088 1069 1064 1048 1042 1042 1020 1034 1032 1037 1044 1048 1054 1035 1036 1036 1042 1044 1040 1050 1052 1053 1053 1070 1079 1089 1083 1080 1092 1087 1083 1089 1101 1111 1111 1109 1103 1106 1104 1106 1121 1124 1115 1125 1132 1170 1144 1139 1135
1307 1273 1263 1295 1327 1322 1315 1326 1337 1392 1447 1366 1338 1343 1383 1386 1393 1389 1391 1317 1294 1255 1223 1203 1184 1187 1189 1166 1160 1172 1165 1142 1133 1119 1103 1080 1072 1062 1043 1026 1019 1009 1015 1018 1031 1039 1046 1055 1034 1035 1060 1049 1061 1067 1075 1067 1064 1068 1083 1092 1090 1093 1087 1092 1088 1090 1105 1111 1110 1116 1111 1113 1108 1115 1108 1118 1136 1129 1139 1149 1164 1153 1150 1156
1324 1272 1272 1291 1322 1314 1310 1342 1351 1386 1445 1374 1346 1355 1387 1367 1388 1381 1390 1340 1305 1264 1238 1216 1203 1208 1212 1175 1165 1176 1176 1148 1122 1109 1100 1098 1077 1063 1052 1032 1011 1003 1008 1012 1027 1036 1042 1058 1031 1056 1065 1057 1061 1084 1088 1077 1077 1081 1089 1095 1092 1096 1095 1099 1095 1102 1113 1114 1118 1128 1115 1119 1108 1114 1117 1129 1138 1127 1143 1153 1147 1149 1154 1160
1334 1276 1272 1275 1295 1291 1315 1354 1370 1426 1472 1394 1363 1369 1389 1374 1387 1387 1367 1350 1329 1287 1248 1228 1225 1205 1206 1194 1179 1176 1180 1164 1129 1118 1103 1095 1077 1058 1053 1034 1021 1010 1013 1020 1027 1030 1039 1038 1041 1056 1068 1080 1080 1102 1094 1088 1093 1090 1101 1105 1096 1105 1106 1103 1104 1106 1118 1119 1127 1131 1125 1121 1113 1125 1131 1139 1145 1131 1141 1140 1143 1153 1158 1159
1336 1280 1286 1289 1287 1299 1329 1372 1389 1466 1428 1392 1384 1393 1445 1430 1421 1410 1402 1378 1340 1309 1268 1256 1241 1207 1191 1183 1167 1168 1169 1166 1143 1112 1105 1091 1071 1055 1053 1041 1026 1022 1017 1015 1024 1027 1034 1039 1052 1060 1082 1094 1103 1114 1099 1095 1100 1098 1102 1107 1110 1117 1109 1106 1099 1106 1125 1127 1133 1132 1126 1125 1124 1124 1131 1140 1150 1146 1139 1147 1132 1150 1142 1147
1317 1279 1285 1298 1297 1298 1335 1392 1416 1468 1437 1411 1412 1421 1487 1469 1446 1420 1419 1419 1389 1344 1320 1288 1250 1216 1192 1174 1164 1159 1152 1139 1121 1107 1109 1083 1073 1052 1049 1042 1031 1008 1007 1012 1018 1030 1031 1035 1053 1059 1087 1101 1111 1112 1102 1099 1113 1104 1104 1111 1119 1125 1117 1118 1123 1116 1126 1137 1136 1134 1131 1123 1124 1133 1141 1147 1140 1143 1143 1147 1139 1164 1154 1146
1272 1288 1310 1314 1299 1306 1336 1387 1426 1485 1449 1455 1432 1434 1487 1477 1438 1421 1415 1405 1397 1368 1408 1342 1283 1247 1222 1180 1162 1152 1142 1127 1116 1102 1090 1074 1063 1049 1045 1029 1023 1018 1015 999 1011 1021 1025 1027 1050 1061 1090 1103 1106 1104 1107 1123 1124 1114 1109 1112 1127 1124 1127 1136 1148 1142 1135 1138 1135 1137 1138 1132 1128 1136 1153 1156 1143 1154 1147 1151 1160 1161 1152 1161
1279 1288 1313 1302 1303 1310 1325 1393 1426 1476 1446 1451 1428 1432 1473 1458 1440 1443 1449 1447 1434 1428 1454 1451 1359 1285 1234 1190 1159 1142 1127 1119 1108 1097 1082 1068 1052 1044 1041 1029 1023 1014 1016 1013 1014 1017 1023 1034 1039 1057 1088 1088 1098 1092 1101 1115 1122 1116 1114 1115 1126 1133 1141 1147 1157 1152 1142 1139 1137 1137 1138 1132 1134 1144 1156 1157 1145 1158 1160 1156 1171 1170 1169 1177
1276 1291 1340 1315 1305 1321 1333 1392 1417 1433 1429 1448 1441 1449 1471 1477 1460 1462 1462 1465 1478 1488 1505 1482 1394 1312 1259 1204 1164 1142 1125 1110 1103 1090 1076 1055 1037 1033 1033 1023 1014 1009 1008 1007 1009 1018 1020 1033 1036 1052 1081 1079 1096 1097 1099 1104 1111 1119 1119 1113 1129 1145 1147 1153 1162 1156 1146 1140 1136 1136 1138 1139 1142 1156 1156 1166 1157 1159 1156 1164 1170 1156 1174 1184
1281 1285 1312 1307 1311 1315 1341 1406 1411 1501 1467 1461 1457 1466 1503 1546 1501 1495 1490 1502 1488 1431 1435 1413 1422 1416 1322 1228 1174 1149 1125 1116 1115 1101 1086 1068 1057 1039 1032 1015 1010 1009 1006 1007 1013 1015 1020 1028 1037 1044 1058 1067 1089 1090 1092 1100 1117 1118 1116 1112 1134 1144 1151 1159 1167 1163 1154 1148 1143 1138 1139 1140 1150 1159 1159 1162 1151 1157 1156 1168 1162 1152 1165 1181
1285 1292 1309 1318 1316 1334 1351 1413 1501 1480 1497 1461 1450 1469 1528 1581 1531 1519 1541 1570 1558 1516 1435 1426 1357 1335 1301 1242 1192 1164 1120 1100 1103 1095 1088 1063 1069 1047 1034 1014 1015 1009 1004 1005 1016 1024 1023 1025 1029 1042 1045 1060 1080 1095 1101 1109 1112 1122 1114 1106 1130 1142 1155 1170 1169 1168 1162 1156 1152 1149 1144 1142 1152 1155 1163 1161 1140 1154 1167 1158 1162 1165 1179 1199
1303 1288 1300 1314 1336 1339 1375 1399 1512 1473 1496 1476 1467 1482 1540 1610 1560 1545 1560 1566 1552 1513 1506 1496 1373 1295 1281 1261 1214 1175 1130 1100 1078 1076 1080 1065 1058 1044 1035 1017 1023 1010 1004 1005 1009 1017 1019 1021 1027 1035 1046 1051 1063 1081 1096 1099 1101 1105 1108 1102 1127 1138 1156 1175 1170 1161 1157 1153 1160 1153 1155 1152 1150 1160 1174 1165 1145 1180 1174 1169 1173 1176 1190 1184
1290 1294 1297 1324 1332 1344 1364 1384 1478 1492 1497 1498 1480 1489 1537 1637 1607 1573 1597 1616 1587 1559 1501 1483 1355 1306 1295 1277 1233 1188 1146 1105 1069 1054 1058 1061 1053 1044 1033 1020 1018 1007 1011 1009 1012 1021 1019 1033 1028 1040 1048 1050 1052 1068 1090 1097 1092 1091 1089 1101 1110 1139 1161 1172 1178 1166 1154 1153 1160 1172 1168 1166 1165 1158 1167 1168 1159 1173 1184 1182 1179 1189 1191 1199
1323 1297 1301 1322 1326 1329 1335 1416 1493 1460 1483 1511 1496 1507 1586 1656 1634 1623 1640 1639 1615 1531 1446 1390 1345 1312 1303 1265 1227 1180 1142 1118 1083 1037 1035 1053 1056 1049 1042 1026 1013 1010 1017 1013 1014 1023 1023 1029 1030 1043 1041 1036 1039 1053 1077 1111 1096 1083 1081 1094 1128 1150 1158 1166 1175 1176 1160 1156 1172 1163 1171 1181 1169 1157 1160 1172 1162 1178 1188 1193 1182 1192 1211 1218
1366 1309 1302 1309 1311 1319 1337 1407 1455 1459 1473 1511 1519 1513 1563 1657 1649 1647 1656 1647 1588 1477 1424 1387 1349 1312 1283 1250 1222 1187 1143 1123 1098 1062 1030 1051 1055 1048 1046 1034 1016 1014 1022 1023 1025 1026 1025 1026 1026 1036 1044 1049 1033 1040 1073 1104 1096 1062 1064 1102 1149 1135 1134 1147 1167 1161 1150 1162 1169 1169 1176 1184 1170 1163 1159 1165 1164 1187 1185 1202 1203 1202 1213 1220
1374 1354 1309 1308 1311 1319 1340 1408 1448 1477 1479 1515 1541 1513 1538 1629 1637 1642 1613 1565 1526 1458 1424 1399 1370 1308 1274 1231 1204 1180 1142 1121 1104 1085 1072 1069 1062 1047 1048 1038 1025 1017 1022 1018 1028 1031 1031 1029 1037 1052 1053 1036 1041 1039 1069 1076 1088 1072 1051 1089 1122 1112 1113 1140 1155 1141 1148 1153 1155 1170 1161 1188 1194 1175 1164 1169 1179 1194 1208 1210 1206 1214 1216 1214
1371 1385 1327 1326 1310 1316 1348 1415 1427 1446 1505 1543 1559 1522 1542 1618 1699 1678 1626 1632 1515 1463 1415 1417 1375 1324 1264 1229 1189 1178 1136 1125 1116 1086 1082 1072 1058 1053 1047 1035 1028 1013 1021 1017 1022 1028 1022 1033 1041 1054 1066 1038 1033 1034 1051 1073 1099 1066 1063 1100 1090 1096 1103 1136 1141 1144 1155 1158 1149 1153 1163 1184 1181 1194 1178 1171 1171 1198 1210 1209 1208 1212 1212 1218
1353 1390 1387 1319 1314 1310 1344 1391 1443 1552 1549 1561 1554 1533 1552 1615 1677 1666 1633 1565 1486 1454 1431 1401 1378 1310 1269 1236 1203 1195 1167 1143 1118 1082 1073 1065 1060 1049 1035 1021 1020 1021 1020 1020 1022 1020 1011 1025 1053 1081 1071 1052 1036 1028 1034 1063 1079 1075 1061 1076 1076 1088 1096 1121 1139 1127 1152 1158 1150 1146 1161 1169 1187 1202 1192 1186 1169 1162 1209 1200 1205 1208 1215 1231
1350 1379 1383 1316 1303 1303 1344 1388 1495 1635 1560 1519 1529 1515 1537 1575 1660 1668 1631 1494 1469 1459 1443 1382 1346 1298 1267 1251 1228 1202 1172 1143 1120 1088 1070 1056 1052 1040 1034 1034 1029 1033 1025 1017 1017 1014 1022 1032 1061 1065 1059 1058 1044 1031 1022 1040 1062 1066 1052 1051 1079 1074 1090 1112 1120 1125 1136 1145 1153 1163 1160 1177 1184 1192 1213 1206 1189 1171 1201 1197 1203 1225 1243 1250
1313 1358 1345 1287 1289 1294 1313 1358 1477 1606 1525 1530 1505 1501 1541 1622 1647 1652 1549 1463 1450 1462 1447 1370 1315 1285 1262 1235 1215 1196 1159 1138 1109 1078 1065 1057 1046 1029 1029 1038 1035 1030 1019 1013 1011 1002 1018 1052 1054 1058 1044 1045 1034 1026 1014 1036 1067 1065 1052 1059 1069 1074 1095 1112 1115 1127 1131 1134 1157 1163 1160 1175 1184 1197 1209 1218 1202 1200 1189 1194 1214 1232 1251 1272
1274 1275 1273 1279 1278 1284 1302 1359 1546 1531 1496 1456 1489 1505 1559 1612 1628 1564 1452 1435 1437 1440 1411 1340 1298 1266 1240 1217 1202 1183 1156 1139 1110 1076 1050 1050 1047 1026 1026 1031 1040 1032 1025 1011 995 1000 1019 1072 1074 1065 1047 1027 1033 1017 1014 1028 1046 1035 1030 1044 1075 1080 1090 1104 1111 1126 1133 1139 1153 1158 1166 1177 1193 1206 1211 1201 1206 1201 1199 1205 1221 1243 1264 1287
1346 1307 1271 1280 1272 1278 1308 1361 1512 1477 1437 1455 1475 1488 1561 1595 1587 1468 1422 1419 1400 1377 1358 1327 1278 1265 1244 1217 1188 1169 1146 1127 1102 1068 1048 1052 1046 1040 1048 1030 1032 1025 1020 1013 989 999 1014 1061 1059 1048 1029 1014 1026 1013 1022 1029 1043 1034 1033 1052 1065 1080 1090 1098 1109 1121 1137 1146 1153 1160 1166 1181 1198 1207 1217 1215 1210 1220 1212 1238 1272 1264 1280 1292
1349 1293 1270 1259 1261 1261 1271 1320 1394 1377 1394 1422 1455 1454 1532 1598 1528 1434 1403 1387 1386 1356 1331 1302 1278 1263 1236 1213 1189 1169 1145 1119 1101 1079 1039 1036 1039 1026 1023 1019 1017 1009 1014 996 989 1001 1008 1030 1031 1023 1013 1009 1023 1023 1032 1020 1028 1029 1041 1056 1073 1076 1088 1103 1111 1120 1137 1148 1159 1163 1173 1187 1200 1206 1211 1221 1217 1224 1224 1231 1254 1267 1276 1302
1327 1291 1270 1252 1245 1248 1270 1322 1355 1354 1380 1401 1414 1451 1597 1611 1523 1402 1369 1394 1398 1343 1301 1278 1253 1242 1222 1203 1186 1168 1134 1111 1109 1080 1050 1042 1037 1018 1029 1021 1021 1021 1014 1013 993 988 995 1023 1002 1010 1015 1012 1010 1007 1016 1018 1029 1029 1040 1059 1070 1079 1092 1109 1120 1129 1140 1155 1169 1171 1178 1195 1206 1212 1221 1231 1230 1227 1233 1242 1258 1281 1304 1328
1326 1275 1263 1244 1237 1242 1275 1323 1327 1339 1359 1383 1407 1514 1610 1549 1456 1375 1349 1349 1366 1329 1281 1255 1233 1220 1196 1181 1164 1144 1122 1111 1105 1082 1067 1058 1031 1018 1013 1010 1028 1058 1047 1025 1009 1015 998 986 991 995 994 1004 1010 1005 1010 1016 1027 1033 1044 1058 1069 1083 1103 1119 1132 1139 1149 1165 1170 1177 1183 1194 1209 1222 1228 1233 1244 1249 1250 1252 1278 1303 1323 1343
1289 1256 1258 1235 1232 1235 1259 1307 1303 1316 1343 1394 1480 1585 1603 1453 1380 1360 1338 1312 1362 1286 1261 1236 1209 1192 1180 1163 1142 1116 1104 1097 1090 1069 1046 1042 1036 1000 988 1020 1037 1056 1033 1031 1041 1021 990 968 976 985 986 992 996 1007 1014 1020 1030 1044 1054 1063 1077 1102 1130 1150 1143 1150 1167 1176 1181 1191 1191 1205 1221 1224 1229 1237 1247 1262 1268 1274 1287 1303 1326 1345
1268 1267 1254 1234 1230 1258 1252 1291 1289 1305 1343 1417 1588 1582 1475 1396 1364 1359 1326 1294 1295 1259 1233 1224 1194 1173 1169 1164 1138 1099 1086 1083 1071 1052 1036 1018 1006 999 988 1019 1038 1040 1015 1001 1011 1003 982 965 971 980 987 994 1004 1014 1042 1056 1032 1051 1070 1074 1098 1142 1163 1173 1167 1180 1181 1187 1204 1198 1208 1232 1254 1258 1244 1254 1253 1269 1281 1279 1298 1323 1340 1356
1294 1269 1240 1228 1228 1267 1309 1290 1288 1302 1377 1582 1558 1574 1391 1367 1337 1384 1356 1258 1258 1239 1228 1209 1182 1158 1150 1139 1118 1101 1080 1074 1063 1043 1021 1008 1000 995 977 999 1037 1016 988 992 997 984 967 963 967 977 987 1007 1021 1028 1073 1081 1054 1050 1069 1108 1131 1149 1173 1178 1189 1196 1200 1200 1214 1211 1224 1236 1258 1275 1279 1281 1279 1286 1292 1305 1311 1332 1346 1368
1261 1242 1230 1228 1225 1269 1317 1294 1303 1346 1513 1505 1426 1417 1366 1321 1307 1364 1328 1241 1232 1216 1203 1186 1163 1143 1130 1117 1098 1093 1072 1064 1055 1048 1034 1014 996 991 975 1006 1020 992 974 1005 988 975 967 976 974 988 1020 1044 1070 1076 1087 1099 1063 1056 1073 1109 1134 1167 1172 1182 1200 1209 1209 1210 1215 1217 1220 1238 1261 1278 1297 1307 1315 1315 1308 1318 1326 1341 1364 1375
1246 1249 1238 1229 1227 1240 1340 1288 1300 1445 1486 1382 1393 1329 1326 1296 1289 1288 1240 1228 1213 1195 1185 1165 1152 1139 1098 1080 1077 1071 1059 1044 1044 1031 1025 1020 1024 1009 977 1005 1008 982 969 982 971 969 987 986 983 996 1031 1058 1085 1094 1077 1089 1078 1070 1076 1113 1156 1164 1178 1187 1208 1216 1222 1223 1229 1229 1238 1260 1279 1290 1308 1312 1332 1336 1335 1333 1342 1362 1399 1399
1263 1263 1264 1249 1230 1240 1330 1251 1330 1422 1355 1395 1382 1309 1289 1271 1260 1247 1225 1213 1209 1186 1158 1140 1132 1128 1098 1079 1060 1048 1043 1031 1028 1032 1022 1027 1032 1014 974 975 982 969 984 982 967 976 992 997 985 1010 1055 1066 1088 1093 1091 1081 1096 1083 1085 1115 1143 1166 1185 1200 1204 1225 1240 1249 1249 1248 1266 1284 1300 1308 1322 1332 1344 1357 1360 1353 1362 1384 1406 1418
1249 1266 1283 1285 1226 1245 1302 1257 1400 1344 1316 1348 1334 1294 1262 1236 1226 1219 1202 1202 1191 1169 1144 1114 1118 1114 1095 1071 1052 1033 1031 1025 1029 1034 1033 1019 1012 989 978 974 974 989 1005 992 978 991 1002 996 998 1031 1053 1070 1091 1098 1104 1107 1106 1095 1102 1120 1153 1175 1186 1198 1213 1232 1249 1260 1275 1272 1283 1309 1314 1328 1338 1338 1361 1369 1384 1398 1390 1406 1424 1436
1240 1249 1247 1237 1218 1237 1256 1262 1357 1305 1296 1374 1318 1268 1239 1214 1209 1196 1184 1191 1179 1150 1122 1100 1098 1092 1074 1061 1043 1034 1028 1018 1026 1047 1049 1015 1006 986 984 989 990 996 1011 988 986 1002 1006 1010 1012 1038 1069 1088 1095 1105 1114 1116 1120 1113 1116 1125 1161 1172 1187 1210 1215 1246 1259 1276 1290 1294 1300 1327 1332 1342 1357 1365 1390 1399 1411 1428 1431 1422 1439 1465
1228 1225 1214 1219 1204 1198 1239 1314 1309 1282 1297 1340 1267 1245 1220 1200 1190 1182 1171 1167 1166 1139 1110 1084 1078 1068 1057 1041 1041 1030 1024 1016 1028 1059 1046 1035 1032 993 994 992 1000 1023 1002 982 991 1020 1016 1017 1027 1059 1085 1099 1097 1116 1131 1131 1125 1124 1125 1132 1168 1179 1187 1222 1244 1256 1273 1290 1309 1323 1312 1340 1351 1360 1379 1381 1395 1402 1414 1457 1460 1443 1454 1484
1218 1213 1211 1215 1231 1265 1289 1311 1277 1272 1294 1273 1237 1219 1208 1188 1172 1170 1151 1149 1137 1107 1080 1061 1067 1057 1049 1025 1029 1024 1016 1008 1039 1062 1038 1023 1006 1008 986 991 1005 1013 991 1002 1025 1056 1044 1016 1048 1081 1093 1107 1107 1127 1141 1146 1148 1130 1136 1143 1158 1194 1207 1226 1255 1268 1284 1310 1320 1331 1341 1366 1378 1386 1387 1394 1406 1427 1444 1466 1484 1485 1468 1485
1208 1207 1206 1243 1283 1318 1341 1278 1261 1269 1248 1206 1205 1202 1192 1178 1156 1150 1136 1132 1121 1089 1060 1049 1047 1039 1030 1026 1023 1010 1004 1006 1041 1048 1021 1015 1024 1006 998 1008 1014 1013 1015 1038 1050 1063 1062 1024 1067 1092 1104 1116 1120 1137 1148 1154 1161 1142 1150 1150 1163 1207 1223 1229 1258 1276 1301 1328 1345 1339 1370 1385 1394 1405 1413 1419 1425 1451 1474 1481 1498 1499 1463 1482
1206 1203 1200 1227 1300 1312 1278 1226 1245 1229 1206 1200 1192 1185 1169 1164 1143 1136 1130 1122 1104 1078 1060 1044 1040 1038 1024 1019 1008 1006 1021 1009 1027 1040 1019 1031 1031 1024 1031 1026 1021 1017 1022 1035 1056 1074 1074 1028 1079 1101 1114 1123 1130 1138 1145 1164 1173 1153 1146 1150 1172 1201 1238 1264 1268 1291 1320 1339 1361 1358 1391 1405 1419 1429 1435 1436 1445 1467 1487 1497 1478 1478 1503 1513
