B6_all_seraphim_analyses/Environmental_files/LASV_rasters/Annual_precipitation_MRU_0.04.asc
NCOLS 360 
NROWS 264 
XLLCORNER -17 
YLLCORNER 3 
CELLSIZE 0.0416666666666667 
NODATA_value -1.7e+308 
[rows 165 to 197 of 264, columns 225 to 299 of 360]
1588 1569 1546 1527 1511 1496 1482 1462 1462 1444 1431 1399 1366 1339 1326 1323 1314 1302 1294 1281 1267 1253 1239 1228 1219 1207 1201 1202 1197 1192 1192 1188 1181 1177 1172 1172 1171 1167 1171 1173 1172 1180 1177 1171 1179 1169 1123 1110 1137 1149 1112 1132 1125 1118 1131 1121 1102 1088 1090 1085 1080 1079 1075 1068 1068 1068 1068 1066 1065 1057 1062 1064 1065 1065 1061
1584 1564 1555 1534 1515 1512 1483 1471 1504 1469 1414 1385 1361 1344 1318 1325 1318 1304 1298 1284 1270 1256 1246 1231 1219 1213 1209 1200 1198 1195 1197 1192 1181 1185 1180 1181 1182 1176 1176 1171 1178 1182 1176 1180 1189 1192 1173 1144 1180 1158 1127 1139 1126 1129 1135 1127 1110 1102 1099 1092 1082 1080 1076 1069 1072 1070 1069 1068 1065 1067 1065 1062 1058 1065 1068
1585 1564 1551 1531 1514 1497 1475 1484 1472 1417 1391 1378 1365 1349 1335 1327 1318 1307 1293 1283 1270 1258 1246 1235 1226 1220 1206 1199 1200 1204 1198 1195 1187 1184 1187 1188 1184 1182 1182 1181 1181 1180 1179 1188 1192 1197 1193 1183 1186 1191 1184 1148 1130 1132 1142 1135 1124 1114 1103 1099 1092 1084 1081 1077 1071 1073 1073 1065 1060 1065 1057 1056 1061 1056 1062
1584 1563 1544 1526 1512 1501 1477 1461 1440 1418 1396 1381 1373 1353 1339 1332 1321 1308 1291 1279 1269 1259 1254 1240 1226 1215 1209 1207 1203 1202 1196 1190 1186 1188 1191 1193 1192 1191 1188 1187 1185 1184 1186 1190 1198 1217 1195 1200 1210 1197 1192 1182 1164 1121 1133 1144 1129 1122 1119 1109 1096 1090 1081 1079 1072 1069 1077 1063 1051 1057 1057 1056 1058 1065 1067
1580 1561 1540 1519 1508 1493 1477 1454 1434 1416 1401 1389 1376 1357 1346 1340 1322 1307 1297 1285 1270 1262 1251 1239 1230 1221 1216 1213 1208 1205 1198 1195 1192 1195 1197 1200 1199 1198 1200 1200 1197 1193 1189 1192 1199 1200 1201 1203 1205 1206 1199 1193 1180 1170 1160 1150 1147 1137 1126 1114 1103 1095 1086 1088 1076 1069 1072 1067 1051 1049 1051 1055 1060 1065 1067
1575 1557 1535 1517 1503 1488 1469 1456 1436 1420 1404 1393 1379 1363 1354 1343 1322 1311 1305 1289 1276 1266 1253 1240 1234 1227 1218 1217 1228 1209 1200 1196 1199 1205 1197 1198 1201 1203 1203 1200 1193 1189 1194 1203 1196 1198 1204 1209 1209 1203 1201 1193 1183 1173 1165 1155 1153 1147 1132 1117 1104 1093 1082 1078 1071 1076 1072 1061 1056 1055 1051 1055 1056 1059 1065
1578 1560 1537 1519 1501 1486 1473 1457 1438 1425 1414 1400 1384 1363 1350 1341 1334 1319 1311 1294 1280 1269 1256 1245 1239 1228 1220 1214 1234 1210 1202 1198 1198 1202 1201 1200 1206 1210 1206 1198 1197 1200 1197 1200 1201 1211 1207 1209 1207 1207 1204 1192 1181 1178 1168 1164 1165 1153 1133 1115 1107 1092 1094 1070 1073 1077 1067 1062 1062 1057 1053 1056 1061 1059 1059
1577 1559 1540 1522 1502 1483 1474 1458 1444 1433 1418 1408 1391 1375 1357 1338 1333 1323 1313 1297 1286 1273 1257 1248 1245 1232 1223 1217 1212 1209 1205 1203 1203 1207 1206 1210 1214 1213 1212 1204 1205 1206 1210 1205 1205 1213 1205 1213 1209 1207 1204 1196 1178 1175 1169 1171 1182 1162 1136 1116 1102 1088 1097 1085 1077 1081 1069 1068 1063 1057 1060 1060 1059 1058 1059
1583 1560 1546 1524 1512 1489 1471 1459 1444 1434 1424 1410 1394 1377 1366 1336 1331 1326 1322 1305 1291 1277 1265 1258 1255 1243 1230 1225 1218 1214 1209 1208 1213 1214 1214 1214 1218 1213 1214 1213 1215 1215 1210 1206 1203 1205 1213 1209 1206 1200 1200 1196 1181 1171 1166 1165 1168 1148 1131 1110 1101 1099 1087 1081 1081 1081 1073 1072 1061 1051 1055 1059 1061 1061 1060
1583 1564 1546 1530 1516 1498 1493 1469 1450 1436 1426 1414 1398 1385 1369 1341 1342 1330 1319 1305 1290 1277 1272 1268 1258 1243 1238 1235 1227 1218 1212 1214 1213 1216 1219 1222 1219 1209 1212 1213 1216 1216 1208 1207 1205 1207 1213 1207 1202 1200 1200 1188 1181 1167 1160 1164 1149 1134 1118 1098 1112 1102 1081 1083 1083 1081 1071 1071 1061 1050 1056 1057 1061 1058 1064
1595 1569 1552 1540 1524 1509 1489 1474 1460 1444 1431 1421 1408 1392 1368 1340 1336 1333 1324 1314 1299 1285 1277 1269 1255 1252 1248 1241 1236 1227 1221 1223 1222 1220 1225 1229 1222 1214 1214 1215 1217 1221 1220 1212 1208 1213 1211 1203 1201 1196 1195 1189 1179 1166 1157 1157 1144 1126 1110 1092 1093 1091 1085 1097 1083 1083 1070 1064 1060 1058 1062 1064 1063 1068 1069
1601 1579 1566 1551 1531 1520 1505 1487 1469 1452 1439 1428 1417 1396 1374 1344 1344 1339 1333 1319 1301 1288 1276 1269 1261 1259 1255 1246 1240 1230 1229 1228 1225 1225 1232 1230 1224 1220 1215 1215 1222 1227 1223 1216 1212 1209 1209 1210 1204 1202 1201 1188 1168 1158 1151 1144 1131 1122 1107 1097 1088 1094 1092 1084 1080 1082 1072 1070 1070 1078 1074 1071 1068 1072 1076
1609 1591 1575 1560 1543 1526 1509 1498 1481 1465 1452 1433 1421 1398 1368 1355 1357 1344 1333 1323 1308 1296 1282 1272 1263 1263 1257 1251 1240 1236 1236 1234 1234 1234 1235 1231 1227 1225 1219 1221 1229 1236 1224 1222 1220 1214 1204 1209 1208 1200 1190 1183 1168 1157 1145 1135 1126 1128 1110 1097 1084 1089 1077 1086 1084 1078 1077 1075 1072 1068 1075 1079 1076 1078 1083
1615 1602 1582 1571 1554 1534 1523 1503 1488 1471 1454 1435 1412 1386 1370 1349 1345 1343 1340 1330 1315 1303 1291 1276 1272 1270 1261 1251 1245 1246 1244 1240 1235 1240 1238 1235 1230 1226 1218 1223 1229 1233 1231 1230 1222 1213 1210 1205 1201 1196 1189 1177 1174 1160 1148 1132 1144 1149 1103 1098 1105 1094 1090 1088 1086 1076 1075 1086 1076 1074 1079 1082 1084 1088 1094
1631 1613 1603 1584 1554 1544 1525 1507 1495 1473 1463 1450 1432 1405 1381 1351 1337 1344 1343 1335 1322 1304 1292 1282 1281 1273 1263 1258 1255 1256 1251 1250 1245 1247 1244 1242 1234 1229 1230 1233 1233 1233 1234 1229 1224 1217 1208 1200 1197 1192 1185 1176 1166 1159 1151 1133 1129 1126 1111 1112 1099 1096 1100 1090 1095 1098 1090 1089 1085 1083 1083 1091 1095 1096 1105
1644 1625 1611 1591 1564 1532 1510 1497 1493 1485 1470 1459 1440 1420 1380 1349 1351 1354 1352 1339 1320 1307 1296 1287 1293 1285 1265 1260 1258 1258 1258 1254 1266 1253 1248 1243 1238 1234 1236 1237 1239 1239 1234 1234 1226 1217 1213 1203 1196 1193 1182 1172 1164 1161 1156 1140 1131 1128 1128 1118 1106 1104 1104 1101 1101 1112 1104 1097 1094 1091 1090 1099 1101 1104 1116
1653 1635 1624 1603 1584 1556 1524 1490 1488 1486 1474 1458 1440 1420 1377 1351 1358 1362 1357 1344 1328 1315 1307 1294 1288 1283 1274 1268 1264 1265 1264 1262 1262 1256 1251 1245 1242 1237 1243 1247 1247 1243 1243 1238 1233 1228 1217 1211 1204 1191 1180 1174 1166 1159 1152 1144 1138 1135 1137 1121 1113 1113 1105 1109 1110 1119 1112 1103 1096 1091 1100 1105 1111 1115 1123
1667 1654 1630 1614 1602 1583 1558 1524 1493 1461 1474 1459 1418 1397 1374 1365 1382 1376 1365 1352 1336 1323 1314 1303 1294 1287 1280 1273 1271 1272 1267 1271 1264 1260 1255 1254 1249 1244 1249 1252 1246 1240 1237 1239 1234 1230 1219 1213 1206 1196 1189 1181 1185 1173 1161 1147 1140 1133 1129 1128 1119 1127 1123 1119 1117 1128 1122 1108 1107 1107 1110 1117 1125 1127 1134
1677 1662 1650 1634 1617 1595 1568 1543 1511 1463 1467 1455 1419 1387 1377 1379 1389 1385 1372 1355 1342 1329 1321 1311 1300 1296 1291 1285 1278 1272 1272 1278 1273 1264 1260 1258 1253 1253 1249 1248 1245 1243 1243 1237 1231 1233 1225 1220 1209 1198 1198 1194 1188 1187 1172 1154 1150 1123 1128 1132 1133 1131 1131 1123 1118 1160 1122 1111 1114 1117 1117 1129 1133 1141 1146
1692 1677 1665 1649 1628 1602 1576 1553 1533 1506 1459 1432 1389 1386 1386 1404 1403 1392 1376 1365 1350 1334 1323 1312 1302 1294 1292 1289 1280 1283 1283 1282 1276 1272 1270 1265 1259 1257 1249 1253 1248 1250 1244 1234 1235 1236 1235 1221 1212 1206 1202 1195 1191 1189 1172 1166 1167 1159 1126 1136 1123 1137 1134 1135 1135 1130 1124 1122 1126 1130 1130 1136 1145 1153 1159
1708 1693 1677 1662 1637 1612 1585 1563 1546 1526 1474 1436 1406 1401 1405 1419 1408 1397 1383 1371 1355 1339 1327 1318 1306 1304 1302 1297 1285 1285 1288 1286 1282 1275 1274 1270 1262 1257 1260 1259 1259 1255 1248 1241 1240 1237 1234 1222 1214 1207 1196 1189 1192 1184 1181 1181 1174 1170 1142 1134 1131 1139 1147 1145 1141 1136 1137 1135 1138 1140 1140 1147 1158 1166 1171
1728 1715 1691 1676 1643 1615 1595 1572 1556 1535 1506 1485 1472 1455 1440 1430 1420 1406 1389 1375 1360 1342 1332 1323 1317 1315 1315 1308 1298 1295 1293 1286 1283 1278 1279 1276 1265 1264 1265 1268 1264 1254 1248 1244 1241 1242 1236 1229 1222 1212 1199 1193 1191 1187 1186 1185 1180 1177 1169 1145 1133 1142 1158 1161 1152 1149 1146 1147 1151 1151 1151 1166 1170 1175 1187
1749 1728 1707 1686 1656 1627 1606 1586 1569 1550 1528 1506 1491 1484 1464 1438 1420 1406 1396 1385 1366 1347 1333 1326 1321 1318 1319 1310 1302 1297 1290 1283 1281 1279 1280 1277 1270 1273 1275 1277 1270 1257 1251 1252 1247 1245 1239 1228 1221 1211 1203 1196 1192 1194 1188 1201 1194 1184 1182 1190 1163 1165 1162 1164 1171 1163 1155 1159 1159 1158 1166 1174 1179 1186 1201
1766 1744 1725 1695 1666 1642 1621 1599 1581 1565 1544 1524 1509 1490 1472 1451 1430 1409 1402 1385 1365 1349 1343 1333 1324 1321 1318 1310 1308 1300 1292 1287 1281 1283 1284 1279 1277 1282 1284 1290 1290 1262 1259 1254 1246 1240 1240 1230 1221 1213 1207 1202 1202 1198 1196 1204 1206 1198 1203 1192 1184 1179 1175 1169 1175 1174 1173 1170 1169 1170 1177 1184 1190 1205 1222
1776 1753 1731 1707 1683 1656 1634 1617 1596 1581 1554 1534 1517 1494 1475 1460 1442 1426 1403 1388 1373 1360 1347 1342 1337 1327 1320 1311 1308 1302 1294 1292 1288 1286 1284 1279 1284 1288 1289 1289 1284 1269 1260 1258 1247 1240 1239 1229 1225 1215 1207 1203 1207 1203 1204 1207 1207 1207 1209 1199 1197 1189 1183 1183 1181 1180 1178 1179 1176 1181 1186 1195 1206 1221 1226
1788 1765 1747 1726 1706 1668 1646 1624 1605 1588 1563 1541 1520 1495 1481 1469 1454 1434 1415 1392 1376 1361 1351 1347 1335 1333 1323 1320 1315 1308 1304 1297 1288 1287 1285 1284 1286 1289 1284 1279 1276 1269 1267 1258 1249 1241 1236 1233 1232 1225 1222 1232 1223 1211 1214 1218 1214 1214 1214 1206 1199 1198 1192 1190 1184 1189 1187 1187 1189 1192 1204 1212 1225 1234 1244
1805 1780 1767 1744 1719 1684 1661 1640 1619 1596 1574 1554 1532 1504 1484 1473 1458 1443 1421 1408 1386 1370 1358 1349 1337 1333 1327 1322 1318 1312 1303 1299 1293 1294 1288 1286 1285 1285 1282 1282 1279 1278 1271 1257 1251 1239 1231 1232 1232 1227 1254 1260 1233 1218 1226 1232 1221 1221 1215 1213 1206 1203 1199 1197 1191 1192 1195 1200 1202 1208 1218 1231 1245 1250 1255
1823 1802 1783 1759 1735 1702 1681 1658 1636 1613 1590 1568 1544 1524 1502 1487 1468 1448 1435 1417 1399 1377 1358 1349 1339 1332 1330 1323 1319 1311 1300 1300 1297 1297 1291 1290 1284 1282 1283 1285 1283 1277 1267 1261 1259 1243 1237 1231 1227 1227 1266 1266 1247 1222 1228 1233 1229 1228 1222 1218 1215 1212 1213 1212 1204 1203 1206 1213 1211 1216 1231 1247 1263 1264 1271
1844 1820 1803 1779 1750 1712 1695 1676 1650 1628 1602 1574 1556 1538 1519 1489 1467 1451 1441 1425 1400 1376 1365 1355 1343 1333 1326 1318 1316 1308 1302 1303 1298 1300 1299 1292 1285 1286 1287 1291 1286 1277 1271 1264 1254 1247 1241 1234 1232 1233 1241 1246 1240 1232 1239 1244 1240 1239 1232 1226 1219 1223 1224 1227 1218 1212 1213 1217 1221 1233 1246 1262 1275 1279 1286
1868 1840 1824 1797 1762 1735 1714 1689 1667 1639 1613 1591 1574 1554 1528 1503 1481 1457 1445 1431 1405 1379 1367 1357 1345 1336 1326 1322 1312 1307 1304 1306 1303 1302 1302 1299 1292 1290 1290 1290 1287 1280 1273 1266 1258 1251 1243 1242 1247 1242 1241 1245 1243 1247 1252 1251 1252 1245 1240 1239 1234 1234 1236 1229 1227 1226 1229 1238 1241 1250 1264 1282 1295 1299 1307
1897 1860 1837 1812 1779 1751 1728 1705 1680 1657 1627 1607 1585 1567 1539 1516 1489 1466 1452 1438 1420 1396 1369 1359 1344 1337 1328 1319 1312 1313 1315 1313 1307 1305 1302 1301 1297 1293 1294 1294 1292 1285 1273 1267 1262 1262 1260 1256 1255 1254 1258 1262 1265 1267 1278 1265 1260 1254 1246 1245 1244 1246 1245 1243 1239 1238 1237 1251 1269 1272 1283 1301 1310 1318 1329
1922 1894 1858 1830 1798 1778 1753 1727 1693 1667 1646 1623 1602 1578 1554 1530 1500 1476 1464 1445 1430 1411 1381 1359 1342 1339 1331 1321 1318 1317 1321 1321 1312 1308 1310 1306 1302 1299 1298 1296 1299 1289 1278 1272 1269 1268 1266 1268 1271 1268 1270 1274 1277 1282 1292 1273 1266 1263 1256 1249 1252 1253 1254 1256 1259 1255 1255 1261 1274 1287 1301 1315 1329 1340 1353
1948 1915 1882 1853 1819 1802 1771 1738 1711 1686 1663 1641 1616 1591 1565 1536 1509 1489 1471 1458 1441 1417 1395 1374 1362 1347 1336 1330 1326 1327 1331 1327 1318 1310 1313 1314 1306 1305 1306 1303 1296 1293 1290 1285 1283 1281 1278 1285 1283 1281 1285 1284 1285 1282 1282 1284 1276 1272 1268 1268 1271 1267 1263 1265 1269 1275 1275 1276 1294 1303 1320 1334 1348 1365 1380
