B6_all_seraphim_analyses/Environmental_files/LASV_rasters/Annual_mean_temperature_MRU_0.04.asc
NCOLS 360 
NROWS 264 
XLLCORNER -17 
YLLCORNER 3 
CELLSIZE 0.0416666666666667 
NODATA_value -1.7e+308 
[rows 176 to 197 of 264, columns 288 to 335 of 360]
26.8289996782939 27.0511666138967 26.950833161672 26.9713329474131 27.0304999351501 27.0473331610362 27.0929999351501 27.0233333110809 26.9814998308818 26.9163329601288 26.8924999237061 26.8281668027242 26.8080000082652 26.8206666310628 26.7231667041779 26.6626665592194 26.5418331623077 26.3334998289744 26.3070001602173 26.2230001290639 26.362166484197 26.599999666214 26.6473335425059 26.5673331419627 26.6978334585826 26.6323331197103 26.5009998480479 26.4818331400553 26.5813330809275 26.6798331737518 26.7253332138062 26.7398334344228 26.5754999319712 26.5051665306091 26.3568333784739 26.2311666806539 26.2746667861938 26.2813333670298 26.286333322525 26.3579999605815 26.470166683197 26.6245000362396 26.5979996522268 26.5193332036336 26.5394999980927 26.5218332608541 26.4078331788381 26.2143331368764
26.7613333861033 27.0204999446869 26.9811666806539 26.913166364034 26.9886665344238 27.0551666418711 27.0163331031799 27.0094997882843 27.0103332996368 26.8049999872843 26.7859998544057 26.7298336823781 26.6868332227071 26.7049998442332 26.6480000019073 26.5873332818349 26.5119999249776 26.4081665674845 26.4771667321523 26.2095001538595 26.4000000158946 26.5869998137156 26.6498333613078 26.6088333129883 26.6133332252502 26.5418333212535 26.5149999459585 26.4543333053589 26.5645000934601 26.670833269755 26.6839997768402 26.7295002142588 26.6026664574941 26.4595001538595 26.3431666692098 26.2798331578573 26.3951665560404 26.3863333066305 26.4053332805634 26.4673333962758 26.5510000387828 26.6304999987284 26.5653334458669 26.5178332328796 26.430166721344 26.3191664218903 26.1969997882843 26.2735002040863
26.9041668574015 26.9884999593099 26.8761665821075 26.7998332977295 26.97349969546 27.0059997240702 26.7905003229777 26.8076666990916 26.8903330167135 26.7681665420532 26.7119998931885 26.7320001125336 26.6526668071747 26.646666765213 26.6440001328786 26.543666601181 26.4738331635793 26.2404999732971 26.3034997781118 26.4576667149862 26.4928332169851 26.605499903361 26.672166744868 26.6589999198914 26.5866664250692 26.5300000508626 26.5626665751139 26.5513334274292 26.5353334744771 26.5639997323354 26.5826663176219 26.6158336003621 26.6234998703003 26.4416666825612 26.4146668116252 26.4631666342417 26.4720000425975 26.4238334496816 26.4869999885559 26.5633331139882 26.5598332881927 26.5076664288839 26.4875001907349 26.4160001277924 26.3305000464122 26.1031665802002 26.1064998308818 26.34033314387
26.8858332633972 26.9428333441416 26.8571666081746 26.8296666940053 27.0156667232513 26.9913331667582 26.7973333199819 26.7880000273387 26.7924999396006 26.8401664098104 26.7888332207998 26.7913331985474 26.6788335641225 26.577999830246 26.5813333193461 26.5950001080831 26.5360000133514 26.2921668688456 26.3231667677561 26.5148332913717 26.617999792099 26.7170000076294 26.701499859492 26.5891665617625 26.5506664911906 26.5078333218892 26.4373332659403 26.4371666908264 26.4470000267029 26.5028330485026 26.5390000343323 26.5760000546773 26.6721665064494 26.5199998219808 26.5096668402354 26.5053334236145 26.3286668459574 26.3873331546783 26.5403335094452 26.5684998830159 26.4865001042684 26.436000029246 26.4198334217072 26.3849999904633 26.2434999148051 26.0949999491374 26.164833466212 26.4093334674835
26.7964998881022 26.8440001805623 26.8170000712077 26.8949999809265 26.9031666119893 26.8988331953685 26.8998331228892 26.8268334070841 26.8553333282471 26.8131666183472 26.6586663722992 26.6521669228872 26.6124998728434 26.504833539327 26.5478331247966 26.7050003210704 26.6359996795654 26.3608334064484 26.4886667728424 26.5696665445964 26.6826665401459 26.7650001049042 26.6973333358765 26.6120000680288 26.4834999243418 26.3955000241597 26.3413331508636 26.3824999332428 26.4361663659414 26.4739999771118 26.4928332964579 26.5884997844696 26.6749997933706 26.5588334401449 26.575833161672 26.4043334325155 26.2766664028168 26.3783334096273 26.5428333282471 26.520000298818 26.4716667334239 26.4086667696635 26.3708332379659 26.2818334897359 26.144833167394 26.1620000203451 26.2199998696645 26.4563330014547
26.928999821345 26.9550002415975 26.6090000470479 26.792999903361 26.7756668726603 26.7136669158936 26.8703334331512 26.8481663862864 26.8821665445964 26.7753333250682 26.6951668262482 26.577999830246 26.5254997412364 26.4483334223429 26.497166633606 26.6323331991831 26.5878330866496 26.4781665007273 26.6056665579478 26.6773331165314 26.7703334490458 26.7660001118978 26.6438330809275 26.5309998989105 26.4576666355133 26.4343333244324 26.4436665376027 26.4798333644867 26.4464999039968 26.4165000915527 26.4365001519521 26.5364998181661 26.6831668217977 26.6416664918264 26.5618332227071 26.3754999637604 26.3018332322439 26.3163333733877 26.5653332074483 26.5526666641235 26.4446668624878 26.417333205541 26.398166735967 26.3331666787465 26.2760000228882 26.3046668370565 26.2503333886464 26.4044999281565
26.8431668281555 26.9213333924611 26.448499917984 26.5086666742961 26.7273337841034 26.6856667995453 26.8183333873749 26.9060000578562 26.8093332449595 26.6714998881022 26.6314997673035 26.5964999198914 26.5399996439616 26.4768333435059 26.4966667493184 26.5436665217082 26.6576668421427 26.579666296641 26.6353329817454 26.7548334598541 26.8208335240682 26.7363336086273 26.6273330847422 26.5953330198924 26.4796667098999 26.5285000801086 26.5509997208913 26.6159997781118 26.5371668338776 26.3818334738414 26.4325000445048 26.4970002174377 26.56183330218 26.7111665407817 26.6913331349691 26.6109999020894 26.4186666806539 26.3938333193461 26.6123332182566 26.603999932607 26.559666633606 26.5441666444143 26.4688333670298 26.3918333848317 26.3994999726613 26.4903333187103 26.3933332761129 26.3829998970032
26.8313334782918 26.8854997952779 25.7800000508626 26.4554999669393 26.7085001468658 26.6284999052684 26.802833477656 26.8055002689362 26.7605002721151 26.6948333581289 26.6614999771118 26.6188332239787 26.5218333403269 26.5134997367859 26.5761663913727 26.6531666914622 26.7473333676656 26.7165001233419 26.696000178655 26.7583334445953 26.8055001099904 26.7265001138051 26.6985000769297 26.6058332125346 26.5415000120799 26.649666706721 26.6978331406911 26.7023329734802 26.5420000553131 26.380166610082 26.3728334108988 26.3986666997274 26.4688335259755 26.6504996617635 26.63316655159 26.6886665821075 26.5406664212545 26.5746668974559 26.6561666329702 26.6029997666677 26.5906666119893 26.5591665903727 26.5049999554952 26.4628331661224 26.4543333053589 26.5605000654856 26.5965000788371 26.5625
26.6951667467753 26.899999777476 26.8306665420532 26.7576667467753 26.7665000756582 26.6930001576742 26.8318332831065 26.8208337624868 26.7109999656677 26.6481666564941 26.6634998321533 26.654166618983 26.5796663761139 26.4874999523163 26.5651666323344 26.6756664117177 26.7665000756582 26.7948338190715 26.7106664975484 26.7830000718435 26.8120001951853 26.730499903361 26.7513332366943 26.679666519165 26.6976665655772 26.761833190918 26.662499666214 26.5303334395091 26.4813333352407 26.3795000712077 26.3488331635793 26.3294999599457 26.3863333066305 26.4511667092641 26.5093329747518 26.6038331985474 26.6786665916443 26.7049999237061 26.6561663150787 26.5703332424164 26.5475000540415 26.4998333454132 26.4854998588562 26.5433332920074 26.5036667188009 26.5799998442332 26.7034997940063 26.7256666819255
26.7450000445048 26.9091668128967 26.9145002365112 26.8079997698466 26.8384997844696 26.756333510081 26.8153335253398 26.7981667518616 26.6889998912811 26.6074997584025 26.566999912262 26.5758332411448 26.5693329970042 26.5350000063578 26.5188332398732 26.5134999752045 26.5668331782023 26.6891665458679 26.637499888738 26.7318332990011 26.8145006497701 26.7881666024526 26.7431665261586 26.7033332983653 26.701499859492 26.6411666870117 26.5498332182566 26.4343334039052 26.4028335412343 26.4333335558573 26.4458335240682 26.4425001144409 26.4381667772929 26.3805003166199 26.4976666768392 26.6169997851054 26.7061665058136 26.7428333759308 26.6419998804728 26.4805001417796 26.4940001964569 26.4773333867391 26.5233332316081 26.6141665776571 26.5891661643982 26.5999998251597 26.7176667054494 26.7748331228892
26.7648333708445 26.7800002098083 26.7915003299713 26.8458333015442 26.8953331311544 26.8173333803813 26.722000281016 26.6253332297007 26.5306665102641 26.5506664911906 26.4938331445058 26.5276664098104 26.3258334000905 26.5158330599467 26.5626668135325 26.5296665032705 26.5013333161672 26.6324996153514 26.6291663646698 26.6788330078125 26.8136665821075 26.7319997946421 26.6498331228892 26.585166533788 26.60600010554 26.5278333822886 26.4610000451406 26.4143333435059 26.3771667480469 26.4733332792918 26.5558333396912 26.5585002104441 26.4930000305176 26.3941667874654 26.4461668332418 26.539333264033 26.688499768575 26.7176667849223 26.4556664625804 26.4828333059947 26.4928333759308 26.5800000031789 26.5908332665761 26.6640001138051 26.6521666844686 26.5603331724803 26.6596665382385 26.7775001525879
26.7068332831065 26.7523335615794 26.75066669782 26.7196668783824 26.8271668752034 26.8298335075378 26.7176666259766 26.6438333193461 26.6410001118978 26.6001664797465 26.5731665293376 26.5015000502268 26.4096664587657 26.4230000972748 26.4943331877391 26.5451666514079 26.5753331979116 26.6086666584015 26.700666586558 26.681666692098 26.8121666113536 26.7033332188924 26.597666422526 26.5103332996368 26.5181667009989 26.5181667009989 26.5084998607635 26.3865001996358 26.4268332322439 26.5220000743866 26.6123332182566 26.6206667423248 26.5761666297913 26.4894998868306 26.449166615804 26.5358331998189 26.6554996967316 26.6981667677561 26.604500134786 26.6036666234334 26.5688334306081 26.5933332443237 26.6698332627614 26.7035000324249 26.6706666946411 26.7001668612162 26.7569999694824 26.8296666940053
26.6985001564026 26.8346666495005 26.7848331928253 26.6920002301534 26.7495000362396 26.8551669120789 26.7706667582194 26.6886666615804 26.659499724706 26.6359999974569 26.4806663990021 26.4293331305186 26.4984997908274 26.4248333772024 26.4630000591278 26.4728334744771 26.5328335762024 26.6001665592194 26.7333331902822 26.7413330872854 26.7578329245249 26.6394997437795 26.5543333689372 26.4493335088094 26.5061666170756 26.547833442688 26.4826668103536 26.4800001780192 26.493833621343 26.5765000184377 26.6553333600362 26.6673333644867 26.6676665147146 26.5141664346059 26.4318332672119 26.431333065033 26.5279999574025 26.5879999001821 26.726833264033 26.6144998868306 26.5715002218882 26.6264998912811 26.6810000737508 26.7234998544057 26.6539998054504 26.7623333136241 26.8224998315175 26.8243332703908
26.6955000559489 26.83833360672 26.6429999669393 26.6189997990926 26.7388334274292 26.825333515803 26.7339998881022 26.7188335259755 26.6644999186198 26.5983333587646 26.4000001748403 26.4533332983653 26.5261665980021 26.4985001087189 26.5251665910085 26.5080000559489 26.485333442688 26.5634998480479 26.6909999847412 26.7813332080841 26.7103332678477 26.6301662921906 26.5080001354218 26.4848333199819 26.5518333911896 26.5014998118083 26.4566667079926 26.6781667868296 26.6166666348775 26.6061665217082 26.6414999961853 26.6833333174388 26.6021664937337 26.5086665153503 26.4243332544963 26.3711667060852 26.4801665941874 26.611999909083 26.7226665019989 26.6361666520437 26.5226666927338 26.5800000031789 26.7069997787476 26.7056664625804 26.7274998029073 26.7954999605815 26.8129998048147 26.7816664377848
26.731166601181 26.8193331559499 26.6318332354228 26.7459998925527 26.8494999408722 26.8044998645782 26.7611667315165 26.6954998970032 26.5898331801097 26.6011664072673 26.5133334000905 26.4246668815613 26.4596668084462 26.5394998391469 26.5861665407817 26.5498332182566 26.5498332977295 26.6201666196187 26.6924997170766 26.7846666177114 26.7471664746602 26.6238332589467 26.4990001519521 26.554500023524 26.591833114624 26.5006668567657 26.5074999332428 26.6539999643962 26.6310002009074 26.5570000807444 26.6450000603994 26.6259999275208 26.5809999306997 26.4939999580383 26.3781670729319 26.3061665693919 26.4271665414174 26.569166580836 26.6441666285197 26.4929999510447 26.4315002759298 26.5448334217072 26.6766667366028 26.7214999198914 26.8008334636688 26.8004999955495 26.7071664333344 26.604666630427
26.7531666755676 26.7445000012716 26.8419996102651 26.9064999421438 26.9264998435974 26.7240000565847 26.6956666310628 26.6051665941874 26.5179998079936 26.50066669782 26.4571666717529 26.4768333435059 26.4861666361491 26.5146666367849 26.5881666342417 26.6088333924611 26.5633334318797 26.701166788737 26.7973333199819 26.8666667143504 26.8136666615804 26.6058334509532 26.587499777476 26.6148334344228 26.5723334153493 26.5443333784739 26.5813332398732 26.5913331508636 26.6144999663035 26.50883324941 26.5468331972758 26.6464997927348 26.5628332297007 26.5058333873749 26.4539998372396 26.3298333485921 26.3130001227061 26.4494999249776 26.599666595459 26.4378333091736 26.3994997342428 26.5039999485016 26.6758333047231 26.7476665178935 26.7714997927348 26.7021666367849 26.470833381017 26.3376666704814
26.6726666291555 26.7131667137146 26.8141665458679 26.9598335425059 26.8891665140788 26.8143332004547 26.7036666075389 26.5651667118073 26.4814999103546 26.4016667207082 26.5095001061757 26.577500184377 26.6185001532237 26.6545000076294 26.6476666132609 26.6875 26.6391665935516 26.7638332049052 26.9530000686646 26.9078334967295 26.7366665999095 26.6411666075389 26.6563333670298 26.574000120163 26.4974998633067 26.5796666145325 26.5943333307902 26.6423331896464 26.6074999968211 26.4846666653951 26.5856664975484 26.6474997202555 26.5846664905548 26.5333333015442 26.5259999434153 26.3604999383291 26.342499812444 26.4951665401459 26.5626665751139 26.4243336518606 26.4094998836517 26.5598333676656 26.6263334751129 26.6198333104451 26.6361666520437 26.5905001958211 26.4411667188009 26.4251666863759
26.5960000356038 26.6336665948232 26.7004999319712 26.8591667016347 26.9696664015452 26.8241662979126 26.6473332246145 26.5221668084462 26.4079999923706 26.4368333816528 26.5473333199819 26.5963332653046 26.6505000591278 26.7368330955505 26.7321665287018 26.7599999904633 26.7401666641235 26.8908332188924 27.0596664746602 26.8658333619436 26.6083333492279 26.6338331699371 26.654833316803 26.5708333651225 26.4980000654856 26.5568334261576 26.6074999968211 26.6546666622162 26.5360000133514 26.5349998474121 26.6431668599447 26.5708332856496 26.5176666577657 26.536333322525 26.4836667378743 26.3046667575836 26.2621665000916 26.4859999020894 26.4041667779287 26.3691668510437 26.4146665732066 26.5128332773844 26.6103333632151 26.5924998919169 26.5243334770203 26.5973335107168 26.5826666355133 26.5221667289734
26.5091664791107 26.5940001010895 26.6515001455943 26.8749999205271 26.9805000623067 26.8014997641246 26.6363331476847 26.5700000127157 26.422833442688 26.4601667722066 26.5903334617615 26.6243334611257 26.6236666043599 26.6989998817444 26.7395000457764 26.7061666647593 26.7190001805623 26.7978332837423 26.8461666901906 26.6873331864675 26.5681666533152 26.636666615804 26.6613334019979 26.6006664435069 26.5846666495005 26.5898333390554 26.6248331069946 26.6589996814728 26.5788333415985 26.6551667849223 26.5701668262482 26.4691666762034 26.3693331877391 26.3663330872854 26.3209998607635 26.2308334509532 26.332333167394 26.4428332646688 26.314666668574 26.2571667035421 26.3480001290639 26.4856666723887 26.5943334897359 26.6133332252502 26.6241665681203 26.6535000006358 26.5276667277018 26.54416680336
26.4998332659403 26.5791668097178 26.6060001850128 26.8008333047231 26.7685000101725 26.6683332125346 26.5616668065389 26.3779998620351 26.3621667226156 26.4075001080831 26.4955002466838 26.5236668586731 26.5388334592183 26.5948332945506 26.6783335208893 26.707666794459 26.7075000603994 26.7576665878296 26.7105002403259 26.6311665376027 26.5625 26.6396667162577 26.6388333638509 26.622000058492 26.6355000336965 26.6360002358754 26.6766666571299 26.6355002721151 26.6496668656667 26.5563334623973 26.4326667785645 26.3016665776571 26.4288335641225 26.4531665643056 26.3124998410543 26.1635000705719 26.1901667912801 26.4071667194366 26.2736668586731 26.2381664911906 26.265833457311 26.4051667054494 26.5793335437775 26.6661667823792 26.6963331699371 26.5800001621246 26.5963332653046 26.5233333110809
26.4575000603994 26.4391667842865 26.5736668109894 26.7299997806549 26.7061666647593 26.5943331718445 26.5266666412354 26.4531668027242 26.4240001837413 26.4175001780192 26.4228333632151 26.4131667613983 26.4328331947327 26.4840000470479 26.5589999357859 26.6625001430511 26.7153332233429 26.7546667257945 26.6815001169841 26.6033333937327 26.5508334636688 26.5566668510437 26.6181666851044 26.658333381017 26.6893333594004 26.6881665388743 26.6766665776571 26.599666595459 26.5406666596731 26.4764998753866 26.3528332710266 26.3216667970022 26.4688332080841 26.4209999243418 26.2690000534058 26.1095000902812 26.2183334032695 26.408833583196 26.3506666024526 26.2944999535878 26.2793334325155 26.3903331756592 26.6146667003632 26.7160000006358 26.6026664574941 26.4994999567668 26.5283334255219 26.1229998270671
26.4746668338776 26.4441668987274 26.5285002390544 26.5894998709361 26.6978333791097 26.6183331807454 26.5251665910085 26.4921668370565 26.5023332436879 26.4393334388733 26.344499985377 26.3006667296092 26.3878331979116 26.481999874115 26.5629998842875 26.6445000171661 26.7245000998179 26.702666759491 26.6018334229787 26.5003332297007 26.4334998130798 26.4243331750234 26.4611667792002 26.5626668135325 26.6391666730245 26.67800005277 26.598666826884 26.4771666526794 26.4161667029063 26.3713332017263 26.3401667277018 26.4650002320607 26.441166639328 26.3471666177114 26.248166958491 26.1638334592183 26.2703332901001 26.5019999345144 26.3655001322428 26.345666885376 26.3513332207998 26.4523334503174 26.5958335399628 26.6770000457764 26.6128334204356 26.4803334077199 26.332999865214 26.0788332621257
