B6_all_seraphim_analyses/Environmental_files/LASV_rasters/Annual_precipitation_MRU_0.04.asc
NCOLS 360 
NROWS 264 
XLLCORNER -17 
YLLCORNER 3 
CELLSIZE 0.0416666666666667 
NODATA_value -1.7e+308 
[rows 198 to 230 of 264, columns 225 to 299 of 360]
1970 1945 1909 1876 1843 1818 1788 1760 1732 1703 1679 1658 1630 1603 1573 1544 1520 1496 1485 1470 1447 1423 1402 1386 1363 1341 1339 1337 1332 1331 1333 1325 1322 1316 1316 1315 1314 1312 1312 1314 1305 1304 1300 1296 1296 1292 1293 1293 1293 1293 1295 1299 1299 1295 1291 1295 1290 1287 1283 1282 1282 1278 1275 1283 1292 1296 1297 1300 1314 1327 1342 1356 1374 1395 1411
1991 1966 1932 1898 1863 1835 1807 1783 1750 1722 1698 1673 1644 1616 1588 1559 1531 1515 1500 1480 1453 1434 1413 1397 1377 1354 1344 1341 1343 1341 1332 1328 1320 1322 1321 1323 1323 1319 1318 1319 1317 1313 1310 1307 1306 1303 1302 1303 1308 1305 1311 1312 1314 1310 1299 1300 1300 1295 1291 1291 1291 1290 1291 1300 1304 1309 1317 1324 1335 1347 1362 1379 1399 1425 1437
2019 1992 1960 1924 1887 1852 1828 1802 1771 1742 1716 1688 1659 1627 1600 1573 1545 1532 1514 1492 1466 1445 1426 1407 1392 1374 1352 1351 1351 1346 1339 1335 1326 1327 1328 1326 1328 1330 1329 1329 1328 1327 1320 1316 1316 1314 1315 1318 1323 1320 1321 1326 1323 1316 1306 1304 1306 1303 1304 1302 1303 1303 1312 1318 1324 1333 1338 1346 1360 1370 1385 1405 1428 1450 1462
2053 2017 1977 1948 1913 1873 1851 1826 1793 1765 1737 1706 1674 1639 1608 1582 1564 1551 1534 1509 1484 1465 1443 1422 1407 1387 1366 1357 1358 1354 1348 1340 1340 1340 1335 1335 1346 1353 1336 1337 1334 1335 1330 1327 1328 1330 1327 1329 1334 1336 1334 1331 1330 1323 1318 1314 1313 1315 1312 1317 1319 1326 1329 1339 1345 1350 1359 1376 1388 1400 1420 1438 1457 1474 1490
2082 2038 2003 1971 1934 1899 1873 1845 1812 1782 1754 1722 1687 1654 1627 1606 1586 1565 1549 1526 1505 1479 1459 1439 1424 1402 1381 1362 1365 1360 1357 1354 1353 1352 1346 1341 1351 1352 1348 1344 1344 1347 1348 1352 1356 1351 1347 1346 1351 1355 1351 1343 1341 1331 1336 1326 1322 1324 1328 1327 1334 1342 1349 1359 1359 1366 1382 1397 1411 1429 1446 1465 1486 1504 1520
2106 2062 2023 1991 1953 1921 1897 1868 1832 1801 1769 1735 1702 1671 1647 1619 1602 1582 1563 1541 1517 1495 1477 1452 1435 1417 1403 1385 1368 1371 1370 1365 1361 1362 1349 1351 1360 1364 1364 1357 1360 1363 1365 1368 1373 1371 1370 1365 1368 1369 1370 1360 1352 1348 1349 1348 1337 1339 1337 1343 1351 1361 1367 1377 1385 1393 1401 1419 1433 1450 1467 1490 1506 1530 1548
2132 2088 2044 2014 1976 1946 1920 1885 1850 1816 1782 1749 1718 1690 1663 1637 1613 1598 1577 1552 1530 1509 1494 1468 1447 1433 1416 1406 1387 1374 1378 1377 1373 1366 1358 1366 1374 1373 1376 1375 1378 1379 1383 1386 1387 1389 1385 1388 1390 1387 1384 1373 1369 1376 1391 1368 1355 1352 1350 1361 1371 1381 1386 1398 1409 1417 1424 1443 1453 1473 1494 1514 1532 1558 1582
2155 2116 2073 2037 1997 1973 1942 1906 1867 1830 1798 1766 1734 1709 1684 1661 1638 1612 1588 1567 1543 1522 1505 1488 1466 1451 1435 1420 1407 1388 1380 1381 1381 1378 1372 1382 1384 1382 1383 1384 1389 1390 1399 1408 1408 1407 1410 1408 1408 1408 1403 1397 1394 1401 1398 1391 1376 1373 1378 1389 1394 1397 1407 1421 1430 1442 1453 1464 1482 1500 1523 1540 1562 1588 1613
2187 2145 2097 2061 2023 1989 1959 1926 1883 1847 1817 1787 1756 1730 1708 1684 1653 1630 1600 1585 1561 1537 1516 1496 1475 1475 1450 1435 1417 1404 1384 1386 1388 1386 1383 1386 1389 1391 1390 1393 1400 1403 1414 1422 1423 1424 1426 1428 1432 1436 1433 1423 1420 1414 1416 1408 1402 1401 1406 1412 1414 1420 1425 1436 1449 1460 1470 1486 1506 1523 1549 1570 1593 1624 1650
2215 2168 2124 2087 2051 2008 1977 1944 1910 1869 1834 1806 1777 1754 1728 1700 1670 1637 1615 1593 1574 1551 1525 1503 1482 1470 1462 1446 1431 1419 1404 1390 1394 1394 1391 1395 1400 1398 1400 1406 1411 1421 1427 1434 1439 1446 1453 1456 1460 1463 1457 1453 1449 1442 1441 1436 1432 1428 1428 1434 1439 1441 1450 1453 1466 1476 1491 1510 1523 1545 1571 1592 1624 1643 1668
2241 2198 2154 2108 2067 2028 1996 1964 1934 1895 1854 1826 1805 1776 1743 1709 1687 1652 1633 1611 1586 1563 1541 1513 1496 1484 1478 1457 1449 1438 1428 1407 1391 1397 1401 1407 1407 1412 1415 1421 1425 1441 1443 1449 1460 1467 1479 1480 1487 1485 1482 1481 1478 1471 1465 1457 1453 1450 1448 1457 1460 1463 1473 1472 1482 1500 1519 1533 1545 1565 1577 1611 1636 1653 1677
2264 2220 2179 2127 2091 2052 2020 1986 1954 1922 1887 1846 1825 1793 1754 1723 1695 1664 1640 1621 1594 1576 1552 1526 1511 1502 1494 1475 1466 1455 1445 1430 1407 1404 1411 1415 1421 1424 1428 1436 1444 1451 1461 1473 1485 1495 1504 1511 1515 1518 1516 1508 1507 1499 1492 1478 1469 1463 1468 1478 1480 1484 1495 1495 1495 1516 1532 1547 1555 1550 1569 1604 1616 1627 1651
2281 2246 2206 2149 2114 2078 2041 2008 1976 1951 1918 1869 1835 1805 1770 1736 1705 1676 1651 1627 1604 1583 1563 1540 1526 1513 1501 1490 1480 1466 1456 1442 1422 1420 1421 1428 1431 1435 1441 1444 1453 1465 1477 1494 1508 1521 1532 1540 1546 1547 1541 1537 1530 1520 1510 1479 1458 1466 1477 1484 1486 1487 1484 1497 1504 1520 1538 1547 1532 1542 1574 1603 1618 1634 1664
2309 2269 2226 2173 2130 2096 2063 2026 1997 1969 1928 1901 1861 1827 1790 1762 1731 1706 1678 1644 1621 1601 1579 1555 1535 1524 1512 1496 1486 1478 1468 1455 1443 1427 1431 1437 1441 1443 1449 1458 1465 1480 1497 1512 1527 1543 1563 1570 1580 1575 1566 1561 1553 1534 1521 1485 1466 1465 1482 1491 1483 1478 1474 1487 1500 1514 1526 1528 1525 1552 1576 1595 1612 1631 1645
2339 2291 2244 2192 2157 2118 2079 2048 2018 1976 1944 1916 1881 1851 1814 1785 1758 1736 1701 1667 1632 1610 1591 1569 1549 1536 1523 1512 1498 1489 1479 1467 1460 1449 1440 1450 1448 1454 1462 1468 1481 1497 1517 1532 1548 1566 1584 1599 1603 1593 1579 1568 1556 1529 1500 1477 1472 1470 1469 1468 1458 1459 1460 1466 1470 1483 1498 1513 1526 1542 -1.7e+308 -1.7e+308 -1.7e+308 -1.7e+308 -1.7e+308
2372 2312 2262 2220 2183 2142 2106 2071 2031 1997 1963 1929 1898 1865 1834 1806 1782 1741 1704 1682 1650 1624 1601 1584 1565 1550 1539 1526 1512 1499 1491 1480 1473 1460 1458 1458 1457 1462 1469 1476 1486 1503 1521 1536 1550 1563 1580 1592 1592 1579 1557 1545 1533 1512 1492 1478 1471 1468 -1.7e+308 -1.7e+308 -1.7e+308 -1.7e+308 -1.7e+308 -1.7e+308 -1.7e+308 -1.7e+308 -1.7e+308 -1.7e+308 -1.7e+308 -1.7e+308 -1.7e+308 -1.7e+308 -1.7e+308 -1.7e+308 -1.7e+308
2404 2339 2296 2252 2209 2165 2130 2089 2050 2016 1978 1944 1912 1883 1848 1820 1793 1760 1720 1692 1669 1646 1619 1599 1583 1569 1554 1541 1527 1514 1505 1496 1485 1473 1460 1463 1466 1473 1479 1482 1492 1497 1500 1504 1520 1534 1547 1559 1573 -1.7e+308 -1.7e+308 -1.7e+308 -1.7e+308 -1.7e+308 -1.7e+308 -1.7e+308 -1.7e+308 -1.7e+308 -1.7e+308 -1.7e+308 -1.7e+308 -1.7e+308 -1.7e+308 -1.7e+308 -1.7e+308 -1.7e+308 -1.7e+308 -1.7e+308 -1.7e+308 -1.7e+308 -1.7e+308 -1.7e+308 -1.7e+308 -1.7e+308 -1.7e+308
2437 2370 2321 2276 2231 2190 2144 2100 2060 2027 1999 1958 1926 1898 1863 1836 1813 1771 1737 1713 1688 1666 1639 1605 1597 1583 1574 1560 1547 1530 1515 1504 1495 1491 1480 1469 1466 1469 1471 1467 1462 1462 1463 -1.7e+308 -1.7e+308 -1.7e+308 -1.7e+308 -1.7e+308 -1.7e+308 -1.7e+308 -1.7e+308 -1.7e+308 -1.7e+308 -1.7e+308 -1.7e+308 -1.7e+308 -1.7e+308 -1.7e+308 -1.7e+308 -1.7e+308 -1.7e+308 -1.7e+308 -1.7e+308 -1.7e+308 -1.7e+308 -1.7e+308 -1.7e+308 -1.7e+308 -1.7e+308 -1.7e+308 -1.7e+308 -1.7e+308 -1.7e+308 -1.7e+308 -1.7e+308
2465 2400 2344 2302 2253 2206 2159 2116 2079 2044 2017 1977 1940 1909 1879 1845 1816 1784 1754 1730 1704 1684 1658 1628 1621 1605 1591 1577 1561 1545 1532 1523 1512 1506 1492 1479 1447 1432 1432 1436 -1.7e+308 -1.7e+308 -1.7e+308 -1.7e+308 -1.7e+308 -1.7e+308 -1.7e+308 -1.7e+308 -1.7e+308 -1.7e+308 -1.7e+308 -1.7e+308 -1.7e+308 -1.7e+308 -1.7e+308 -1.7e+308 -1.7e+308 -1.7e+308 -1.7e+308 -1.7e+308 -1.7e+308 -1.7e+308 -1.7e+308 -1.7e+308 -1.7e+308 -1.7e+308 -1.7e+308 -1.7e+308 -1.7e+308 -1.7e+308 -1.7e+308 -1.7e+308 -1.7e+308 -1.7e+308 -1.7e+308
2511 2435 2361 2307 2259 2219 2173 2132 2092 2062 2028 1991 1957 1922 1884 1852 1828 1797 1777 1754 1722 1702 1679 1660 1641 1628 1609 1594 1578 1560 1551 1539 1527 1508 1483 1449 1434 -1.7e+308 -1.7e+308 -1.7e+308 -1.7e+308 -1.7e+308 -1.7e+308 -1.7e+308 -1.7e+308 -1.7e+308 -1.7e+308 -1.7e+308 -1.7e+308 -1.7e+308 -1.7e+308 -1.7e+308 -1.7e+308 -1.7e+308 -1.7e+308 -1.7e+308 -1.7e+308 -1.7e+308 -1.7e+308 -1.7e+308 -1.7e+308 -1.7e+308 -1.7e+308 -1.7e+308 -1.7e+308 -1.7e+308 -1.7e+308 -1.7e+308 -1.7e+308 -1.7e+308 -1.7e+308 -1.7e+308 -1.7e+308 -1.7e+308 -1.7e+308
2559 2481 2399 2333 2286 2240 2199 2153 2111 2078 2045 2007 1975 1939 1896 1870 1840 1816 1798 1766 1741 1718 1699 1678 1660 1644 1623 1611 1594 1577 1564 1541 1513 1485 1461 1443 -1.7e+308 -1.7e+308 -1.7e+308 -1.7e+308 -1.7e+308 -1.7e+308 -1.7e+308 -1.7e+308 -1.7e+308 -1.7e+308 -1.7e+308 -1.7e+308 -1.7e+308 -1.7e+308 -1.7e+308 -1.7e+308 -1.7e+308 -1.7e+308 -1.7e+308 -1.7e+308 -1.7e+308 -1.7e+308 -1.7e+308 -1.7e+308 -1.7e+308 -1.7e+308 -1.7e+308 -1.7e+308 -1.7e+308 -1.7e+308 -1.7e+308 -1.7e+308 -1.7e+308 -1.7e+308 -1.7e+308 -1.7e+308 -1.7e+308 -1.7e+308 -1.7e+308
2617 2525 2450 2378 2317 2266 2217 2171 2126 2091 2060 2022 1983 1949 1912 1884 1854 1837 1810 1784 1765 1742 1718 1694 1678 1656 1635 1623 1599 1571 1540 1512 1487 1469 -1.7e+308 -1.7e+308 -1.7e+308 -1.7e+308 -1.7e+308 -1.7e+308 -1.7e+308 -1.7e+308 -1.7e+308 -1.7e+308 -1.7e+308 -1.7e+308 -1.7e+308 -1.7e+308 -1.7e+308 -1.7e+308 -1.7e+308 -1.7e+308 -1.7e+308 -1.7e+308 -1.7e+308 -1.7e+308 -1.7e+308 -1.7e+308 -1.7e+308 -1.7e+308 -1.7e+308 -1.7e+308 -1.7e+308 -1.7e+308 -1.7e+308 -1.7e+308 -1.7e+308 -1.7e+308 -1.7e+308 -1.7e+308 -1.7e+308 -1.7e+308 -1.7e+308 -1.7e+308 -1.7e+308
2674 2599 2484 2408 2342 2282 2230 2187 2143 2105 2065 2030 1990 1959 1927 1896 1869 1848 1823 1803 1781 1756 1733 1710 1684 1652 1623 1606 1567 1535 1515 -1.7e+308 -1.7e+308 -1.7e+308 -1.7e+308 -1.7e+308 -1.7e+308 -1.7e+308 -1.7e+308 -1.7e+308 -1.7e+308 -1.7e+308 -1.7e+308 -1.7e+308 -1.7e+308 -1.7e+308 -1.7e+308 -1.7e+308 -1.7e+308 -1.7e+308 -1.7e+308 -1.7e+308 -1.7e+308 -1.7e+308 -1.7e+308 -1.7e+308 -1.7e+308 -1.7e+308 -1.7e+308 -1.7e+308 -1.7e+308 -1.7e+308 -1.7e+308 -1.7e+308 -1.7e+308 -1.7e+308 -1.7e+308 -1.7e+308 -1.7e+308 -1.7e+308 -1.7e+308 -1.7e+308 -1.7e+308 -1.7e+308 -1.7e+308
2691 2604 2510 2426 2357 2295 2245 2193 2151 2117 2079 2033 2005 1972 1941 1912 1886 1862 1841 1815 1786 1767 1752 1736 1661 1618 1591 1570 -1.7e+308 -1.7e+308 -1.7e+308 -1.7e+308 -1.7e+308 -1.7e+308 -1.7e+308 -1.7e+308 -1.7e+308 -1.7e+308 -1.7e+308 -1.7e+308 -1.7e+308 -1.7e+308 -1.7e+308 -1.7e+308 -1.7e+308 -1.7e+308 -1.7e+308 -1.7e+308 -1.7e+308 -1.7e+308 -1.7e+308 -1.7e+308 -1.7e+308 -1.7e+308 -1.7e+308 -1.7e+308 -1.7e+308 -1.7e+308 -1.7e+308 -1.7e+308 -1.7e+308 -1.7e+308 -1.7e+308 -1.7e+308 -1.7e+308 -1.7e+308 -1.7e+308 -1.7e+308 -1.7e+308 -1.7e+308 -1.7e+308 -1.7e+308 -1.7e+308 -1.7e+308 -1.7e+308
2653 2578 2497 2427 2366 2307 2252 2203 2167 2128 2086 2046 2015 1984 1955 1924 1890 1857 1828 1797 1772 1744 1695 1695 1669 -1.7e+308 -1.7e+308 -1.7e+308 -1.7e+308 -1.7e+308 -1.7e+308 -1.7e+308 -1.7e+308 -1.7e+308 -1.7e+308 -1.7e+308 -1.7e+308 -1.7e+308 -1.7e+308 -1.7e+308 -1.7e+308 -1.7e+308 -1.7e+308 -1.7e+308 -1.7e+308 -1.7e+308 -1.7e+308 -1.7e+308 -1.7e+308 -1.7e+308 -1.7e+308 -1.7e+308 -1.7e+308 -1.7e+308 -1.7e+308 -1.7e+308 -1.7e+308 -1.7e+308 -1.7e+308 -1.7e+308 -1.7e+308 -1.7e+308 -1.7e+308 -1.7e+308 -1.7e+308 -1.7e+308 -1.7e+308 -1.7e+308 -1.7e+308 -1.7e+308 -1.7e+308 -1.7e+308 -1.7e+308 -1.7e+308 -1.7e+308
2614 2546 2479 2416 2360 2308 2253 2207 2175 2136 2092 2055 2027 1994 1969 1935 1882 1821 1791 1759 1729 1706 1684 -1.7e+308 -1.7e+308 -1.7e+308 -1.7e+308 -1.7e+308 -1.7e+308 -1.7e+308 -1.7e+308 -1.7e+308 -1.7e+308 -1.7e+308 -1.7e+308 -1.7e+308 -1.7e+308 -1.7e+308 -1.7e+308 -1.7e+308 -1.7e+308 -1.7e+308 -1.7e+308 -1.7e+308 -1.7e+308 -1.7e+308 -1.7e+308 -1.7e+308 -1.7e+308 -1.7e+308 -1.7e+308 -1.7e+308 -1.7e+308 -1.7e+308 -1.7e+308 -1.7e+308 -1.7e+308 -1.7e+308 -1.7e+308 -1.7e+308 -1.7e+308 -1.7e+308 -1.7e+308 -1.7e+308 -1.7e+308 -1.7e+308 -1.7e+308 -1.7e+308 -1.7e+308 -1.7e+308 -1.7e+308 -1.7e+308 -1.7e+308 -1.7e+308 -1.7e+308
2574 2513 2456 2405 2346 2297 2253 2212 2175 2140 2101 2069 2037 2001 1970 1918 1858 -1.7e+308 -1.7e+308 -1.7e+308 -1.7e+308 -1.7e+308 -1.7e+308 -1.7e+308 -1.7e+308 -1.7e+308 -1.7e+308 -1.7e+308 -1.7e+308 -1.7e+308 -1.7e+308 -1.7e+308 -1.7e+308 -1.7e+308 -1.7e+308 -1.7e+308 -1.7e+308 -1.7e+308 -1.7e+308 -1.7e+308 -1.7e+308 -1.7e+308 -1.7e+308 -1.7e+308 -1.7e+308 -1.7e+308 -1.7e+308 -1.7e+308 -1.7e+308 -1.7e+308 -1.7e+308 -1.7e+308 -1.7e+308 -1.7e+308 -1.7e+308 -1.7e+308 -1.7e+308 -1.7e+308 -1.7e+308 -1.7e+308 -1.7e+308 -1.7e+308 -1.7e+308 -1.7e+308 -1.7e+308 -1.7e+308 -1.7e+308 -1.7e+308 -1.7e+308 -1.7e+308 -1.7e+308 -1.7e+308 -1.7e+308 -1.7e+308 -1.7e+308
2536 2477 2432 2383 2336 2287 2250 2215 2177 2138 2105 2075 2035 1997 1944 1892 -1.7e+308 -1.7e+308 -1.7e+308 -1.7e+308 -1.7e+308 -1.7e+308 -1.7e+308 -1.7e+308 -1.7e+308 -1.7e+308 -1.7e+308 -1.7e+308 -1.7e+308 -1.7e+308 -1.7e+308 -1.7e+308 -1.7e+308 -1.7e+308 -1.7e+308 -1.7e+308 -1.7e+308 -1.7e+308 -1.7e+308 -1.7e+308 -1.7e+308 -1.7e+308 -1.7e+308 -1.7e+308 -1.7e+308 -1.7e+308 -1.7e+308 -1.7e+308 -1.7e+308 -1.7e+308 -1.7e+308 -1.7e+308 -1.7e+308 -1.7e+308 -1.7e+308 -1.7e+308 -1.7e+308 -1.7e+308 -1.7e+308 -1.7e+308 -1.7e+308 -1.7e+308 -1.7e+308 -1.7e+308 -1.7e+308 -1.7e+308 -1.7e+308 -1.7e+308 -1.7e+308 -1.7e+308 -1.7e+308 -1.7e+308 -1.7e+308 -1.7e+308 -1.7e+308
2503 2446 2403 2362 2320 2280 2242 2208 2175 2133 2085 2043 1996 1948 1914 -1.7e+308 -1.7e+308 -1.7e+308 -1.7e+308 -1.7e+308 -1.7e+308 -1.7e+308 -1.7e+308 -1.7e+308 -1.7e+308 -1.7e+308 -1.7e+308 -1.7e+308 -1.7e+308 -1.7e+308 -1.7e+308 -1.7e+308 -1.7e+308 -1.7e+308 -1.7e+308 -1.7e+308 -1.7e+308 -1.7e+308 -1.7e+308 -1.7e+308 -1.7e+308 -1.7e+308 -1.7e+308 -1.7e+308 -1.7e+308 -1.7e+308 -1.7e+308 -1.7e+308 -1.7e+308 -1.7e+308 -1.7e+308 -1.7e+308 -1.7e+308 -1.7e+308 -1.7e+308 -1.7e+308 -1.7e+308 -1.7e+308 -1.7e+308 -1.7e+308 -1.7e+308 -1.7e+308 -1.7e+308 -1.7e+308 -1.7e+308 -1.7e+308 -1.7e+308 -1.7e+308 -1.7e+308 -1.7e+308 -1.7e+308 -1.7e+308 -1.7e+308 -1.7e+308 -1.7e+308
2466 2415 2380 2346 2314 2280 2241 2204 2158 2093 2038 1985 1950 1919 -1.7e+308 -1.7e+308 -1.7e+308 -1.7e+308 -1.7e+308 -1.7e+308 -1.7e+308 -1.7e+308 -1.7e+308 -1.7e+308 -1.7e+308 -1.7e+308 -1.7e+308 -1.7e+308 -1.7e+308 -1.7e+308 -1.7e+308 -1.7e+308 -1.7e+308 -1.7e+308 -1.7e+308 -1.7e+308 -1.7e+308 -1.7e+308 -1.7e+308 -1.7e+308 -1.7e+308 -1.7e+308 -1.7e+308 -1.7e+308 -1.7e+308 -1.7e+308 -1.7e+308 -1.7e+308 -1.7e+308 -1.7e+308 -1.7e+308 -1.7e+308 -1.7e+308 -1.7e+308 -1.7e+308 -1.7e+308 -1.7e+308 -1.7e+308 -1.7e+308 -1.7e+308 -1.7e+308 -1.7e+308 -1.7e+308 -1.7e+308 -1.7e+308 -1.7e+308 -1.7e+308 -1.7e+308 -1.7e+308 -1.7e+308 -1.7e+308 -1.7e+308 -1.7e+308 -1.7e+308 -1.7e+308
2455 2405 2372 2341 2309 2273 2232 2176 2111 2081 -1.7e+308 -1.7e+308 -1.7e+308 -1.7e+308 -1.7e+308 -1.7e+308 -1.7e+308 -1.7e+308 -1.7e+308 -1.7e+308 -1.7e+308 -1.7e+308 -1.7e+308 -1.7e+308 -1.7e+308 -1.7e+308 -1.7e+308 -1.7e+308 -1.7e+308 -1.7e+308 -1.7e+308 -1.7e+308 -1.7e+308 -1.7e+308 -1.7e+308 -1.7e+308 -1.7e+308 -1.7e+308 -1.7e+308 -1.7e+308 -1.7e+308 -1.7e+308 -1.7e+308 -1.7e+308 -1.7e+308 -1.7e+308 -1.7e+308 -1.7e+308 -1.7e+308 -1.7e+308 -1.7e+308 -1.7e+308 -1.7e+308 -1.7e+308 -1.7e+308 -1.7e+308 -1.7e+308 -1.7e+308 -1.7e+308 -1.7e+308 -1.7e+308 -1.7e+308 -1.7e+308 -1.7e+308 -1.7e+308 -1.7e+308 -1.7e+308 -1.7e+308 -1.7e+308 -1.7e+308 -1.7e+308 -1.7e+308 -1.7e+308 -1.7e+308 -1.7e+308
2463 2406 2374 2339 2294 2246 2191 2142 -1.7e+308 -1.7e+308 -1.7e+308 -1.7e+308 -1.7e+308 -1.7e+308 -1.7e+308 -1.7e+308 -1.7e+308 -1.7e+308 -1.7e+308 -1.7e+308 -1.7e+308 -1.7e+308 -1.7e+308 -1.7e+308 -1.7e+308 -1.7e+308 -1.7e+308 -1.7e+308 -1.7e+308 -1.7e+308 -1.7e+308 -1.7e+308 -1.7e+308 -1.7e+308 -1.7e+308 -1.7e+308 -1.7e+308 -1.7e+308 -1.7e+308 -1.7e+308 -1.7e+308 -1.7e+308 -1.7e+308 -1.7e+308 -1.7e+308 -1.7e+308 -1.7e+308 -1.7e+308 -1.7e+308 -1.7e+308 -1.7e+308 -1.7e+308 -1.7e+308 -1.7e+308 -1.7e+308 -1.7e+308 -1.7e+308 -1.7e+308 -1.7e+308 -1.7e+308 -1.7e+308 -1.7e+308 -1.7e+308 -1.7e+308 -1.7e+308 -1.7e+308 -1.7e+308 -1.7e+308 -1.7e+308 -1.7e+308 -1.7e+308 -1.7e+308 -1.7e+308 -1.7e+308 -1.7e+308
2453 2387 2343 2303 2247 2201 2180 -1.7e+308 -1.7e+308 -1.7e+308 -1.7e+308 -1.7e+308 -1.7e+308 -1.7e+308 -1.7e+308 -1.7e+308 -1.7e+308 -1.7e+308 -1.7e+308 -1.7e+308 -1.7e+308 -1.7e+308 -1.7e+308 -1.7e+308 -1.7e+308 -1.7e+308 -1.7e+308 -1.7e+308 -1.7e+308 -1.7e+308 -1.7e+308 -1.7e+308 -1.7e+308 -1.7e+308 -1.7e+308 -1.7e+308 -1.7e+308 -1.7e+308 -1.7e+308 -1.7e+308 -1.7e+308 -1.7e+308 -1.7e+308 -1.7e+308 -1.7e+308 -1.7e+308 -1.7e+308 -1.7e+308 -1.7e+308 -1.7e+308 -1.7e+308 -1.7e+308 -1.7e+308 -1.7e+308 -1.7e+308 -1.7e+308 -1.7e+308 -1.7e+308 -1.7e+308 -1.7e+308 -1.7e+308 -1.7e+308 -1.7e+308 -1.7e+308 -1.7e+308 -1.7e+308 -1.7e+308 -1.7e+308 -1.7e+308 -1.7e+308 -1.7e+308 -1.7e+308 -1.7e+308 -1.7e+308 -1.7e+308
