B6_all_seraphim_analyses/Environmental_files/LASV_rasters/Annual_precipitation_MRU_0.04.asc
NCOLS 360 
NROWS 264 
XLLCORNER -17 
YLLCORNER 3 
CELLSIZE 0.0416666666666667 
NODATA_value -1.7e+308 
[rows 132 to 164 of 264, columns 150 to 224 of 360]
2581 2577 2574 2573 2576 2580 2575 2570 2561 2542 2535 2534 2527 2525 2529 2536 2534 2547 2549 2559 2557 2561 2556 2537 2537 2538 2529 2508 2502 2488 2463 2434 2393 2349 2232 2197 2182 2152 2136 2096 2051 2021 1997 1976 1944 1877 1838 1820 1805 1774 1750 1725 1707 1684 1662 1649 1640 1610 1582 1553 1535 1515 1498 1479 1466 1451 1446 1427 1402 1389 1373 1362 1348 1334 1327
2603 2599 2593 2594 2598 2601 2594 2591 2578 2574 2566 2556 2547 2549 2551 2553 2556 2561 2566 2564 2566 2570 2568 2569 2567 2554 2534 2512 2504 2486 2463 2429 2391 2327 2240 2211 2189 2170 2137 2093 2058 2032 2003 1975 1942 1878 1846 1832 1810 1786 1760 1743 1730 1710 1676 1672 1677 1662 1591 1555 1538 1518 1502 1485 1472 1459 1450 1429 1409 1392 1369 1352 1336 1330 1323
2622 2619 2613 2616 2622 2622 2612 2604 2596 2588 2582 2566 2566 2563 2562 2565 2564 2567 2569 2572 2579 2580 2579 2579 2567 2551 2546 2527 2506 2481 2454 2419 2381 2321 2248 2226 2209 2173 2128 2094 2062 2032 2001 1971 1938 1892 1863 1841 1816 1782 1767 1751 1734 1716 1688 1679 1704 1695 1606 1568 1547 1527 1514 1499 1491 1474 1457 1432 1407 1397 1368 1347 1330 1324 1317
2640 2629 2628 2639 2645 2646 2634 2626 2611 2599 2588 2580 2581 2573 2571 2573 2574 2575 2577 2585 2582 2576 2574 2571 2555 2547 2538 2521 2499 2470 2440 2406 2373 2271 2239 2242 2201 2165 2129 2093 2061 2031 2002 1979 1941 1907 1872 1851 1821 1788 1769 1745 1722 1698 1684 1681 1700 1691 1622 1578 1557 1540 1523 1511 1493 1487 1464 1443 1423 1392 1370 1354 1338 1325 1314
2650 2634 2637 2650 2664 2660 2653 2643 2624 2606 2600 2594 2588 2585 2581 2580 2578 2575 2578 2573 2574 2564 2558 2566 2550 2537 2529 2512 2488 2456 2421 2392 2341 2263 2231 2231 2199 2163 2128 2093 2058 2029 2008 1976 1946 1904 1884 1863 1840 1813 1772 1752 1724 1704 1683 1674 1660 1634 1611 1586 1566 1555 1542 1540 1505 1488 1472 1455 1436 1408 1379 1363 1344 1332 1317
2662 2647 2662 2682 2689 2679 2663 2647 2635 2620 2608 2605 2595 2590 2587 2589 2586 2572 2571 2564 2551 2544 2549 2558 2544 2538 2521 2497 2469 2438 2406 2377 2313 2248 2242 2223 2188 2156 2122 2090 2056 2028 1995 1967 1943 1914 1903 1888 1868 1837 1798 1752 1731 1711 1689 1676 1660 1636 1617 1594 1580 1565 1550 1538 1512 1501 1474 1462 1456 1428 1396 1390 1356 1338 1313
2668 2632 2671 2684 2688 2679 2668 2657 2636 2624 2615 2609 2600 2596 2591 2582 2580 2573 2564 2553 2543 2529 2534 2538 2532 2515 2499 2474 2449 2420 2393 2362 2283 2264 2245 2215 2181 2151 2118 2089 2058 2042 2003 1977 1944 1931 1902 1889 1869 1880 1844 1796 1744 1719 1700 1680 1666 1646 1626 1605 1589 1578 1560 1536 1514 1508 1484 1478 1463 1439 1406 1391 1369 1350 1367
2658 2664 2675 2681 2683 2678 2667 2652 2635 2624 2615 2609 2602 2593 2585 2576 2574 2564 2559 2547 2489 2508 2518 2512 2508 2488 2474 2456 2428 2404 2379 2326 2281 2270 2231 2205 2172 2146 2116 2085 2057 2044 1999 1978 1954 1934 1905 1886 1867 1843 1837 1820 1784 1741 1712 1693 1676 1656 1636 1619 1601 1582 1566 1545 1525 1506 1485 1475 1470 1434 1407 1389 1378 1382 1384
2667 2678 2673 2674 2679 2675 2656 2643 2627 2619 2610 2606 2600 2594 2580 2575 2567 2561 2562 2512 2486 2495 2495 2485 2476 2467 2450 2427 2407 2384 2342 2311 2287 2252 2224 2195 2164 2133 2110 2080 2047 2027 1992 1962 1951 1929 1893 1874 1853 1825 1841 1807 1776 1749 1727 1714 1698 1679 1650 1630 1613 1595 1578 1559 1537 1517 1499 1475 1457 1435 1420 1401 1396 1392 1380
2672 2665 2663 2668 2674 2659 2644 2640 2632 2621 2612 2604 2595 2587 2571 2562 2552 2548 2547 2510 2486 2480 2478 2471 2454 2439 2422 2400 2378 2351 2324 2301 2270 2243 2211 2184 2151 2128 2106 2074 2041 2016 1989 1963 1939 1915 1892 1872 1850 1835 1825 1802 1781 1763 1748 1728 1720 1703 1676 1650 1630 1609 1590 1572 1552 1530 1508 1488 1468 1449 1431 1421 1407 1396 1383
2671 2664 2662 2664 2653 2646 2634 2625 2622 2605 2598 2595 2586 2576 2565 2549 2539 2526 2527 2499 2477 2470 2461 2448 2433 2414 2398 2379 2355 2329 2307 2278 2253 2229 2197 2168 2142 2119 2097 2067 2038 2016 1986 1964 1939 1919 1894 1872 1852 1841 1827 1807 1790 1770 1755 1739 1734 1715 1700 1676 1648 1626 1607 1584 1565 1546 1522 1502 1484 1464 1449 1434 1420 1407 1395
2675 2665 2654 2654 2652 2644 2642 2629 2614 2603 2594 2588 2578 2568 2555 2543 2527 2512 2510 2496 2470 2456 2445 2429 2414 2396 2378 2358 2339 2318 2287 2264 2238 2218 2184 2160 2145 2116 2083 2058 2041 2013 1982 1961 1936 1915 1895 1880 1865 1848 1838 1825 1808 1797 1776 1760 1749 1732 1715 1682 1658 1640 1621 1606 1583 1557 1537 1523 1503 1481 1463 1448 1434 1418 1413
2677 2665 2656 2647 2641 2636 2636 2626 2615 2606 2592 2579 2569 2554 2544 2527 2514 2501 2492 2477 2455 2441 2425 2410 2399 2387 2366 2339 2313 2292 2265 2242 2222 2197 2171 2149 2128 2103 2074 2066 2037 2006 1987 1959 1942 1915 1898 1886 1870 1856 1849 1837 1822 1807 1792 1775 1762 1746 1727 1703 1681 1662 1643 1622 1601 1581 1559 1541 1521 1505 1480 1466 1445 1432 1424
2675 2668 2655 2650 2647 2639 2632 2621 2613 2604 2588 2575 2563 2547 2532 2522 2507 2492 2478 2457 2434 2418 2405 2387 2375 2361 2337 2317 2296 2268 2245 2231 2207 2187 2164 2140 2110 2086 2071 2048 2021 1999 1977 1951 1936 1923 1903 1890 1880 1869 1863 1848 1832 1816 1806 1793 1779 1757 1747 1727 1705 1678 1666 1648 1624 1600 1577 1563 1538 1517 1498 1475 1461 1445 1424
2685 2674 2654 2655 2643 2632 2622 2614 2602 2596 2581 2565 2551 2532 2520 2507 2491 2475 2454 2434 2417 2400 2381 2364 2349 2336 2310 2293 2269 2247 2229 2216 2191 2167 2148 2122 2096 2074 2060 2038 2016 1994 1971 1947 1933 1923 1904 1891 1884 1879 1870 1859 1847 1831 1822 1813 1798 1775 1760 1740 1715 1694 1679 1663 1637 1615 1595 1580 1554 1533 1513 1490 1470 1455 1436
2688 2671 2652 2642 2628 2621 2609 2590 2585 2583 2567 2550 2535 2523 2514 2500 2477 2452 2431 2413 2399 2388 2374 2354 2332 2309 2289 2266 2249 2232 2220 2198 2176 2155 2133 2110 2085 2068 2050 2032 2011 1989 1972 1954 1937 1923 1912 1898 1892 1888 1887 1868 1859 1848 1837 1825 1811 1789 1780 1757 1731 1707 1690 1683 1654 1629 1608 1589 1564 1542 1526 1509 1485 1469 1450
2688 2668 2655 2637 2627 2616 2600 2590 2584 2577 2563 2548 2526 2509 2498 2476 2446 2430 2409 2394 2391 2382 2362 2342 2312 2291 2267 2244 2227 2219 2207 2184 2162 2140 2116 2095 2082 2062 2042 2028 2008 1988 1976 1953 1936 1919 1918 1907 1906 1904 1896 1883 1871 1875 1853 1842 1827 1803 1787 1772 1744 1723 1714 1697 1678 1650 1625 1602 1580 1559 1543 1522 1511 1493 1478
2689 2659 2643 2636 2625 2618 2610 2599 2593 2576 2558 2542 2519 2493 2469 2444 2425 2412 2396 2381 2369 2358 2337 2313 2290 2268 2241 2225 2209 2198 2192 2171 2149 2125 2104 2091 2065 2050 2036 2019 2003 1993 1983 1966 1945 1933 1948 1924 1924 1918 1904 1896 1895 1892 1875 1870 1845 1820 1800 1785 1760 1746 1737 1725 1706 1675 1650 1623 1606 1595 1567 1555 1533 1516 1502
2683 2659 2654 2643 2634 2634 2623 2608 2581 2559 2545 2531 2505 2476 2451 2428 2417 2397 2387 2371 2360 2335 2306 2292 2270 2243 2222 2204 2191 2181 2162 2151 2132 2106 2093 2079 2063 2045 2032 2022 2018 2006 1994 1976 1956 1938 1938 1940 1941 1929 1925 1924 1917 1906 1893 1880 1857 1847 1827 1802 1780 1771 1763 1750 1726 1711 1669 1659 1646 1612 1583 1569 1555 1545 1533
2675 2679 2673 2656 2644 2637 2619 2595 2575 2562 2550 2518 2488 2458 2437 2423 2405 2389 2373 2362 2347 2330 2291 2268 2243 2224 2206 2190 2179 2153 2132 2127 2114 2099 2085 2072 2053 2046 2038 2032 2024 2010 2002 1993 1977 1965 1955 1956 1959 1949 1948 1952 1941 1931 1928 1918 1917 1899 1842 1816 1799 1793 1782 1764 1745 1726 1719 1703 1678 1635 1597 1567 1564 1568 1563
2700 2702 2686 2674 2661 2638 2608 2588 2575 2553 2525 2493 2471 2458 2436 2412 2397 2390 2376 2350 2324 2295 2271 2250 2227 2208 2190 2169 2150 2131 2120 2111 2096 2084 2072 2073 2051 2041 2037 2031 2026 2015 2011 2005 1998 1987 1988 1986 1988 1982 1994 1987 1969 1958 1953 1945 1972 1915 1858 1833 1815 1813 1803 1787 1760 1747 1730 1723 1682 1634 1608 1583 1581 1588 1565
2696 2697 2692 2677 2657 2638 2618 2594 2571 2544 2516 2491 2472 2450 2431 2419 2407 2382 2356 2328 2304 2281 2261 2229 2211 2196 2170 2149 2133 2121 2111 2104 2088 2073 2066 2057 2039 2044 2036 2038 2038 2027 2027 2026 2018 2015 2014 2019 2020 2023 2010 2000 1991 1982 1980 1986 1965 1914 1883 1864 1843 1834 1835 1806 1783 1781 1760 1732 1693 1670 1629 1606 1602 1591 1580
2711 2704 2699 2683 2656 2637 2612 2590 2562 2528 2513 2491 2468 2445 2429 2411 2387 2356 2335 2322 2297 2262 2233 2213 2197 2176 2153 2134 2120 2109 2101 2095 2080 2075 2066 2051 2043 2041 2044 2040 2040 2033 2044 2045 2048 2040 2044 2054 2056 2049 2047 2033 2025 2009 2009 1986 1943 1924 1908 1904 1874 1864 1854 1833 1829 1790 1756 1743 1728 1703 1634 1627 1627 1612 1592
2730 2717 2706 2685 2666 2638 2612 2584 2552 2535 2512 2488 2465 2445 2423 2397 2369 2345 2324 2313 2269 2233 2214 2192 2171 2156 2134 2122 2112 2097 2089 2078 2069 2060 2056 2048 2040 2049 2060 2056 2035 2043 2055 2061 2058 2065 2078 2090 2099 2096 2074 2062 2055 2025 2019 1976 1952 1951 1934 1930 1896 1893 1872 1846 1833 1803 1779 1753 1744 1721 1654 1656 1622 1614 1608
2757 2738 2716 2692 2670 2644 2618 2582 2561 2540 2512 2488 2464 2442 2412 2385 2366 2351 2316 2279 2244 2219 2201 2178 2155 2134 2119 2108 2100 2089 2079 2070 2069 2060 2056 2043 2048 2057 2070 2037 2038 2049 2062 2065 2075 2101 2121 2131 2136 2126 2104 2098 2080 2056 2022 1990 1974 1979 1959 1943 1919 1897 1874 1841 1836 1824 1804 1766 1731 1733 1674 1660 1641 1616 1638
2770 2750 2727 2707 2684 2647 2609 2589 2572 2548 2523 2498 2467 2437 2406 2384 2348 2322 2297 2249 2217 2194 2182 2168 2143 2118 2102 2094 2089 2075 2065 2060 2055 2053 2044 2045 2056 2061 2060 2042 2047 2056 2069 2079 2108 2137 2148 2166 2181 2165 2143 2124 2094 2070 2042 2016 2000 1995 1978 1960 1941 1914 1894 1888 1866 1842 1818 1799 1738 1721 1678 1657 1668 1620 1652
2796 2766 2740 2713 2683 2646 2615 2598 2583 2557 2531 2499 2455 2428 2398 2364 2348 2292 2257 2228 2204 2193 2181 2153 2127 2107 2113 2086 2081 2073 2057 2055 2050 2050 2044 2048 2056 2068 2044 2043 2056 2072 2083 2091 2125 2150 2168 2201 2220 2199 2166 2137 2110 2088 2071 2042 2017 2011 1997 1980 1963 1939 1909 1895 1875 1840 1822 1803 1760 1702 1686 1669 1684 1638 1615
2810 2784 2751 2720 2688 2658 2629 2608 2588 2556 2534 2504 2465 2433 2399 2359 2323 2275 2248 2235 2216 2190 2168 2141 2126 2114 2100 2085 2073 2059 2048 2055 2050 2050 2051 2057 2056 2046 2041 2051 2059 2074 2084 2102 2121 2162 2182 2217 2228 2210 2182 2149 2123 2101 2081 2048 2026 2019 2011 1998 1980 1964 1935 1901 1885 1853 1813 1786 1760 1712 1684 1669 1664 1639 1607
2825 2802 2771 2738 2703 2672 2649 2625 2593 2568 2540 2505 2474 2446 2419 2360 2309 2277 2248 2225 2204 2188 2163 2136 2122 2107 2095 2066 2049 2048 2047 2049 2050 2047 2050 2052 2042 2041 2043 2051 2069 2074 2086 2106 2134 2146 2180 2197 2208 2200 2179 2153 2126 2104 2083 2055 2032 2020 2012 2000 1986 1970 1940 1906 1879 1852 1816 1783 1750 1723 1696 1672 1659 1634 1614
2851 2823 2789 2754 2723 2700 2678 2646 2610 2576 2540 2523 2496 2445 2400 2357 2309 2276 2250 2228 2214 2181 2159 2125 2105 2095 2073 2064 2050 2057 2061 2058 2053 2051 2054 2047 2034 2035 2044 2056 2061 2074 2082 2092 2100 2114 2135 2176 2184 2182 2163 2146 2128 2101 2070 2054 2032 2015 2004 1988 1979 1967 1950 1908 1872 1844 1818 1781 1751 1725 1707 1678 1660 1637 1619
2884 2848 2815 2780 2753 2722 2694 2666 2633 2592 2561 2518 2468 2433 2391 2349 2314 2283 2254 2231 2200 2170 2144 2124 2102 2080 2058 2051 2059 2063 2062 2055 2056 2054 2048 2034 2034 2042 2045 2049 2060 2070 2087 2096 2108 2127 2158 2180 2163 2161 2149 2133 2112 2085 2065 2046 2029 2009 1994 1979 1966 1949 1930 1902 1870 1840 1811 1783 1751 1723 1704 1682 1655 1638 1623
2916 2880 2849 2806 2776 2740 2713 2679 2649 2603 2554 2510 2472 2428 2390 2350 2318 2286 2258 2229 2195 2162 2140 2110 2087 2068 2051 2061 2063 2062 2056 2042 2040 2033 2030 2033 2035 2040 2044 2049 2058 2069 2076 2085 2114 2152 2167 2164 2145 2132 2132 2115 2097 2072 2056 2040 2021 2002 1985 1965 1961 1941 1921 1891 1865 1839 1816 1786 1757 1732 1707 1681 1658 1636 1620
2957 2917 2880 2829 2792 2762 2726 2701 2664 2616 2565 2519 2478 2438 2400 2360 2328 2295 2260 2227 2194 2173 2146 2118 2094 2077 2075 2069 2066 2061 2036 2027 2022 2027 2035 2032 2035 2036 2042 2049 2063 2064 2069 2075 2096 2119 2114 2131 2103 2092 2102 2098 2083 2062 2037 2020 2000 1984 1971 1950 1939 1924 1910 1879 1858 1824 1796 1776 1752 1725 1703 1685 1657 1633 1614
