B6_all_seraphim_analyses/Environmental_files/LASV_rasters/Annual_mean_temperature_MRU_0.04.asc
NCOLS 360 
NROWS 264 
XLLCORNER -17 
YLLCORNER 3 
CELLSIZE 0.0416666666666667 
NODATA_value -1.7e+308 
[rows 198 to 219 of 264, columns 192 to 239 of 360]
25.6158332824707 25.6031667391459 25.657333056132 25.6001666386922 25.524166504542 25.5194999376933 25.539999961853 25.4411667982737 25.4375001589457 25.5008330345154 25.4528334140778 25.3855001926422 25.3411667346954 25.3201667467753 25.4160000483195 25.4008334477743 25.245500087738 25.2259998321533 25.2776667277018 25.2148332595825 25.355833530426 25.4110001722972 25.484833240509 25.4721666971842 25.533499956131 25.5901664892832 25.6398332118988 25.6588331063588 25.650333404541 25.709499835968 25.7301665147146 25.747000058492 25.7601665655772 25.7461665471395 25.6763331095378 25.7285000483195 25.8231664498647 25.9730001290639 26.0778333346049 26.0419999758403 25.9666666984558 25.8943332831065 25.8343334992727 25.7611665725708 25.6923332214355 25.7130002180735 25.689666668574 25.7468331654867
25.6449999809265 25.6363333861033 25.6286665598551 25.5811663468679 25.5466667811076 25.5191666285197 25.4873332182566 25.4721665382385 25.5051667690277 25.5155000686646 25.3881667455037 25.3678332964579 25.3523333072662 25.3340001106262 25.4150000413259 25.3260000546773 25.1918334166209 25.1098330815633 25.0235000451406 24.9498334725698 25.0586667855581 25.4158333937327 25.4218334356944 25.4441664218903 25.4491666952769 25.4786664644877 25.5356664657593 25.6600000858307 25.6951667467753 25.722333351771 25.7590001424154 25.8109998703003 25.8438334465027 25.7688331604004 25.7250000635783 25.7488334178925 25.8691665331523 25.9663336277008 26.1521666049957 26.1579999128977 26.0046668847402 25.9086667696635 25.8256666660309 25.7758333683014 25.7250000635783 25.7646666367849 25.7436664104462 25.7281665802002
25.6586670080821 25.635000149409 25.5434999465942 25.5291664600372 25.5008334318797 25.4903331597646 25.5111666520437 25.4738336404165 25.5331667264303 25.4706666469574 25.4266667366028 25.3906667232513 25.3804999987284 25.3583335081736 25.3494999408722 25.293333530426 25.2456667423248 25.1596667766571 24.871333360672 24.68683330218 25.3221667607625 25.3633334636688 25.325833161672 25.3783334096273 25.4126667181651 25.4654997984568 25.5406667391459 25.497166633606 25.554666519165 25.6139999230703 25.670833269755 25.753166437149 25.8259999752045 25.8223332564036 25.8151666323344 25.7773333390554 25.8550000190735 25.965000073115 26.1605000495911 26.1528333028158 26.0238333543142 25.9176666736603 25.8194999694824 25.7396669387817 25.7293334801992 25.7543334166209 25.8096665541331 25.760333220164
25.6813334623973 25.5981667836507 25.5328334172567 25.5606666405996 25.484833240509 25.4701666037242 25.471999724706 25.5366667111715 25.4845000902812 25.4573334058126 25.3973333040873 25.3361666997274 25.2694999376933 25.2351663907369 25.2699999014537 25.2363333702087 25.2123332818349 25.0493331750234 24.858000199 24.9461665153503 25.2968331972758 25.2276667753855 25.2331665356954 25.3148330847422 25.352333466212 25.3841667175293 25.4536668459574 25.3344999949137 25.424333413442 25.5064995288849 25.600999991099 25.6884998480479 25.7566665013631 25.8366668224335 25.8681666851044 25.8795000712077 25.8540001710256 25.9531665643056 26.0451667308807 26.1561666329702 26.0761664708455 25.9925000667572 25.8338332970937 25.7000002066294 25.7661667664846 25.7931665579478 25.8411666552226 25.8300000826518
25.5904999574025 25.5930001735687 25.5516668160756 25.5675000349681 25.4635000228882 25.4664999643962 25.5366667906443 25.5228332678477 25.4464999834696 25.4428334236145 25.3935001691182 25.2738331953685 25.2218331495921 25.2218333085378 25.2056665420532 25.1498332818349 25.0599999427795 24.9571665922801 24.9923334121704 25.0340003172557 25.1493333975474 25.1468334197998 25.126499970754 25.2355000178019 25.236999909083 25.296333471934 25.3980001608531 25.3448334534963 25.445499976476 25.5065001646678 25.5823334058126 25.6489998499552 25.6786665916443 25.7966667016347 25.905833085378 25.8883330821991 25.8604999383291 25.9536666075389 26.074666817983 26.0636666615804 26.07066655159 26.0793333053589 25.8779998620351 25.7530001799266 25.7803331216176 25.8441668351491 25.8834999402364 25.8580001195272
25.552499850591 25.5679999987284 25.5834999084473 25.548500140508 25.5553336143494 25.5686666170756 25.5033333301544 25.485666513443 25.4766666094462 25.3831667900085 25.2836666107178 25.2623333930969 25.1893332004547 25.1413331031799 25.1283333301544 25.0518332322439 25.0086665948232 25.0008333524068 25.0385001500448 25.016833225886 25.0061667760213 25.0321665604909 25.1218332449595 25.1345001061757 25.1538334687551 25.2775001525879 25.281999985377 25.3711667855581 25.487833182017 25.5631666183472 25.6133330663045 25.6774997711182 25.7569998105367 25.8421668211619 25.9298331737518 25.8809998830159 25.8786664803823 25.9576665560404 26.0599997838338 26.0908331871033 26.1071666081746 26.0559998353322 25.9023332595825 25.8066669305166 25.8163334528605 25.88449994723 25.8709998925527 25.7961668173472
25.5968331495921 25.5851666132609 25.5336664517721 25.5338335037231 25.5099999904633 25.5021667480469 25.4340000947316 25.3493331273397 25.3239999612172 25.3195001284281 25.3151667912801 25.3158330917358 25.0896665255229 25.1029998461405 25.0710000197093 25.0285000801086 24.9908332029978 25.0248334407806 24.9945000807444 24.959499835968 24.9989998340607 25.0004998048147 25.0445001125336 24.9604999224345 25.0275001525879 25.1675000985463 25.2058332761129 25.3646664619446 25.4291665554047 25.4425001144409 25.5258333683014 25.601833264033 25.7331665356954 25.8521665732066 25.92733335495 25.9833330313365 25.9098329544067 25.9749998251597 26.0678332646688 26.0350000063578 26.1164999802907 26.0785002708435 25.938499768575 25.8565001487732 25.8494998613993 25.8275000254313 25.7570001284281 25.7340001265208
25.5591666698456 25.5311668713888 25.5068332354228 25.4181665579478 25.3773334026337 25.3411665757497 25.2879999478658 25.2853332360586 25.2974999745687 25.3381663958232 25.3509999116262 25.3555000623067 25.0776666800181 25.0458333492279 25.0723334153493 24.9854996999105 25.0248332818349 25.0493334929148 25.0134998957316 24.9553331534068 24.9678332805634 24.9411664803823 24.9588332970937 24.977666536967 24.9010001818339 25.1126664479574 25.1710002422333 25.252999941508 25.3104999860128 25.4358332951864 25.5475002129873 25.6433332761129 25.770666996638 25.865333477656 25.8916666507721 25.97416639328 25.9558331171672 26.0513332684835 26.0961667696635 26.1303333441416 26.0983335177104 26.0879999001821 25.9801665941874 25.8630001544952 25.8413333892822 25.7796669006348 25.7071667512258 25.6251666545868
25.4738334019979 25.4453334013621 25.4255002339681 25.3786665598551 25.3281667232513 25.3433334827423 25.3016668955485 25.3298332691193 25.3611667950948 25.3615001042684 25.3611665566762 25.1936667760213 24.8621667226156 24.8323333263397 24.9463331699371 24.9631666342417 25.0128331979116 25.0831669171651 25.0838335355123 25.0698333581289 25.0113333066305 24.9638333320618 24.9791666666667 25.0135000546773 25.0101668834686 25.0948334534963 25.103999932607 25.1156667073568 25.3618333339691 25.4479995568593 25.5186665852865 25.6231667995453 25.7240003744761 25.7620002428691 25.808500289917 25.9551664193471 25.972666422526 26.0098333358765 26.1106665929159 26.119833389918 26.0934999783834 26.0821665922801 25.9643334547679 25.7798332373301 25.7228334744771 25.7305002212524 25.6429999669393 25.4668331940969
25.3516665299733 25.2139998277028 25.2511667410533 25.3453334172567 25.3295001983643 25.3176668485006 25.288333495458 25.2861665089925 25.265166759491 25.2451665401459 25.2518333594004 25.1588331858317 25.0261665185293 24.9248334566752 24.9296667575836 25.0301666259766 25.0958334604899 25.1656667391459 25.1775000095367 25.1336667537689 24.9484999974569 24.9831665356954 25.0431664784749 25.0424999396006 25.0809999306997 25.1538333098094 25.1078333854675 25.243666489919 25.3163333733877 25.442166407903 25.5149999459585 25.554666519165 25.6253333091736 25.7371666431427 25.8599998950958 25.9848331610362 25.9288331667582 25.9038332303365 26.0138332843781 26.1005001068115 26.0861666202545 26.0391667683919 25.9631667137146 25.8209999402364 25.6939999262492 25.6133333047231 25.5114999612172 25.4023332595825
25.3453331788381 25.3673332532247 25.380166610082 25.3259998957316 25.3068332672119 25.2241666316986 25.1490000883738 25.1358335018158 25.150333404541 25.1749999523163 25.1376665433248 25.1093333562215 25.0481667518616 25.0818333625793 25.0933332443237 25.252999941508 25.2926667531331 25.2806666692098 25.2626667022705 25.0469997723897 24.9013334910075 24.9415000279744 24.94766664505 24.9250001907349 25.035666624705 25.1240001519521 25.0803334712982 25.233833471934 25.4053330421448 25.5183332761129 25.5201663970947 25.5823334852854 25.5956665674845 25.7208335399628 25.8454999923706 25.9394999345144 25.9645002683004 25.9628333250682 26.0033336480459 26.0483333269755 25.9958332379659 25.9053332805634 25.8440000216166 25.7854999701182 25.6323331991831 25.4586665630341 25.3168332576752 25.3919998804728
25.3088334401449 25.3929998079936 25.3505000273387 25.3100001811981 25.2846666971842 25.2326664924622 25.183333158493 25.1259998480479 25.1138332684835 25.1001664002736 25.1248331864675 25.1286664803823 25.1044999758403 25.1323331991831 25.3380002180735 25.3581666946411 25.2641668319702 25.2811665534973 25.307333389918 25.0008331934611 24.9323333104451 25.00883324941 24.9653333028158 25.0181667804718 25.1308335463206 25.0823334852854 25.0843332608541 25.2346666653951 25.4053332805634 25.5383335749308 25.5841666062673 25.5916666984558 25.6824998855591 25.7744999726613 25.8116666475932 25.8568331400553 25.9838336308797 26.0446667671204 26.0179998874664 25.9881668885549 25.9531666437785 25.789333264033 25.740333477656 25.545333147049 25.5571666558584 25.3444998264313 25.2463331222534 25.4314998785655
25.3730000654856 25.3161668777466 25.260999917984 25.2005000114441 25.1645000775655 25.1301667690277 25.124499797821 25.0944997469584 25.0469998518626 25.0434997081757 25.1593333085378 25.1215000152588 25.1461667219798 25.2436665693919 25.3396668434143 25.3003334999084 25.2564999262492 25.2599999109904 25.1274998188019 24.9341666698456 24.9566665490468 24.9835000832876 24.9900000890096 25.0353333155314 25.0453333854675 24.8014999230703 25.1193331877391 25.2863331635793 25.3644999663035 25.4453334013621 25.594833056132 25.7473332881927 25.8479999701182 25.9429999987284 25.7228330771128 25.7846665382385 25.9616665840149 26.0244999726613 26.0096667607625 25.9358334541321 25.8303335507711 25.7726667722066 25.4483333428701 25.3615000247955 25.570499976476 25.387833515803 25.3349999586741 25.4353334903717
25.3819997310638 25.3079999287923 25.2266667683919 25.1709999243418 25.1209999720256 25.0813334782918 25.0899998346965 25.0443330605825 25.0264999866486 25.090166648229 25.199666817983 25.2320001125336 25.1431667804718 25.2013333638509 25.2769999504089 25.2254999478658 25.334499835968 25.2618335088094 25.0316667556763 24.7223335107168 24.8046667575836 24.9848331610362 25.0171665350596 25.0391665299733 25.1336665948232 25.0239998499552 25.1129999955495 25.2056668599447 25.2705000241597 25.3601670265198 25.52716644605 25.6828333536784 25.9263333479563 25.9151666959127 25.8063334623973 25.8228332996368 25.9766666094462 26.0431665579478 25.9646666844686 25.8616669178009 25.718000014623 25.5609999497732 25.4013334115346 25.5404999256134 25.4379998842875 25.3739998340607 25.3281665643056 25.4578334490458
25.4103333155314 25.3518333435059 25.2458333174388 25.1198334693909 25.0416665871938 25.0390001138051 25.0529998938243 24.9431664943695 25.0088334878286 25.1044998168945 25.1940001646678 25.2345000902812 25.207999865214 25.2286667029063 25.2414999008179 25.2010000546773 25.2073333263397 25.0755002498627 24.978999932607 24.7633332411448 24.6290001074473 24.7621667385101 24.9063335259755 25.0081668694814 24.9688332080841 25.037833293279 25.0641666253408 25.1433331171672 25.2023332118988 25.3484999338786 25.4606668154399 25.6161665916443 25.7690000534058 25.9473330974579 25.9216669400533 25.8546665509542 25.9741666316986 26.0233334700267 25.9756666024526 25.8280000686646 25.6583333015442 25.5021667480469 25.5766668319702 25.5320000648499 25.4120001792908 25.4564999739329 25.4018334547679 25.4488333861033
25.4263332684835 25.3711667060852 25.2756667931875 25.1233334541321 25.1156667073568 25.1376667022705 25.0395000775655 24.9341667493184 25.0408333142598 25.0613334973653 25.0720000267029 25.246666431427 25.3121668497721 25.265166759491 25.2366665999095 25.2098331451416 25.1514999866486 25.1213332811991 25.0866666634878 24.9443332354228 24.8395000298818 24.7691666285197 24.8721667925517 25.1101667086283 24.9766668478648 25.0388334592183 25.0898334185282 25.18816669782 25.2065001328786 25.3355000019073 25.2826665242513 25.5175000826518 25.6949998537699 25.863333384196 25.9454996585846 25.9933331807454 26.0031665166219 25.9824997584025 25.9513332843781 25.6964999039968 25.5933333237966 25.6158332824707 25.5741667747498 25.4525000254313 25.40149974823 25.4494999249776 25.4830000400543 25.5040001869202
25.4518330891927 25.3994999726613 25.3050000667572 25.2321664492289 25.3141666253408 25.2823333740234 25.124499797821 25.0586665471395 25.064333597819 25.1640000343323 25.1551667849223 25.3028333187103 25.3314999739329 25.1989997227987 25.1278332074483 25.1156665484111 25.0626665751139 25.0678334236145 25.0918331940969 25.1009998321533 24.9590001106262 25.0655002593994 24.9663336277008 25.1330000559489 25.0768332481384 24.9878333409627 25.0913334687551 25.2076668739319 25.246333360672 25.3534997304281 25.4371666908264 25.4461665948232 25.7024999459585 25.8018333117167 25.911499897639 25.9771664142609 25.9179999828339 25.8839999039968 25.7278332710266 25.5184999306997 25.466666618983 25.4801665941874 25.4765000343323 25.3638332684835 25.3576666514079 25.4656666119893 25.5178333123525 25.5663332939148
25.4231668313344 25.3746666908264 25.2901666959127 25.2723333040873 25.3071665763855 25.3021666208903 25.2073332468669 25.1785000165304 25.2549998760223 25.2348333199819 25.2236665884654 25.2414999802907 25.1379999319712 25.0934999783834 25.0831667582194 24.9801666736603 24.9528333346049 25.1060000260671 25.1181668440501 25.0054999987284 25.0798335075378 24.966500043869 25.0853332678477 25.1636668046315 24.9708333015442 24.8983332316081 24.8601666291555 25.1643333435059 25.2359996636709 25.3866664568583 25.4046665827433 25.621333360672 25.7284996509552 25.7668333053589 25.8734999497732 25.9496666590373 25.912166595459 25.7586668332418 25.5671665668488 25.4968331654867 25.4751664797465 25.4681666692098 25.436000029246 25.3036663532257 25.3706665833791 25.444000005722 25.5294998486837 25.6098333994548
25.3904167016347 25.3758333524068 25.3475000063578 25.2828334967295 25.2848331928253 25.272500038147 25.2213331063588 25.284999926885 25.288499991099 25.1931666533152 25.1291667620341 25.0808335940043 25.0430001417796 25.0891668001811 25.0666666825612 24.9513333638509 24.944166580836 25.0801665782928 25.1553333600362 25.1908333301544 25.1074999968211 24.9871666431427 25.0575001239777 25.166833559672 25.0795001188914 25.0350000858307 25.0274999936422 25.1888334751129 25.2408333619436 25.3611666361491 25.5741666952769 25.7056665420532 25.6449999809265 25.6648330688477 25.8315002918243 25.9590001106262 25.590833346049 25.5018335183461 25.688333272934 25.6316666603088 25.4199998378754 25.3676664034526 25.3233331839244 25.1345000267029 25.3948333263397 25.4916667143504 25.4945000012716 25.6100001335144
-1.7e+308 25.331250111262 25.2969697316488 25.234782854716 25.2068333625793 25.1756666501363 25.2493336200714 25.2411665916443 25.1555001735687 25.0775001049042 25.0265001455943 24.9711665312449 24.9793332417806 25.0738333861033 25.0063334306081 25.0110000769297 25.0059998830159 25.1093332767487 25.1150000890096 25.175999879837 25.0996667544047 24.9263332684835 25.0153334935506 24.9416666825612 24.7758335272471 25.0830001831055 25.0961667696635 25.1580002307892 25.1376667817434 25.2459999720256 25.4563333193461 25.5736665725708 25.6986665725708 25.7235000928243 25.7648331324259 25.8815000851949 25.8733334541321 25.8446669578552 25.739666779836 25.5559999148051 25.4264999230703 25.3403333822886 25.2676666577657 25.257833480835 25.4850001335144 25.5166666507721 25.569833278656 25.7261666456858
-1.7e+308 -1.7e+308 -1.7e+308 25.1854169368744 25.1434523264567 25.1436667442322 25.1951666673024 25.1925001939138 25.1129999955495 25.0441666444143 24.979666630427 24.9561666647593 25.0065000851949 25.0909999211629 25.0636666615804 25.0726668039958 25.0228334267934 24.976500193278 25.0018333594004 24.9705001513163 24.9196664492289 24.930999994278 25.0271666049957 24.941999912262 24.8414998849233 25.0263333320618 25.0758334795634 25.0988334019979 25.1143332322439 25.3421669006348 25.4686669508616 25.4715000788371 25.6119998296102 25.7236666679382 25.7254999478658 25.690333366394 25.7413333257039 25.7606664498647 25.6203334331512 25.3896666367849 25.3291665712992 25.3041666348775 25.29350010554 25.3454999128977 25.6153332392375 25.5903335412343 25.6175000667572 25.9076668421427
-1.7e+308 -1.7e+308 -1.7e+308 -1.7e+308 25.1208333174388 25.1444447040558 25.1281668345133 25.113666454951 25.0518333911896 25.0468331972758 25.0158333778381 25.0376666386922 25.0356665452321 25.0306665102641 25.0043334166209 24.9488332271576 24.9594999949137 24.8741668065389 24.9596667289734 24.9861665566762 24.930833419164 24.9653333822886 24.9483331839244 24.8748333454132 24.8755001227061 24.9986667633057 25.1055000623067 25.0926667054494 25.2413331667582 25.332833369573 25.3914999961853 25.5134998162587 25.5859999656677 25.6381666660309 25.5348334312439 25.58966644605 25.5698333581289 25.5391667683919 25.4678335189819 25.4551667372386 25.4190000693003 25.3235000769297 25.3666667143504 25.445833047231 25.6086668173472 25.7608333428701 25.8229997158051 25.9370000362396
