B6_all_seraphim_analyses/Environmental_files/LASV_rasters/Annual_precipitation_MRU_0.04.asc
NCOLS 360 
NROWS 264 
XLLCORNER -17 
YLLCORNER 3 
CELLSIZE 0.0416666666666667 
NODATA_value -1.7e+308 
[rows 33 to 65 of 264, columns 75 to 149 of 360]
1210 1206 1199 1197 1192 1188 1183 1179 1175 1172 1168 1165 1162 1155 1153 1156 1153 1150 1150 1145 1144 1145 1144 1146 1149 1145 1139 1137 1138 1134 1129 1126 1123 1121 1121 1116 1114 1111 1109 1107 1106 1101 1097 1096 1092 1092 1092 1092 1090 1089 1091 1093 1089 1090 1090 1087 1086 1088 1088 1088 1089 1092 1095 1094 1097 1096 1100 1101 1101 1097 1097 1094 1093 1085 1082
1234 1231 1225 1222 1218 1214 1214 1208 1205 1207 1206 1201 1191 1185 1183 1181 1181 1177 1179 1173 1173 1172 1173 1172 1171 1167 1162 1155 1155 1152 1150 1145 1143 1143 1151 1144 1133 1130 1127 1124 1122 1114 1111 1110 1110 1106 1103 1104 1103 1102 1103 1103 1101 1100 1100 1099 1099 1097 1096 1097 1098 1100 1101 1100 1101 1102 1105 1103 1104 1103 1104 1101 1096 1092 1090
1261 1257 1251 1247 1244 1241 1239 1238 1240 1240 1237 1235 1221 1220 1212 1208 1208 1209 1207 1201 1197 1197 1198 1196 1193 1191 1185 1179 1173 1172 1169 1167 1162 1159 1161 1160 1151 1144 1139 1135 1131 1128 1128 1126 1124 1123 1119 1117 1115 1114 1113 1112 1112 1107 1107 1107 1105 1106 1105 1103 1105 1105 1106 1105 1108 1109 1110 1107 1108 1106 1106 1108 1103 1100 1096
1285 1280 1276 1273 1272 1271 1271 1274 1270 1268 1268 1265 1250 1250 1246 1241 1235 1237 1234 1228 1226 1223 1225 1222 1219 1213 1205 1201 1196 1194 1191 1183 1180 1176 1174 1167 1163 1158 1152 1151 1149 1148 1145 1142 1142 1140 1136 1135 1131 1127 1125 1125 1121 1119 1118 1115 1113 1115 1114 1113 1112 1112 1113 1111 1113 1113 1112 1111 1112 1109 1107 1106 1105 1104 1104
1309 1304 1302 1300 1303 1302 1303 1300 1295 1290 1289 1286 1278 1273 1271 1267 1264 1261 1258 1256 1256 1252 1254 1250 1243 1238 1230 1226 1220 1216 1212 1206 1202 1193 1188 1184 1179 1179 1172 1166 1174 1170 1169 1168 1169 1165 1160 1155 1150 1146 1139 1135 1134 1133 1131 1129 1127 1123 1123 1120 1119 1116 1119 1118 1116 1115 1114 1114 1113 1114 1113 1111 1113 1110 1111
1332 1332 1332 1329 1330 1329 1331 1325 1323 1318 1314 1310 1308 1304 1300 1297 1293 1292 1289 1288 1284 1280 1280 1269 1266 1262 1256 1250 1242 1239 1235 1231 1232 1226 1220 1206 1202 1200 1201 1189 1179 1178 1183 1183 1182 1181 1172 1166 1161 1154 1151 1148 1146 1142 1140 1136 1137 1129 1129 1128 1126 1125 1123 1122 1122 1119 1120 1121 1119 1119 1116 1116 1121 1119 1116
1360 1360 1358 1357 1356 1356 1356 1354 1352 1348 1345 1340 1338 1337 1330 1328 1324 1321 1318 1315 1314 1311 1305 1297 1294 1286 1280 1273 1269 1266 1261 1262 1260 1252 1245 1234 1232 1228 1219 1212 1198 1190 1196 1195 1196 1192 1185 1179 1170 1165 1162 1158 1157 1152 1152 1147 1144 1139 1136 1139 1136 1133 1130 1128 1125 1123 1125 1124 1124 1125 1123 1119 1121 1125 1121
1386 1386 1385 1385 1384 1384 1385 1383 1380 1376 1374 1369 1368 1366 1363 1360 1357 1355 1347 1340 1344 1348 1333 1323 1320 1311 1306 1301 1301 1295 1282 1274 1278 1269 1263 1260 1254 1246 1236 1228 1218 1205 1204 1203 1202 1203 1199 1193 1184 1179 1173 1170 1168 1165 1162 1159 1152 1147 1145 1144 1146 1143 1139 1134 1130 1130 1131 1127 1131 1129 1128 1130 1131 1132 1129
1410 1409 1411 1411 1412 1412 1409 1410 1409 1406 1406 1401 1400 1397 1395 1393 1390 1386 1381 1373 1379 1374 1360 1352 1348 1346 1340 1331 1317 1304 1301 1301 1297 1289 1286 1291 1280 1260 1251 1240 1231 1221 1215 1213 1212 1211 1224 1209 1196 1189 1183 1180 1177 1177 1168 1166 1167 1159 1151 1154 1150 1147 1149 1146 1140 1138 1138 1136 1134 1135 1135 1135 1137 1142 1141
1440 1440 1439 1445 1443 1442 1444 1447 1445 1443 1439 1437 1432 1430 1429 1424 1423 1418 1413 1405 1401 1400 1392 1382 1376 1378 1367 1348 1333 1324 1323 1323 1319 1308 1304 1306 1291 1276 1268 1254 1246 1237 1227 1220 1217 1220 1227 1225 1216 1203 1195 1190 1189 1188 1185 1180 1172 1166 1164 1162 1161 1163 1154 1150 1147 1146 1144 1143 1141 1142 1141 1139 1135 1143 1149
1473 1473 1473 1475 1480 1477 1481 1482 1480 1483 1479 1475 1470 1461 1459 1455 1455 1451 1444 1439 1433 1423 1418 1411 1409 1401 1381 1363 1356 1351 1353 1362 1362 1347 1332 1319 1302 1293 1281 1270 1260 1251 1241 1236 1231 1228 1226 1225 1222 1216 1210 1202 1199 1195 1195 1189 1181 1176 1178 1174 1166 1165 1160 1159 1158 1158 1153 1150 1148 1147 1150 1148 1145 1146 1153
1506 1509 1510 1508 1513 1513 1511 1511 1514 1515 1511 1509 1501 1497 1495 1490 1487 1484 1476 1477 1470 1458 1446 1442 1428 1415 1412 1399 1388 1386 1383 1383 1377 1373 1353 1342 1328 1333 1324 1306 1281 1268 1261 1251 1247 1244 1240 1234 1233 1236 1222 1216 1209 1208 1203 1198 1195 1185 1179 1181 1175 1174 1174 1169 1164 1164 1159 1159 1156 1154 1154 1155 1151 1160 1159
1536 1540 1541 1540 1541 1544 1549 1548 1548 1546 1539 1536 1532 1531 1529 1526 1523 1518 1513 1506 1497 1491 1475 1468 1463 1448 1444 1437 1418 1421 1419 1421 1405 1393 1374 1365 1364 1384 1387 1357 1310 1293 1280 1270 1259 1258 1255 1248 1242 1243 1238 1228 1218 1221 1216 1214 1204 1196 1190 1188 1185 1185 1185 1185 1179 1169 1167 1164 1165 1160 1160 1164 1172 1164 1163
1570 1573 1573 1578 1578 1581 1585 1587 1584 1577 1572 1573 1569 1564 1558 1557 1555 1546 1544 1537 1529 1521 1510 1509 1494 1471 1468 1459 1452 1441 1435 1443 1429 1399 1391 1400 1404 1400 1398 1374 1337 1308 1298 1287 1276 1268 1267 1262 1257 1247 1244 1242 1231 1228 1222 1219 1211 1207 1204 1199 1191 1195 1196 1193 1189 1175 1174 1179 1176 1172 1167 1169 1177 1181 1170
1606 1609 1611 1613 1615 1617 1624 1625 1620 1615 1610 1607 1605 1604 1599 1594 1588 1581 1577 1568 1562 1554 1546 1536 1515 1496 1486 1482 1475 1462 1452 1451 1443 1420 1410 1415 1417 1413 1399 1372 1336 1319 1311 1303 1287 1280 1272 1268 1262 1252 1248 1251 1244 1240 1234 1228 1222 1219 1214 1206 1206 1202 1201 1194 1189 1186 1188 1195 1198 1191 1174 1177 1181 1192 1192
1647 1643 1647 1647 1650 1653 1659 1660 1659 1654 1649 1647 1645 1643 1637 1628 1621 1616 1616 1605 1595 1584 1577 1560 1539 1526 1516 1507 1493 1479 1470 1465 1453 1446 1441 1429 1427 1420 1410 1365 1344 1333 1324 1312 1299 1296 1287 1279 1271 1263 1258 1261 1255 1252 1246 1237 1235 1230 1222 1217 1217 1211 1206 1201 1198 1204 1200 1202 1206 1191 1182 1189 1189 1200 1199
1679 1676 1678 1683 1684 1686 1690 1695 1696 1691 1685 1682 1681 1681 1676 1669 1659 1653 1648 1638 1624 1614 1599 1583 1564 1556 1542 1530 1514 1503 1490 1477 1471 1466 1454 1450 1442 1425 1415 1385 1356 1347 1334 1324 1316 1310 1302 1295 1285 1278 1268 1264 1268 1263 1256 1254 1246 1240 1232 1227 1227 1220 1214 1210 1209 1217 1214 1218 1210 1196 1197 1202 1202 1208 1198
1717 1715 1722 1725 1720 1723 1730 1737 1734 1728 1719 1719 1722 1715 1710 1701 1694 1684 1678 1667 1660 1643 1628 1609 1595 1578 1566 1548 1538 1535 1522 1504 1496 1484 1468 1457 1446 1430 1413 1387 1373 1365 1354 1341 1333 1327 1320 1308 1301 1289 1279 1274 1272 1273 1269 1260 1254 1248 1245 1239 1235 1229 1224 1218 1218 1223 1228 1231 1221 1212 1214 1217 1216 1213 1200
1757 1754 1761 1762 1760 1763 1762 1766 1767 1763 1758 1753 1758 1754 1755 1748 1732 1723 1717 1704 1693 1674 1658 1637 1621 1603 1587 1573 1558 1555 1543 1527 1522 1501 1481 1467 1460 1443 1426 1409 1399 1385 1376 1366 1355 1346 1339 1328 1312 1299 1292 1287 1280 1279 1277 1276 1268 1262 1253 1248 1245 1241 1234 1229 1227 1226 1234 1238 1229 1220 1225 1229 1227 1223 1215
1800 1796 1794 1795 1803 1807 1803 1805 1804 1796 1793 1792 1797 1792 1790 1786 1772 1755 1749 1736 1718 1700 1685 1664 1645 1627 1612 1596 1582 1573 1554 1547 1530 1514 1501 1491 1481 1470 1448 1436 1426 1412 1394 1389 1381 1363 1354 1342 1323 1313 1305 1297 1291 1282 1280 1289 1280 1265 1259 1256 1256 1255 1245 1244 1244 1241 1250 1250 1237 1230 1232 1237 1238 1233 1225
1844 1834 1835 1841 1842 1845 1842 1844 1841 1835 1832 1831 1832 1830 1828 1817 1805 1793 1783 1763 1747 1728 1711 1695 1676 1654 1637 1621 1612 1599 1570 1569 1551 1525 1514 1508 1491 1477 1462 1440 1425 1417 1410 1398 1384 1373 1363 1348 1338 1333 1325 1314 1306 1296 1289 1287 1277 1271 1269 1266 1263 1262 1258 1255 1254 1260 1259 1256 1248 1246 1244 1243 1245 1234 1226
1880 1875 1878 1880 1883 1878 1881 1887 1872 1868 1867 1867 1868 1864 1858 1843 1839 1830 1810 1793 1772 1756 1738 1714 1695 1675 1659 1643 1629 1614 1591 1575 1553 1535 1514 1502 1488 1476 1473 1459 1441 1429 1420 1406 1396 1384 1367 1355 1344 1346 1340 1326 1326 1310 1304 1298 1292 1282 1279 1276 1277 1274 1270 1265 1267 1269 1264 1262 1253 1255 1255 1251 1254 1233 1225
1917 1916 1916 1912 1912 1914 1922 1915 1902 1903 1902 1896 1895 1892 1880 1866 1861 1854 1835 1817 1796 1773 1757 1738 1716 1697 1678 1665 1648 1630 1610 1589 1571 1551 1537 1515 1500 1490 1481 1471 1451 1439 1428 1415 1402 1391 1378 1372 1359 1358 1356 1341 1342 1322 1310 1306 1303 1299 1294 1287 1287 1287 1283 1280 1279 1279 1272 1267 1259 1262 1262 1257 1245 1237 1232
1959 1957 1960 1950 1949 1951 1952 1944 1943 1937 1934 1932 1927 1915 1900 1892 1890 1879 1860 1836 1816 1796 1778 1761 1742 1725 1701 1682 1665 1649 1626 1611 1593 1570 1560 1541 1520 1506 1489 1483 1467 1448 1435 1426 1420 1411 1391 1390 1375 1370 1367 1351 1346 1333 1323 1317 1317 1318 1313 1308 1305 1298 1293 1286 1280 1273 1268 1266 1264 1261 1257 1256 1250 1244 1244
2000 1999 2003 1993 1985 1992 1985 1978 1983 1975 1966 1957 1954 1941 1926 1921 1911 1906 1883 1859 1843 1817 1796 1776 1765 1744 1724 1707 1690 1671 1653 1634 1618 1598 1576 1559 1544 1528 1517 1500 1484 1472 1451 1445 1431 1425 1413 1408 1393 1387 1380 1358 1347 1343 1339 1335 1331 1326 1320 1313 1309 1308 1301 1300 1295 1285 1275 1268 1268 1263 1259 1261 1255 1251 1258
2042 2046 2040 2038 2034 2028 2022 2020 2012 2011 2003 1991 1982 1968 1954 1945 1936 1928 1903 1882 1872 1845 1816 1795 1778 1760 1745 1728 1706 1703 1680 1658 1631 1607 1595 1578 1564 1552 1534 1514 1501 1492 1479 1471 1449 1439 1429 1414 1412 1390 1379 1371 1365 1354 1349 1347 1342 1336 1330 1325 1320 1313 1308 1303 1302 1299 1285 1281 1276 1270 1270 1267 1266 1275 1278
2088 2093 2086 2083 2075 2065 2054 2051 2046 2036 2029 2019 2013 2003 1983 1971 1960 1947 1925 1903 1890 1868 1846 1821 1795 1780 1769 1752 1735 1717 1705 1669 1648 1621 1603 1593 1575 1561 1550 1530 1513 1500 1490 1480 1467 1447 1433 1427 1425 1406 1397 1381 1374 1366 1360 1356 1353 1347 1342 1335 1331 1328 1325 1319 1314 1303 1300 1298 1299 1289 1289 1283 1283 1284 1296
2140 2129 2126 2113 2108 2103 2092 2081 2078 2075 2066 2054 2046 2031 2003 1994 1980 1965 1945 1934 1914 1881 1869 1850 1815 1811 1795 1775 1745 1740 1715 1683 1666 1640 1623 1610 1593 1574 1558 1543 1526 1511 1504 1490 1475 1462 1442 1430 1422 1416 1407 1396 1384 1377 1372 1367 1371 1359 1353 1348 1343 1338 1335 1332 1324 1319 1311 1321 1328 1313 1317 1306 1313 1307 1307
2175 2167 2161 2153 2150 2136 2133 2115 2111 2111 2103 2090 2083 2054 2032 2017 2010 1989 1963 1954 1945 1919 1889 1869 1849 1829 1807 1780 1758 1751 1725 1699 1689 1663 1636 1616 1592 1578 1561 1559 1542 1527 1512 1498 1490 1477 1457 1440 1429 1422 1416 1401 1393 1386 1381 1377 1376 1369 1361 1360 1356 1346 1343 1333 1329 1329 1336 1337 1328 1329 1330 1311 1310 1323 1325
2217 2207 2189 2182 2179 2173 2163 2150 2145 2134 2125 2115 2101 2091 2061 2042 2039 2012 1989 1982 1968 1935 1907 1883 1858 1840 1808 1800 1787 1768 1745 1713 1705 1680 1646 1624 1610 1588 1572 1570 1557 1539 1515 1519 1497 1483 1474 1456 1442 1439 1424 1412 1404 1398 1393 1388 1379 1376 1369 1364 1361 1352 1344 1343 1347 1343 1343 1337 1333 1336 1346 1319 1322 1338 1328
2254 2243 2236 2228 2213 2201 2190 2188 2177 2170 2153 2137 2130 2114 2088 2065 2055 2035 2026 2015 1983 1954 1922 1894 1870 1833 1809 1821 1810 1791 1760 1738 1710 1689 1656 1642 1630 1601 1585 1581 1564 1546 1538 1517 1515 1494 1477 1463 1454 1448 1438 1424 1415 1410 1403 1395 1392 1386 1381 1372 1369 1361 1352 1357 1356 1349 1348 1347 1347 1345 1339 1328 1323 1330 1329
2289 2284 2270 2261 2247 2231 2218 2216 2209 2197 2184 2166 2150 2133 2112 2102 2086 2066 2054 2046 2019 1962 1955 1935 1893 1877 1859 1835 1816 1801 1778 1755 1726 1705 1677 1662 1643 1612 1599 1588 1574 1567 1549 1528 1516 1509 1498 1478 1467 1454 1444 1437 1426 1420 1414 1407 1404 1396 1387 1382 1375 1369 1368 1364 1368 1367 1361 1360 1362 1365 1355 1343 1333 1331 1334
2330 2323 2305 2302 2285 2272 2258 2247 2239 2222 2211 2198 2178 2166 2138 2130 2114 2097 2080 2062 2046 2016 1991 1948 1915 1907 1888 1853 1835 1824 1806 1771 1748 1721 1701 1676 1656 1633 1619 1606 1591 1576 1560 1538 1525 1518 1506 1501 1480 1466 1458 1445 1439 1432 1425 1416 1408 1400 1393 1389 1385 1384 1382 1377 1376 1381 1378 1372 1372 1376 1365 1356 1345 1341 1337
