B6_all_seraphim_analyses/Environmental_files/LASV_rasters/Annual_precipitation_all_0.04.asc
NCOLS 816 
NROWS 336 
XLLCORNER -17 
YLLCORNER 2 
CELLSIZE 0.0416666666666667 
NODATA_value -9999 
[rows 74 to 110 of 336, columns 166 to 248 of 816]
941 938 936 936 937 931 927 927 920 918 914 911 908 906 905 904 905 908 904 902 899 901 907 908 910 919 919 917 913 913 913 912 911 912 908 907 908 906 904 904 903 907 894 891 892 885 877 868 863 849 843 839 835 825 822 817 811 810 803 797 792 792 789 775 770 767 762 756 750 745 738 737 732 726 721 715 711 708 704 707 704 705 703
949 946 945 945 944 942 937 934 930 926 922 919 914 910 911 911 911 910 909 908 906 904 907 909 920 926 931 926 923 920 920 919 915 915 911 916 914 913 909 907 904 904 901 898 895 889 882 876 867 859 854 849 839 834 830 825 820 817 807 802 805 802 788 786 780 771 774 766 760 755 750 745 738 733 729 725 721 717 713 716 711 715 716
958 955 954 952 952 953 948 944 936 934 933 930 925 919 916 916 913 912 914 911 908 908 911 910 913 914 926 934 930 927 925 923 922 920 917 918 915 914 912 910 907 907 908 903 900 895 886 880 875 872 861 854 849 844 838 833 823 814 810 819 807 796 794 791 790 778 778 775 768 763 756 751 748 743 739 736 728 725 723 721 721 726 727
965 964 962 960 962 960 958 953 946 945 943 936 934 928 926 923 920 918 917 916 914 913 914 918 917 923 922 929 939 935 932 930 926 928 924 920 921 920 917 916 914 910 910 907 902 898 891 888 883 874 868 861 855 850 847 835 826 815 821 812 801 801 799 797 794 786 783 779 775 770 764 760 756 751 748 746 739 734 731 732 732 732 732
975 973 969 968 968 963 960 961 959 953 948 944 940 940 931 928 927 925 922 923 920 921 922 922 925 925 926 931 935 940 943 941 935 929 926 924 925 927 921 919 917 915 915 911 908 903 898 892 889 882 876 868 859 855 851 836 829 831 821 813 808 804 804 803 799 794 794 789 785 779 773 770 762 759 756 752 747 741 736 736 736 737 737
988 983 977 973 971 969 966 966 965 960 958 954 948 948 940 934 933 931 927 927 927 927 927 928 932 933 933 936 939 938 948 946 936 930 933 930 926 926 929 935 928 921 918 916 913 911 904 898 893 885 876 870 858 853 850 836 835 830 825 821 812 811 809 808 805 804 801 796 791 786 784 776 772 768 762 757 755 749 744 742 742 744 744
1000 993 987 983 981 980 979 981 975 970 964 960 958 952 946 940 940 936 936 937 933 936 938 934 935 937 945 947 947 951 948 941 937 939 936 936 937 938 932 930 931 927 920 920 918 909 903 899 893 890 898 874 871 860 841 838 840 839 833 827 821 818 815 815 814 812 809 805 799 796 792 788 783 776 770 765 762 758 754 750 749 750 752
1011 1005 999 994 988 991 991 988 986 977 974 968 967 962 956 953 950 945 942 941 939 938 942 945 943 942 947 952 953 948 947 944 943 947 954 951 937 946 943 932 929 931 929 921 918 916 914 904 887 880 892 884 873 865 856 852 849 849 842 837 830 829 826 822 824 823 819 814 808 807 800 794 785 780 780 777 770 765 761 760 756 757 758
1017 1010 1008 1002 998 998 998 996 997 988 982 977 974 966 967 973 963 950 951 948 946 944 944 947 946 948 957 966 965 970 965 958 955 954 951 947 941 940 947 936 940 940 935 928 927 919 908 898 885 907 888 883 878 870 865 865 858 858 853 845 839 836 837 837 836 833 828 823 820 815 810 801 796 792 787 783 776 775 771 767 766 766 766
1024 1021 1019 1011 1010 1011 1014 1013 1005 998 992 986 981 975 976 975 968 961 958 957 955 955 951 954 955 958 963 976 968 977 976 974 966 962 961 957 951 949 948 947 950 948 944 941 925 910 904 896 884 901 889 885 884 877 872 871 867 867 860 854 852 849 849 847 847 844 837 835 833 828 821 813 809 803 800 794 788 783 781 775 773 775 776
1032 1031 1025 1019 1027 1031 1028 1024 1013 1008 999 996 998 987 983 975 973 970 967 969 971 964 963 959 961 965 969 977 970 976 983 977 976 975 969 958 959 960 959 944 949 951 943 933 919 917 904 894 889 897 893 891 889 884 880 880 877 872 868 864 865 864 862 860 856 851 847 842 839 837 828 822 818 815 812 805 801 797 796 791 789 788 786
1052 1040 1031 1034 1031 1046 1042 1035 1028 1018 1013 1009 999 997 991 985 980 981 976 978 980 978 978 971 971 976 980 982 978 985 984 982 986 978 965 960 962 960 954 950 948 954 948 938 927 914 905 893 905 900 901 898 898 892 889 885 882 879 876 874 875 876 872 872 867 863 858 855 850 848 837 835 832 831 824 820 814 813 810 807 801 798 799
1067 1048 1039 1043 1052 1047 1045 1045 1034 1025 1019 1010 1006 1004 998 993 991 988 988 984 983 987 984 982 980 980 986 992 988 995 993 995 984 986 974 969 966 958 954 957 957 950 950 935 927 919 913 901 908 907 904 903 900 898 894 891 890 887 885 884 887 886 885 884 881 875 871 865 860 855 849 849 847 842 836 832 828 826 824 820 811 811 811
1075 1058 1052 1052 1053 1054 1050 1042 1036 1030 1025 1023 1020 1012 1009 1006 1004 997 992 996 992 990 990 988 986 992 994 1000 1001 1011 1003 1000 994 998 983 972 972 960 955 953 960 947 940 932 929 923 917 905 911 909 908 908 905 904 903 899 899 896 896 891 892 897 897 897 895 890 883 876 871 867 862 861 860 855 850 842 840 837 833 826 821 823 824
1077 1065 1059 1059 1056 1053 1050 1044 1040 1039 1034 1038 1038 1028 1019 1018 1012 1010 1000 1000 998 997 993 993 991 987 1002 1006 993 1014 1011 1008 1004 1003 981 974 969 963 960 953 952 946 942 935 929 928 920 921 915 913 912 912 910 907 908 905 904 904 905 906 904 906 909 905 902 900 897 889 884 881 875 874 870 867 859 856 851 846 842 837 835 835 833
1085 1084 1072 1067 1065 1061 1057 1054 1049 1048 1048 1068 1053 1029 1027 1021 1017 1013 1010 1007 1005 1003 1002 995 995 993 999 991 991 1012 1024 1016 1015 1006 985 980 975 970 965 959 952 951 947 943 938 931 920 927 920 917 917 919 916 914 913 911 913 914 913 916 917 919 918 917 914 912 911 904 900 895 891 882 881 876 870 864 861 857 854 852 851 849 847
1088 1090 1083 1076 1073 1072 1067 1064 1058 1060 1061 1049 1044 1040 1038 1030 1025 1021 1022 1020 1015 1013 1010 1007 1005 1002 999 999 998 996 1009 1033 1016 999 988 984 978 978 974 966 961 956 950 947 941 934 926 928 926 926 924 926 925 923 922 919 919 924 924 923 924 929 927 928 927 925 925 920 914 908 904 896 892 886 883 879 876 871 867 865 863 862 861
1098 1090 1087 1082 1086 1092 1092 1079 1068 1066 1062 1053 1051 1049 1051 1040 1037 1033 1029 1033 1027 1022 1019 1018 1012 1013 1008 1004 1003 1000 999 1001 1004 996 992 989 987 984 979 974 968 962 958 950 941 937 944 936 934 932 931 929 931 932 929 926 930 930 931 932 932 940 938 938 940 938 936 934 929 922 917 908 901 896 895 891 887 883 877 875 875 871 869
1100 1095 1092 1092 1104 1109 1111 1091 1092 1079 1079 1074 1064 1072 1063 1060 1050 1045 1039 1039 1048 1033 1031 1026 1021 1022 1018 1016 1010 1011 1008 1005 1004 1004 999 995 990 988 987 986 976 970 961 952 957 955 948 941 938 935 935 935 938 938 937 936 936 938 937 936 938 944 945 947 951 952 949 947 940 933 924 915 912 905 901 898 898 895 889 886 884 881 880
1111 1114 1116 1103 1102 1115 1094 1094 1098 1090 1096 1090 1082 1082 1084 1082 1075 1058 1048 1042 1040 1037 1040 1035 1029 1027 1027 1024 1020 1017 1016 1014 1011 1007 1005 1002 999 993 992 991 982 975 961 972 963 961 952 949 944 942 941 941 941 942 939 942 943 944 946 946 947 950 954 961 963 964 962 956 951 941 932 926 922 919 911 908 907 907 904 899 894 891 888
1119 1126 1123 1121 1114 1111 1106 1111 1110 1102 1100 1092 1088 1099 1083 1070 1067 1060 1054 1049 1049 1058 1053 1045 1042 1038 1036 1029 1028 1027 1024 1024 1019 1015 1014 1012 1008 1003 998 994 989 979 977 972 969 966 961 955 951 949 948 947 943 947 947 945 949 952 953 954 956 959 963 967 969 971 970 964 959 948 939 939 934 928 923 919 917 913 910 907 903 902 899
1136 1139 1137 1133 1120 1114 1119 1125 1125 1115 1113 1111 1115 1117 1094 1078 1074 1069 1063 1062 1061 1061 1061 1054 1049 1047 1044 1040 1038 1033 1031 1031 1028 1022 1021 1018 1015 1012 1006 1000 996 989 982 982 978 974 969 965 960 957 959 951 950 951 953 954 955 957 960 959 962 967 971 975 976 978 974 970 964 958 950 944 939 938 933 928 923 922 924 919 917 914 911
1140 1148 1152 1137 1145 1138 1132 1133 1136 1128 1124 1118 1127 1105 1091 1086 1081 1079 1074 1069 1067 1065 1066 1062 1059 1056 1055 1052 1050 1044 1043 1037 1033 1029 1030 1028 1025 1021 1018 1013 1005 994 994 990 984 981 978 971 967 966 964 959 957 957 958 960 959 963 966 966 967 972 977 978 981 982 979 975 968 963 955 950 949 945 941 939 934 932 931 934 930 923 922
1160 1156 1163 1162 1160 1163 1157 1149 1142 1143 1134 1120 1113 1105 1101 1093 1091 1088 1084 1078 1077 1079 1077 1079 1073 1067 1076 1064 1058 1052 1047 1047 1041 1040 1040 1036 1033 1029 1024 1019 1008 1012 1003 998 992 987 986 980 974 975 973 968 969 968 966 966 969 974 970 974 977 980 982 986 988 985 982 978 973 970 961 958 956 955 949 948 944 940 942 943 942 937 934
1180 1175 1172 1169 1176 1167 1169 1170 1160 1158 1148 1140 1120 1112 1110 1116 1108 1105 1106 1089 1087 1092 1086 1092 1089 1078 1084 1071 1064 1059 1056 1056 1051 1049 1045 1043 1037 1036 1027 1020 1017 1019 1011 1005 1001 995 992 989 984 983 982 978 979 977 973 973 977 980 985 984 986 986 986 991 991 992 988 986 982 977 967 963 962 959 956 953 951 949 951 950 951 948 941
1191 1190 1190 1180 1183 1178 1185 1181 1180 1170 1160 1145 1128 1120 1119 1123 1108 1106 1104 1098 1097 1094 1092 1093 1091 1087 1084 1078 1072 1070 1066 1069 1061 1057 1052 1047 1043 1038 1030 1025 1025 1021 1018 1013 1007 999 997 994 991 991 991 987 985 984 982 986 986 991 992 993 992 993 995 995 994 997 996 990 985 975 974 973 975 972 965 961 960 959 958 957 953 953 950
1186 1189 1185 1196 1203 1196 1191 1176 1165 1168 1153 1155 1137 1128 1126 1128 1120 1115 1112 1112 1109 1108 1107 1107 1102 1097 1092 1090 1086 1081 1080 1076 1070 1066 1060 1055 1046 1039 1037 1039 1033 1030 1028 1023 1016 1010 1006 999 1000 1001 997 998 995 996 995 997 995 998 997 999 998 997 1000 1001 998 998 995 992 988 980 976 979 978 977 972 969 965 966 960 961 957 955 957
1189 1192 1196 1211 1208 1198 1187 1182 1175 1169 1167 1155 1151 1140 1137 1136 1130 1125 1124 1119 1120 1118 1124 1118 1112 1106 1101 1099 1093 1092 1083 1082 1076 1070 1067 1058 1051 1052 1045 1045 1041 1038 1037 1027 1022 1015 1015 1013 1009 1006 1009 1007 1006 1003 1003 1004 1004 1002 1003 1004 1006 1006 1007 1006 1007 1003 997 995 991 988 982 982 979 980 977 972 968 969 965 963 965 960 961
1199 1194 1195 1205 1198 1194 1191 1184 1179 1183 1184 1183 1169 1151 1145 1146 1142 1139 1135 1131 1129 1132 1128 1122 1120 1113 1108 1104 1102 1098 1096 1095 1082 1077 1067 1063 1067 1060 1055 1050 1048 1044 1039 1032 1027 1022 1020 1018 1018 1016 1015 1018 1013 1009 1009 1009 1010 1012 1010 1011 1016 1014 1011 1009 1009 1011 1006 998 992 990 985 982 981 985 979 973 971 972 971 972 972 967 970
1207 1207 1201 1203 1204 1198 1192 1198 1199 1198 1196 1187 1172 1161 1166 1158 1153 1150 1151 1142 1140 1140 1136 1130 1129 1124 1116 1111 1110 1106 1109 1100 1090 1088 1080 1076 1071 1065 1059 1055 1052 1048 1044 1039 1031 1028 1028 1027 1023 1022 1025 1026 1021 1018 1016 1016 1018 1020 1020 1022 1021 1018 1015 1014 1012 1013 1010 1002 999 999 990 987 986 990 983 978 974 975 973 976 977 975 971
1223 1216 1215 1223 1227 1209 1209 1215 1198 1202 1205 1183 1184 1189 1185 1172 1163 1160 1172 1164 1166 1150 1145 1138 1134 1132 1128 1124 1118 1114 1108 1104 1102 1101 1091 1083 1079 1071 1066 1062 1059 1055 1051 1045 1035 1043 1037 1031 1029 1032 1033 1033 1029 1027 1025 1025 1025 1027 1026 1032 1029 1028 1027 1023 1020 1014 1012 1006 1005 1004 993 991 991 993 990 984 980 978 979 978 981 982 981
1238 1241 1230 1234 1236 1225 1227 1221 1212 1221 1208 1201 1202 1203 1191 1180 1179 1175 1178 1175 1170 1158 1154 1149 1145 1141 1137 1133 1128 1122 1117 1113 1116 1101 1096 1091 1085 1079 1074 1067 1065 1065 1059 1052 1038 1044 1054 1036 1040 1040 1039 1040 1036 1034 1033 1035 1034 1036 1036 1036 1035 1036 1032 1029 1025 1020 1020 1015 1015 1011 1001 1000 999 996 994 989 983 982 983 982 981 985 988
1251 1252 1241 1233 1239 1236 1221 1228 1227 1223 1226 1211 1216 1213 1210 1191 1187 1187 1179 1177 1169 1165 1161 1157 1153 1150 1145 1138 1133 1129 1125 1126 1115 1110 1104 1099 1092 1085 1080 1077 1072 1070 1063 1054 1046 1054 1059 1048 1046 1048 1049 1046 1043 1043 1042 1040 1039 1041 1043 1043 1042 1038 1035 1032 1029 1025 1023 1022 1017 1012 1009 1003 1001 999 993 991 987 987 989 988 988 991 988
1260 1256 1257 1251 1245 1248 1240 1246 1243 1238 1236 1236 1228 1221 1219 1205 1198 1196 1190 1186 1182 1177 1173 1167 1163 1156 1150 1144 1141 1136 1141 1134 1124 1119 1114 1109 1102 1092 1090 1087 1084 1076 1065 1052 1069 1046 1059 1057 1055 1055 1052 1053 1051 1048 1046 1049 1046 1047 1049 1052 1050 1048 1045 1040 1038 1031 1029 1027 1026 1020 1013 1009 1005 1003 998 993 991 992 990 991 991 995 1000
1267 1263 1265 1269 1259 1259 1251 1244 1245 1243 1246 1246 1239 1234 1223 1209 1204 1201 1199 1195 1191 1185 1180 1174 1169 1165 1161 1154 1153 1158 1147 1139 1135 1128 1120 1115 1107 1101 1096 1092 1090 1084 1070 1061 1078 1058 1053 1069 1065 1061 1062 1060 1060 1057 1055 1054 1055 1054 1054 1055 1055 1056 1053 1052 1044 1040 1037 1035 1027 1022 1019 1015 1011 1007 1003 996 993 991 992 993 998 1003 1007
1279 1274 1274 1271 1266 1268 1253 1246 1257 1254 1256 1252 1250 1237 1226 1217 1214 1210 1207 1204 1201 1193 1191 1193 1189 1184 1177 1176 1176 1162 1152 1150 1144 1136 1130 1120 1115 1110 1106 1102 1097 1091 1080 1072 1087 1063 1061 1079 1070 1066 1066 1067 1067 1067 1066 1065 1063 1062 1061 1061 1064 1067 1067 1061 1053 1044 1041 1035 1031 1028 1024 1019 1014 1010 1008 1001 999 997 997 1001 1004 1010 1012
1275 1273 1281 1277 1278 1271 1268 1260 1255 1257 1261 1248 1249 1236 1227 1222 1219 1221 1216 1212 1208 1204 1210 1196 1191 1190 1187 1178 1172 1168 1162 1160 1151 1144 1136 1128 1125 1122 1116 1108 1101 1091 1086 1079 1094 1066 1087 1077 1076 1077 1075 1074 1073 1073 1071 1069 1072 1072 1072 1070 1070 1075 1070 1063 1055 1051 1047 1042 1037 1034 1031 1026 1018 1016 1013 1008 1005 1006 1004 1002 1003 1006 1012
