B6_all_seraphim_analyses/Environmental_files/LASV_rasters/Annual_precipitation_NGA_0.04.asc
NCOLS 408 
NROWS 336 
XLLCORNER 0 
YLLCORNER 2 
CELLSIZE 0.0416666666666667 
NODATA_value -1.7e+308 
[rows 0 to 37 of 336, columns 0 to 83 of 408]
196.000000000000000 196 193 192 196 198 199 198 200 201 203 203 204 201 202 200 200 201 199 201 200 199 197 198 198 198 195 195 194 195 195 195 195 195 193 192 195 195 195 196 197 197 198 198 198 200 200 202 205 205 207 207 207 208 208 209 208 207 213 213 211 211 212 215 215 217 217 215 212 215 215 216 217 217 217 216 216 215 214 215 215 212 212 214
197 198 199 199 197 201 203 202 205 204 205 205 206 203 202 204 202 202 202 202 202 200 199 198 198 198 197 197 197 198 198 196 197 196 196 195 194 196 195 197 199 199 198 199 200 201 202 204 207 208 207 209 209 211 210 211 213 210 213 212 213 214 217 218 217 217 218 216 216 214 220 219 219 219 220 218 219 218 216 217 217 217 216 216
202 203 204 203 204 201 206 209 209 207 207 208 209 209 210 208 206 205 205 205 203 204 203 202 200 200 199 200 199 199 199 198 198 197 197 197 196 196 196 199 199 201 201 202 201 204 206 205 209 210 210 210 211 215 214 214 216 214 215 215 217 218 220 218 219 219 220 220 222 218 222 220 220 221 221 221 220 220 219 219 219 219 219 219
206 206 205 205 208 210 211 211 212 210 212 213 212 212 212 213 213 209 209 207 206 206 205 203 203 202 201 202 201 200 200 199 199 199 198 198 195 198 200 201 202 203 203 203 202 204 206 208 211 211 211 211 212 214 216 216 217 218 218 219 219 221 220 221 223 225 224 223 224 222 224 222 222 223 224 224 223 223 223 222 222 221 220 224
208 209 209 209 212 213 218 217 215 215 214 219 216 214 215 215 214 212 211 210 209 207 207 204 203 204 202 203 202 202 202 203 201 202 200 199 199 200 202 202 202 204 203 204 205 207 208 211 213 214 215 216 216 217 219 220 220 222 221 223 222 222 224 226 226 227 226 225 225 226 228 225 225 227 227 226 227 225 224 223 223 223 224 225
215 214 214 215 216 216 217 219 225 216 220 221 220 219 220 220 218 218 215 212 213 213 208 206 206 207 205 205 205 203 203 203 203 202 201 200 200 201 201 203 203 203 203 206 209 211 212 212 214 216 217 218 218 218 221 223 223 223 223 222 225 228 228 228 228 229 229 228 227 227 229 228 228 229 228 228 228 227 227 226 226 224 229 229
223 220 220 221 221 218 219 220 225 230 230 224 223 222 224 223 223 222 218 216 217 214 213 209 210 208 207 206 205 204 205 205 204 202 203 203 203 202 202 202 205 206 208 209 211 210 213 213 216 217 219 221 222 224 225 225 224 225 227 227 225 228 230 231 230 231 231 233 233 233 230 230 229 230 230 230 230 229 228 228 228 231 231 232
225 225 225 225 224 224 224 226 227 228 230 239 229 228 226 227 224 223 222 222 219 217 214 214 213 213 210 209 208 207 207 207 207 206 206 205 205 204 204 205 206 208 209 211 212 212 210 213 216 218 221 223 225 226 226 228 228 229 229 230 231 232 233 234 234 233 235 237 236 236 234 234 234 233 236 232 232 232 231 228 231 232 234 235
228 227 228 227 229 229 228 230 231 231 238 241 234 234 230 228 228 228 225 225 223 219 219 217 216 215 211 210 210 210 209 210 208 208 205 205 205 206 208 209 210 210 213 211 213 214 213 216 218 220 224 227 225 226 230 231 233 232 232 233 233 235 236 236 236 237 240 240 239 239 238 236 236 236 236 237 237 234 234 233 234 234 237 236
229 228 231 232 232 231 232 232 234 234 241 249 237 236 234 233 234 231 229 227 226 219 220 217 216 216 213 212 212 209 211 211 209 207 207 208 208 209 210 211 211 212 212 213 215 213 216 218 220 224 226 229 229 231 232 233 233 235 235 237 237 237 239 240 240 242 241 243 244 243 243 241 240 241 240 242 239 237 236 237 237 237 238 238
234 234 235 235 235 235 238 238 238 238 237 240 237 237 237 239 235 232 232 230 228 223 223 220 217 216 216 214 213 212 211 211 208 207 208 211 212 210 212 212 213 214 214 215 218 218 217 220 223 225 225 228 230 232 232 235 238 238 238 241 241 241 242 243 244 247 247 247 248 247 246 243 242 241 243 246 243 240 239 240 240 240 240 241
241 241 242 238 241 241 242 241 241 242 242 242 243 240 239 240 240 236 234 232 229 228 226 225 221 218 217 217 215 213 213 213 210 210 212 212 212 213 213 214 214 215 215 217 218 219 219 220 224 225 227 229 231 233 238 239 241 241 242 243 243 244 247 247 247 248 249 250 252 252 250 248 246 243 248 247 246 244 243 244 243 241 241 241
243 241 244 244 245 245 247 247 246 246 246 244 243 245 244 242 235 238 236 234 231 232 228 226 226 222 219 219 217 216 214 214 211 213 212 213 213 214 215 215 215 216 216 220 219 220 220 224 224 225 229 230 231 236 240 240 243 245 246 248 248 247 250 253 250 253 254 253 252 254 254 252 247 249 248 249 247 246 243 244 244 243 243 244
247 246 244 244 244 246 247 248 249 249 249 248 246 244 244 246 243 236 240 236 234 233 232 229 227 224 222 221 221 219 215 215 214 215 214 213 213 215 214 216 216 217 220 220 220 221 223 226 225 227 231 231 235 241 244 245 246 247 250 251 251 251 254 255 256 256 256 257 256 254 257 257 249 249 252 252 252 249 247 247 246 246 245 245
252 253 254 253 252 246 252 256 254 255 252 252 252 249 249 249 246 239 239 237 237 235 234 231 230 227 223 223 223 220 217 214 217 215 214 217 216 216 218 218 218 219 221 222 221 223 224 227 227 230 234 236 238 241 246 247 249 252 253 256 257 257 257 257 261 259 260 261 259 259 259 259 256 254 254 253 253 251 250 247 248 247 247 247
255 256 257 257 255 252 255 257 257 255 254 254 254 253 253 250 249 246 247 242 240 237 234 235 232 227 226 224 222 220 220 219 220 217 218 217 218 218 220 219 219 220 220 222 222 224 227 230 230 234 236 237 240 243 248 252 254 257 258 260 261 261 261 263 263 263 266 265 264 264 263 263 260 257 257 257 257 255 254 251 249 249 250 249
256 259 258 257 257 255 256 258 260 262 262 259 260 259 257 254 252 250 248 245 242 240 238 236 232 227 226 226 224 221 218 219 219 217 217 218 219 222 221 221 220 222 222 224 225 226 228 232 233 235 237 240 245 248 253 258 260 265 265 264 265 267 266 267 268 270 269 269 271 268 266 265 264 260 260 261 259 257 257 253 253 252 252 250
261 264 267 266 264 261 258 263 267 266 265 262 260 260 261 261 260 259 252 249 246 241 241 240 235 230 229 229 227 223 220 220 220 219 221 221 223 223 225 224 225 224 226 228 228 228 231 233 236 238 241 246 248 254 259 261 265 268 270 270 271 271 270 272 275 276 274 273 273 272 268 267 267 265 264 264 261 262 259 257 255 255 252 251
267 266 266 268 266 264 263 263 265 265 264 262 265 265 266 274 265 265 257 255 252 250 247 242 239 233 234 232 228 225 223 222 223 222 222 223 224 226 228 226 227 227 229 231 231 231 233 236 237 239 245 247 252 258 262 265 267 272 274 276 277 278 278 277 278 278 278 278 276 275 273 271 271 268 265 264 264 262 262 259 256 256 255 254
273 269 268 268 269 269 267 263 265 266 265 265 267 266 265 269 276 273 261 257 254 252 248 247 240 237 235 231 230 228 225 221 225 225 224 225 226 228 227 231 230 230 232 233 235 233 236 238 240 243 247 251 256 261 266 270 274 278 282 285 283 285 285 282 285 284 284 284 280 279 278 275 274 272 269 268 265 264 263 261 258 256 255 254
272 273 273 270 271 273 272 270 270 270 270 269 271 270 269 268 280 267 263 260 257 251 248 247 241 238 235 234 228 227 225 222 223 225 227 227 228 230 230 230 230 233 235 236 238 237 237 241 242 245 247 254 260 269 272 275 279 284 288 292 290 290 291 291 287 289 286 287 286 285 283 280 277 275 273 270 269 269 266 266 259 259 257 257
283 283 278 279 279 274 278 279 278 276 275 274 276 275 273 276 283 268 267 264 260 256 253 248 246 240 237 232 231 230 228 226 227 228 229 228 230 232 234 234 234 237 237 238 240 241 243 244 247 249 253 259 266 273 278 281 283 290 296 298 297 297 296 295 292 293 292 292 293 291 288 284 280 278 276 274 274 271 269 267 262 258 259 260
290 288 286 284 283 279 277 281 281 282 278 278 277 276 275 275 278 274 274 270 264 260 256 251 248 248 242 236 234 231 229 228 230 229 229 231 234 234 235 236 237 238 242 243 243 247 249 251 252 252 259 266 273 280 282 286 288 295 301 306 306 303 301 301 298 300 299 296 296 295 292 289 287 281 278 277 276 273 270 268 264 262 262 262
293 292 289 286 282 280 280 282 284 285 282 280 279 279 278 277 290 276 272 267 267 262 259 256 253 250 246 240 237 234 233 231 233 234 235 235 238 239 243 241 242 244 247 248 249 254 255 256 256 259 264 272 276 284 286 289 294 299 307 312 313 308 308 306 303 304 304 302 301 301 299 296 289 285 280 280 278 276 273 270 267 264 264 263
295 290 289 290 290 287 292 291 288 287 289 288 288 287 282 282 301 287 279 277 271 268 265 260 258 256 252 246 243 242 239 237 238 238 237 241 242 245 248 248 248 248 253 254 257 258 259 264 263 268 272 276 283 289 295 294 298 305 312 317 316 314 314 313 309 309 309 308 308 304 303 297 292 292 287 284 280 280 276 271 270 266 266 266
295 295 295 295 292 296 295 293 294 293 296 293 291 292 289 286 284 295 294 294 278 272 266 266 262 261 256 251 248 245 242 241 243 240 243 244 247 249 251 252 253 256 256 260 261 267 266 268 271 275 280 282 291 294 296 301 306 313 319 320 321 321 320 320 317 313 312 312 312 309 306 303 301 294 291 287 284 283 278 276 273 268 267 268
303 300 295 295 298 294 296 296 294 298 300 298 298 293 294 292 291 289 283 285 290 278 272 268 262 260 255 251 251 251 249 248 248 247 248 251 254 256 257 257 258 261 261 265 269 271 273 273 278 283 287 289 295 302 302 305 313 319 323 325 326 326 324 322 320 318 319 318 319 316 311 308 305 299 295 291 288 286 283 279 274 273 271 271
308 306 303 296 295 295 295 298 299 301 304 305 303 303 299 300 298 294 290 285 282 288 277 273 268 266 263 258 257 257 255 254 254 251 256 257 257 257 262 265 264 270 272 271 273 278 281 282 286 293 293 294 303 307 307 308 317 325 327 328 329 330 327 327 326 324 324 324 324 321 317 311 309 305 300 298 291 288 285 281 279 278 276 277
309 308 309 305 304 304 300 294 299 303 302 304 306 308 307 306 305 301 293 288 286 295 282 277 271 269 267 263 263 262 261 259 257 258 261 264 264 261 267 268 273 275 277 278 280 286 287 287 291 296 301 304 311 310 311 312 324 330 331 335 334 336 333 333 330 328 330 332 328 324 318 312 312 311 306 300 296 291 287 286 284 281 280 282
313 313 312 311 305 307 305 305 302 306 308 307 308 307 307 306 306 303 298 291 291 307 287 279 275 273 268 264 264 265 265 264 261 265 267 268 269 267 273 272 279 279 282 284 285 290 297 297 299 305 309 313 315 314 318 319 329 334 337 341 337 339 339 338 334 332 335 336 336 328 324 320 319 316 312 305 301 296 293 289 286 285 285 287
321 319 316 315 309 312 308 307 307 311 311 313 314 312 312 314 311 308 304 299 295 300 295 283 279 276 270 266 266 266 265 266 267 270 270 272 275 275 276 281 285 285 286 286 295 298 298 300 304 311 316 317 321 321 321 329 335 337 344 345 343 344 344 344 341 341 343 342 340 335 325 325 323 318 314 310 307 300 295 293 291 290 292 290
330 324 323 322 318 312 309 312 316 317 317 319 318 320 320 320 318 317 313 308 302 306 296 286 281 278 276 273 273 270 275 275 275 276 277 277 279 280 285 288 290 294 294 295 299 304 303 306 312 318 319 324 326 326 327 338 341 343 348 348 351 350 351 351 347 346 350 348 347 339 335 328 326 322 317 314 309 305 299 297 294 296 294 293
333 333 329 326 322 327 321 323 325 326 325 325 324 327 328 329 327 325 320 313 308 307 304 295 286 282 279 278 277 277 280 280 281 280 280 285 284 287 292 292 297 300 299 300 305 306 309 315 320 320 326 330 334 330 336 343 345 350 352 353 356 359 356 355 352 354 357 352 352 347 343 335 329 325 321 318 314 311 302 301 300 302 297 297
345 340 333 332 332 329 324 327 330 330 332 329 333 335 336 340 337 333 326 320 314 311 304 299 302 289 282 280 282 284 285 286 286 286 290 291 292 295 297 299 302 305 306 307 311 314 316 320 325 326 330 334 335 336 341 349 351 352 355 357 361 362 363 361 360 360 360 358 357 354 348 341 334 328 323 322 318 316 308 302 301 301 301 300
352 347 342 343 339 335 333 334 338 338 337 335 341 342 343 343 342 341 335 329 320 315 308 303 300 301 291 285 284 286 287 288 290 292 295 298 296 302 301 305 306 311 314 313 317 319 323 326 329 332 334 340 338 341 348 353 354 355 359 363 361 370 368 367 365 366 366 364 363 358 354 348 341 334 330 324 322 317 312 307 306 307 306 307
358 353 351 351 347 341 342 345 346 342 342 343 345 347 348 349 349 347 344 337 329 323 316 309 302 297 292 293 289 289 291 293 295 298 302 304 304 306 305 310 313 316 320 321 321 323 325 329 334 338 340 345 347 346 352 359 361 362 360 365 366 371 373 374 374 369 370 371 370 364 359 352 346 339 333 327 324 321 316 309 311 312 309 310
364 364 362 358 357 349 351 355 355 355 352 352 352 356 356 353 349 349 346 341 333 326 319 314 309 302 301 304 294 297 296 300 304 304 309 312 311 310 310 315 319 322 323 327 327 328 334 337 338 341 345 350 353 353 359 360 364 367 371 370 370 374 379 384 382 377 376 379 375 367 361 355 349 344 337 330 327 325 321 314 315 315 313 314
370 367 367 366 365 353 358 362 363 361 360 360 362 361 360 360 357 355 347 343 336 332 324 317 312 306 300 305 301 302 302 305 311 314 315 315 317 316 317 323 325 326 327 333 335 335 341 343 345 346 354 356 361 359 362 359 364 368 373 377 377 382 383 385 386 384 382 383 378 368 367 360 352 345 342 335 331 327 326 321 318 318 318 318
