B6_all_seraphim_analyses/Environmental_files/LASV_rasters/Annual_mean_temperature_MRU_0.04.asc
NCOLS 360 
NROWS 264 
XLLCORNER -17 
YLLCORNER 3 
CELLSIZE 0.0416666666666667 
NODATA_value -1.7e+308 
[rows 22 to 43 of 264, columns 48 to 95 of 360]
26.7903333504995 26.8215002218882 26.8861668109894 26.9694996674856 26.9046669801076 26.9066666762034 26.8494997819265 26.8348333835602 26.878999710083 26.8533333937327 26.9888333479563 27.029000043869 27.0216667254766 26.969166636467 26.9410001436869 26.9523333311081 26.9026666084925 26.9321667353312 27.0246666669846 27.0993333260218 27.1295000712077 27.0968332290649 27.0716666380564 27.0561665693919 26.9606668154399 26.9228333234787 26.8985002835592 26.8915002346039 26.9805000623067 27.0528335571289 27.1668334007263 27.2339999675751 27.4161667823792 27.5245000521342 27.4588334560394 27.4121666749318 27.4924999872843 27.5013333161672 27.5548332532247 27.6234998703003 27.7158335049947 27.7446668148041 27.8426668643951 27.9416667620341 28.0333332220713 28.0645003318787 28.085000038147 28.1601666609446
26.7358334064484 26.8539998531342 26.8383335272471 26.9479996363322 26.9113334019979 26.8205000559489 26.807666460673 26.7836669286092 26.8651668230693 26.8418333530426 26.8768332799276 26.8406669298808 26.9780004819234 26.9469997882843 26.958500067393 26.945666829745 26.8814997673035 26.9016667207082 26.9643332958221 27.0576667785645 27.0914996862411 27.0426663557688 27.0103334585826 27.0236666202545 26.9591668446859 26.9749999841054 27.0098332166672 26.9698332150777 26.9416667620341 27.0269999504089 27.1239997545878 27.1990001996358 27.3126665751139 27.3638331890106 27.3613331317902 27.4698336919149 27.4651670455933 27.5246668656667 27.5111667315165 27.5724997520447 27.7308333714803 27.782333056132 27.8636662960052 27.9201664129893 27.995166460673 28.082666794459 28.0915005207062 28.1218334039052
26.774499575297 26.8728335698446 26.816166639328 26.8825001716614 26.8356668949127 26.7510001659393 26.7743331591288 26.7753334840139 26.8626668453217 26.8456666469574 26.7858333587646 26.7356667518616 26.8159998257955 26.8429999351501 26.839666724205 26.8708332777023 26.8859998782476 26.9218333164851 26.9460002581278 27.0176664590836 27.0846666097641 27.0728333791097 27.0396665334702 27.0633331139882 27.002666870753 26.9971667925517 26.9366665681203 26.9736665089925 27.0140001773834 27.079000155131 27.1568332513173 27.122000058492 27.1833334763845 27.2024999459585 27.2044999599457 27.5104997952779 27.5651667118073 27.482666571935 27.5226667722066 27.5078333218892 27.6464997927348 27.8186665376027 27.8931667009989 28.0321667194366 27.9783331553141 27.982666571935 27.9824999968211 27.9646668434143
26.8066669305166 26.9409998257955 26.8789997895559 26.7793335914612 26.6451666355133 26.6430002053579 26.7083332538605 26.7851665814718 26.8233332633972 26.7634998162587 26.7489998340607 26.7660000324249 26.7823331356049 26.7626667022705 26.7400000890096 26.783333381017 26.885999917984 26.9403332869212 26.9311664501826 26.9731665054957 27.0826663970947 27.1233331759771 27.0438332160314 27.013166586558 26.9240000247955 26.9030000368754 26.8386667569478 26.9700000286102 27.0365000565847 27.1024998823802 27.108333269755 27.0935003757477 27.1356666882833 27.1441666285197 27.213166475296 27.5164997577667 27.679833094279 27.6070001125336 27.5643331209819 27.5516667366028 27.7011666297913 27.8805000782013 27.9205002784729 27.9928333759308 28.0376665592194 27.9196666876475 27.9446667035421 27.8849999904633
26.7356666723887 26.9058334032695 26.8635000387828 26.7143332163493 26.6248332659403 26.6181667645772 26.6298332214355 26.7073330879211 26.7890002727509 26.7901669343313 26.8486665884654 26.8620001077652 26.8991664648056 26.7924999396006 26.6765001614888 26.7169998486837 26.8361668189367 26.9213332732519 26.8889998992284 26.8831664323807 26.9713331858317 27.0354997714361 26.9754999478658 26.890500386556 26.9344998995463 26.84716685613 26.8820001284281 26.9354999065399 26.9731668631236 27.0156668027242 27.0844999154409 27.0624999205271 27.0348331133525 27.1231667995453 27.2423334916433 27.4678335189819 27.7258336544037 27.7418332894643 27.6130002339681 27.5938333670298 27.6751667658488 27.7693335215251 27.8443331718445 27.9251667658488 27.9236666361491 27.8508331775665 27.8686668078105 27.9275000095367
26.7000002066294 26.7056667009989 26.6866665681203 26.6069997151693 26.6079998811086 26.659333785375 26.7025000254313 26.7933332920074 26.8445000648499 26.8546667098999 26.8450001080831 26.8288335800171 26.8579998016357 26.7235000133514 26.6826668580373 26.7365002632141 26.8393330574036 26.913666566213 26.9120001395543 26.8490000565847 26.870333313942 26.8933333555857 26.9721666971842 26.9718332290649 26.9509998162587 26.844166914622 26.8633330663045 26.8631666501363 26.9429997603099 26.9663333098094 27.0416664282481 27.0391664505005 27.0513333479563 27.1273334026337 27.1906667550405 27.3599996566772 27.6335000197093 27.6966671943665 27.6600004037221 27.6421667734782 27.6251668135325 27.6638334592183 27.70516649882 27.8208331267039 27.8559999465942 27.8326665560404 27.8809998830159 27.9708330631256
26.5691668192546 26.6333333651225 26.6288332939148 26.6189996401469 26.6053329308828 26.6628333727519 26.751499970754 26.7001666227976 26.674166838328 26.6739999453227 26.7084999879201 26.7456664244334 26.7829995950063 26.7016667524974 26.7296667893728 26.8220000267029 26.8514998753866 26.8534998893738 26.8253337542216 26.8305000464122 26.8725001811981 26.8598336378733 26.8460000356038 26.9083335399628 26.9291663964589 26.9129999478658 26.9201666514079 26.9684998194377 26.978000164032 27.0326666037242 27.0645000139872 27.0746667385101 27.0771668752034 27.0950000286102 27.152666648229 27.3298331101735 27.6013333002726 27.6974999904633 27.6906667550405 27.6346666018168 27.5743335088094 27.5728331406911 27.621333360672 27.7836665312449 27.8526668548584 27.8835000197093 27.9036668936412 27.9464999039968
26.4545000394185 26.5545001029968 26.5363336404165 26.5869998137156 26.6586666901906 26.692166407903 26.7391665776571 26.7415004571279 26.6506666342417 26.6349999109904 26.7008333206177 26.7643331686656 26.7198334534963 26.6428332328796 26.6483334700267 26.7259999116262 26.8386665980021 26.7594998677572 26.7273333867391 26.7633335590363 26.8163336912791 26.7628333568573 26.6839996973674 26.7951666514079 26.845833381017 26.9129999478658 26.965000073115 27.0428333282471 27.0536669890086 27.0739999612172 27.0673334598541 27.0759999752045 27.066666841507 27.1083333492279 27.1298332214355 27.3155002593994 27.6073336601257 27.6560000578562 27.6011664072673 27.5171667734782 27.4446667035421 27.5376669565837 27.6010000705719 27.7640000184377 27.9056667486827 27.9976663589478 28.0101664861043 27.9656666119893
26.4288334051768 26.4544999599457 26.4840000470479 26.5193333625793 26.5498332977295 26.6263335545858 26.7056664625804 26.6629997889201 26.6053332487742 26.5596668720245 26.5036667188009 26.5649999777476 26.6738330523173 26.7286666234334 26.7056663036346 26.6730000178019 26.684999704361 26.6658332745234 26.7581667105357 26.7915000120799 26.7953333457311 26.7286665439606 26.6896669069926 26.6883331537247 26.76833319664 26.8340001900991 26.8585000832876 26.9459998607635 26.9705001513163 27.0426664352417 27.0668334960938 27.0581668217977 27.0711663564046 27.0694997310638 27.129499912262 27.318333307902 27.55499958992 27.6294995148977 27.5519999663035 27.4263333479563 27.3961664040883 27.5713336467743 27.6445002555847 27.7421667575836 27.8276665210724 27.8933333555857 27.8981664180756 27.9226667086283
26.4619998931885 26.5178333123525 26.5163333415985 26.5405000845591 26.4883333047231 26.5941666762034 26.6653333504995 26.6321666240692 26.5274999936422 26.5439999103546 26.4681665102641 26.4961667060852 26.6288328965505 26.65083305041 26.5751663843791 26.6086666584015 26.616666674614 26.5498332579931 26.6181667645772 26.6390000979106 26.6951666673024 26.6756667296092 26.6103330453237 26.6223334471385 26.6506665150325 26.713166475296 26.7456668217977 26.8138330777486 26.8686665693919 26.8914999961853 27.005833307902 27.0248332818349 27.0186663468679 27.0554994742076 27.1399999459585 27.2991667588552 27.3976667722066 27.4686667919159 27.5373334884644 27.5755000114441 27.5530002117157 27.6174997488658 27.6421667734782 27.675666809082 27.7396664619446 27.8066663742065 27.7743332386017 27.8221666812897
26.4393334388733 26.3736667633057 26.2826666037242 26.3431668281555 26.3485000133514 26.3985000451406 26.4519997437795 26.4746667544047 26.4141669273376 26.3848332564036 26.3926665782928 26.387166817983 26.4198331038157 26.464833299319 26.5481668313344 26.5888333717982 26.6011664072673 26.5561667283376 26.5406665007273 26.5949997901917 26.7041664918264 26.6506666342417 26.5706664721171 26.5560002326965 26.5963330666224 26.6479997634888 26.6973334153493 26.743499994278 26.8198330402374 26.8335002263387 26.908833026886 26.9836663405101 26.9976667563121 27.0464999675751 27.1359998385112 27.3324999014537 27.3258336385091 27.3715003331502 27.4318335851034 27.4706668059031 27.5705000559489 27.5966664950053 27.6024997234344 27.6091667016347 27.6554999351501 27.7178332010905 27.7530000209808 27.7879998683929
26.3294999599457 26.269166469574 26.2268329461416 26.1985001564026 26.2283334732056 26.3035000165304 26.376499970754 26.3593333562215 26.3355001608531 26.2490003903707 26.2429998715719 26.3336665630341 26.4600001176198 26.4513336022695 26.54350010554 26.6036667029063 26.5771664778392 26.5928334395091 26.6141668160756 26.6410000324249 26.6353330612183 26.5758330821991 26.5336665312449 26.5226668119431 26.576833208402 26.618000070254 26.6746668815613 26.7626666227976 26.7861667474111 26.7678337097168 26.8461667696635 27.0294998486837 27.1198333104451 27.1030000050863 27.0878331661224 27.194166580836 27.2715001106262 27.295999844869 27.405833085378 27.5819999376933 27.5076668262482 27.5218335787455 27.4730000495911 27.5103334585826 27.6171666781108 27.7548332214355 27.7123333613078 27.7068335215251
26.2516666253408 26.2016666730245 26.2161666552226 26.2303334077199 26.2096665700277 26.3381666342417 26.3635001182556 26.3308333555857 26.2913335164388 26.2863332430522 26.3105002244314 26.3731665611267 26.5035003026326 26.454000155131 26.5236667792002 26.5343334674835 26.5720001061757 26.600500424703 26.6143333911896 26.5591668287913 26.5966667334239 26.5998331705729 26.5313330888748 26.5423333644867 26.5494999885559 26.5733335018158 26.6023333072662 26.7543334166209 26.7598334153493 26.7618335882823 26.837500333786 26.9554998079936 27.0323334534963 27.040166536967 27.0604999860128 27.1861668427785 27.0118333498637 26.895499865214 27.063666899999 27.6493334770203 27.5853332678477 27.5308332443237 27.3951669534047 27.4141666094462 27.6090002854665 27.8261663913727 27.7798333962758 27.7066663901011
26.3211666742961 26.2623328367869 26.2724999586741 26.2401663462321 26.3173333009084 26.356166601181 26.4183336098989 26.3778335253398 26.2996668815613 26.3748335043589 26.4050002892812 26.4540000756582 26.4701667626699 26.470666885376 26.4728331565857 26.5339998404185 26.5569998423258 26.5911668936412 26.5743334293365 26.5178334712982 26.5273332595825 26.5250000158946 26.5108336210251 26.5336666504542 26.5596665541331 26.5598328908284 26.6090000470479 26.6865003903707 26.7345003286997 26.8291670481364 26.8900005022685 26.9138337771098 26.9203333854675 26.9846665064494 26.9788332780202 26.9008335272471 26.8468337059021 26.8383332888285 26.927499850591 27.7664999961853 27.7558334668477 27.6779999732971 27.5378332138062 27.5061664581299 27.6474999586741 27.8641666571299 27.8174997965495 27.7408336003621
26.2953333854675 26.2673335075378 26.2599999904633 26.3034997781118 26.3663332462311 26.3286663691203 26.3400003910065 26.3150001366933 26.3128334681193 26.3540004094442 26.4123333295186 26.3845003445943 26.4200000762939 26.4238336086273 26.456166823705 26.4518330891927 26.5250000158946 26.5048333009084 26.5248333613078 26.5466667811076 26.5369998613993 26.4576666752497 26.4961667060852 26.5190000931422 26.5281670490901 26.5750000476837 26.6253333091736 26.6758336226145 26.7386669317881 26.8268337249756 26.8910000324249 26.8998334407806 26.90149974823 26.8446665604909 26.8081665039062 26.9800000985463 26.9756666819255 26.7883334159851 26.82133324941 27.800999879837 27.8663331667582 27.7974998950958 27.7373332182566 27.6469999154409 27.6210001309713 27.7675000031789 27.7581667900085 27.7745002110799
26.3225000699361 26.2816668351491 26.3083332379659 26.2919999758403 26.3520000775655 26.2916667461395 26.2468330860138 26.2963336308797 26.4000001748403 26.3951669534047 26.3876665433248 26.4459999402364 26.4581665198008 26.4229999383291 26.4405001799266 26.3818333943685 26.4426666895549 26.4913332462311 26.4784998099009 26.4876666863759 26.4683333237966 26.4276664654414 26.4651666879654 26.4954999685287 26.4806668758392 26.5504999955495 26.6521668434143 26.7131667137146 26.7485004266103 26.8261665503184 26.895166794459 26.9329999287923 26.9155000050863 26.8648335138957 27.0588335990906 27.1071668465932 27.250999768575 27.2718332608541 27.369166692098 27.8454999923706 27.9079996744792 27.8961666425069 27.800666809082 27.5843331813812 27.5491667588552 27.6201665401459 27.7055005232493 27.8201665878296
26.2578333218892 26.1959999402364 26.1858331362406 26.1866666475932 26.276000102361 26.2293334007263 26.2236670653025 26.3251667022705 26.3731664816539 26.4399998982747 26.5171666940053 26.5266666412354 26.4258330663045 26.3550002574921 26.3781669139862 26.3148334026337 26.3323333263397 26.3671665986379 26.280166665713 26.2983329693476 26.3323332866033 26.4043330351512 26.4881666501363 26.570499976476 26.6033333937327 26.5975000858307 26.6580000718435 26.7486665248871 26.8040000597636 26.9570002555847 27.0090003013611 26.9525000254313 26.9930001894633 27.0824999809265 27.3121667702993 27.3641666571299 27.4816666444143 27.6165002187093 27.7351669470469 27.7526667118073 27.7639996210734 27.7433329423269 27.6734999020894 27.5686667760213 27.5223333040873 27.6024998029073 27.7131667931875 27.7918333212535
26.1953332424164 26.2166665395101 26.2031667232513 26.1695001125336 26.156999985377 26.1585001945496 26.2691667079926 26.3641665776571 26.428999821345 26.5209999084473 26.582999865214 26.4805002212524 26.3658335208893 26.307333389918 26.311500231425 26.2661668459574 26.227833588918 26.2048332691193 26.2131665547689 26.2491665283839 26.3246667385101 26.4099997679393 26.4651668866475 26.5464998881022 26.608333269755 26.656333287557 26.6095004876455 26.7028336524963 26.8499999841054 27.0271666049957 27.0818335215251 27.0616668065389 27.0718331336975 27.1483332316081 27.2560000419617 27.3125 27.3941667874654 27.4480003515879 27.4941664536794 27.545500199 27.5796665350596 27.6199999650319 27.6464997927348 27.7038333415985 27.7069999376933 27.6651666959127 27.6971664428711 27.7155001163483
26.2744996547699 26.2836665312449 26.2703329722087 26.2416667143504 26.1920000712077 26.2150001525879 26.2658330599467 26.4304999510447 26.4868333339691 26.522500038147 26.4331665833791 26.3471666971842 26.3596665859222 26.2898333072662 26.286333322525 26.2838335037231 26.2429998715719 26.234166820844 26.3016666571299 26.3523332277934 26.3426666259766 26.4019999504089 26.4609995683034 26.5004998842875 26.560333331426 26.6503332455953 26.6483333110809 26.7006668249766 26.769833167394 26.8888332843781 26.9398332436879 27.0233333905538 26.9994997183482 27.0093331336975 27.0904998779297 27.1666667461395 27.2270000775655 27.242333650589 27.2908334732056 27.4081668059031 27.4973330497742 27.6196667353312 27.7008334000905 27.7523331642151 27.778333346049 27.7583334445953 27.6658331553141 27.6310002803802
26.2874999046326 26.3546665509542 26.2844995657603 26.242166519165 26.2700001398722 26.2571667035421 26.3256665070852 26.4468336105347 26.5158330599467 26.3541666666667 26.318833510081 26.2391663392385 26.238166809082 26.2400000890096 26.2390001614888 26.1920002301534 26.2153333822886 26.3141667048136 26.4416667620341 26.4259995619456 26.3438331286112 26.3568332195282 26.4104999701182 26.4583334128062 26.488166252772 26.6245000362396 26.6880002816518 26.7626667817434 26.781499783198 26.785666624705 26.859833240509 26.9234996636709 26.9353330135345 27.0463333129883 27.1636669635773 27.2649999459585 27.2941664854685 27.2589998245239 27.3296667734782 27.4166666666667 27.5215001106262 27.6016664505005 27.7428332169851 27.7793331940969 27.8295001188914 27.8068333466848 27.6936668554942 27.2019998232524
26.3041667143504 26.3843332131704 26.3143332799276 26.3418331940969 26.3318330446879 26.3433334032695 26.3803333441416 26.5204999446869 26.4628329277039 26.3023331165314 26.2485002676646 26.2861661911011 26.2578331629435 26.1964999834696 26.2338333924611 26.2131666342417 26.3111666838328 26.4331669012705 26.4931667645772 26.3995002905528 26.334666967392 26.2866665919622 26.306666692098 26.420166571935 26.5919996102651 26.6620000203451 26.6744997501373 26.7419999440511 26.7669998804728 26.8159999052684 26.9218331972758 27.0026663939158 27.0618329842885 27.137499888738 27.2584997812907 27.4348333676656 27.4380001227061 27.4461665153503 27.407333612442 27.4215001265208 27.5123332341512 27.5280001163483 27.6183331807454 27.7576668262482 27.8161665598551 27.7634998162587 27.6431670188904 27.5309998194377
26.3366669019063 26.4078331788381 26.4243330955505 26.4859997431437 26.608166774114 26.542000134786 26.4961663881938 26.6436665058136 26.5733334223429 26.4271665414174 26.3285000324249 26.3564998308818 26.2801667849223 26.2453334331512 26.2818334102631 26.2589999039968 26.3781665960948 26.4591666857402 26.4166669845581 26.3800005118052 26.3978337446849 26.3415002028147 26.3441666762034 26.4834999243418 26.6266665458679 26.6309998035431 26.608499844869 26.709666411082 26.7129998207092 26.8346666495005 26.9418330987295 27.0479998588562 27.1225000222524 27.1908332506816 27.13449994723 27.4566666285197 27.3734999497732 27.457333167394 27.3998332023621 27.4035000801086 27.531666914622 27.5034999847412 27.5330001513163 27.7118330001831 27.7503333886464 27.5698336760203 27.3839999834696 27.2763330141703
