B6_all_seraphim_analyses/Environmental_files/LASV_rasters/Annual_precipitation_NGA_0.04.asc
NCOLS 408 
NROWS 336 
XLLCORNER 0 
YLLCORNER 2 
CELLSIZE 0.0416666666666667 
NODATA_value -1.7e+308 
[rows 76 to 113 of 336, columns 0 to 83 of 408]
621 619 618 615 614 616 615 613 609 609 607 606 610 611 613 611 609 612 615 616 617 616 615 612 613 612 613 611 613 611 610 608 608 607 609 606 607 602 601 594 593 591 598 602 604 608 612 612 616 616 614 613 614 613 610 609 604 600 598 595 591 592 590 591 588 586 588 592 589 580 587 587 587 587 587 589 594 598 596 602 605 606 609 610
625 624 624 623 620 617 617 617 617 617 615 614 615 615 619 619 617 619 622 622 622 621 620 621 621 620 617 619 619 619 619 618 619 619 619 615 615 613 609 609 604 605 610 612 614 618 621 624 623 626 625 623 618 615 613 611 608 603 603 607 602 600 597 600 597 593 596 600 599 594 595 593 594 596 595 599 603 605 607 609 614 618 618 618
633 633 628 626 622 624 625 624 622 622 623 619 618 621 623 623 625 626 627 630 629 631 631 628 630 629 630 628 629 631 630 630 632 630 632 629 624 623 621 621 619 618 622 625 625 627 629 630 632 634 630 626 626 626 622 620 617 615 611 615 616 606 606 603 605 602 603 606 603 599 601 600 602 601 602 606 609 611 612 616 621 625 625 626
639 636 635 633 634 632 632 629 627 628 627 625 625 626 629 634 636 635 637 637 637 638 638 637 637 638 641 639 639 639 640 642 642 643 641 640 638 636 636 632 631 632 631 634 635 637 640 644 645 643 642 640 639 636 629 630 627 621 615 619 616 612 609 608 611 609 611 609 608 608 607 607 609 610 610 610 613 618 620 621 626 628 631 630
647 643 641 642 643 640 639 635 633 634 633 633 632 635 638 644 645 644 646 644 645 646 648 648 647 650 648 649 650 651 652 653 653 652 655 652 652 654 645 646 644 645 646 645 646 650 651 652 653 652 653 650 647 645 640 638 633 630 622 619 629 618 617 616 615 618 619 618 614 613 611 612 615 614 616 615 618 624 627 627 631 634 638 636
654 655 651 650 648 645 645 645 642 642 640 642 640 641 646 651 652 652 653 655 657 657 658 656 656 658 661 661 661 663 664 665 666 666 666 664 666 664 661 660 658 658 656 657 657 658 659 661 658 658 660 657 654 650 646 639 636 636 631 626 632 623 621 621 621 622 624 622 619 620 622 621 620 620 622 621 623 630 634 636 640 642 640 642
661 662 660 660 660 657 654 654 649 652 652 649 649 648 653 655 657 661 663 664 666 663 665 667 666 671 669 672 672 673 676 677 679 677 679 678 678 678 677 673 668 667 667 666 666 666 666 665 668 667 666 662 659 656 651 645 643 641 635 626 636 630 633 634 624 636 629 626 624 625 624 623 625 625 629 627 630 634 637 641 648 649 646 650
671 673 671 670 667 663 661 660 659 660 661 658 657 657 662 665 667 669 674 672 671 672 673 674 676 680 680 684 683 684 685 686 689 691 692 695 697 693 688 686 680 676 677 677 672 674 675 675 675 673 673 669 666 661 656 649 647 646 637 637 633 644 637 635 642 630 637 634 631 629 629 628 630 626 630 634 636 639 644 649 653 653 652 658
682 683 683 678 677 674 670 670 671 668 669 668 668 668 668 671 673 678 679 679 678 679 681 684 687 691 693 694 694 693 696 698 699 701 705 707 708 701 699 696 691 689 684 682 683 686 683 685 684 683 679 676 672 667 664 661 653 646 644 644 639 639 638 637 638 633 644 639 637 639 634 632 633 632 634 634 639 643 648 653 658 661 656 663
696 694 690 688 684 686 680 680 677 674 676 676 676 678 680 683 683 684 684 685 687 690 694 698 701 700 702 706 703 705 706 709 709 713 714 716 716 711 709 704 701 699 696 694 692 692 696 693 691 692 688 685 680 677 669 661 661 657 658 654 652 652 649 648 644 640 653 651 643 645 641 638 638 637 638 641 644 646 651 657 661 666 662 665
709 704 703 699 696 694 692 689 685 685 684 682 684 685 692 693 693 691 693 697 699 703 701 707 711 711 712 713 713 713 715 716 717 719 720 723 723 719 716 714 709 707 705 705 704 704 702 702 700 696 693 687 683 681 678 675 671 669 667 667 665 661 660 656 650 650 643 642 658 659 648 644 644 644 642 647 649 651 656 660 666 664 662 667
719 717 715 712 706 704 699 696 692 692 692 693 694 697 700 701 700 700 701 703 706 709 713 717 722 720 718 717 718 720 724 725 723 726 728 729 730 727 725 722 718 714 714 714 714 712 710 707 703 700 698 696 694 691 686 687 682 678 678 675 674 674 671 665 661 656 654 654 649 655 668 652 652 651 651 656 657 659 659 664 669 669 667 671
733 730 726 724 719 713 710 707 703 706 707 706 708 706 707 705 709 709 712 716 718 721 720 725 726 725 725 725 726 729 731 731 733 734 735 735 735 734 730 728 724 725 723 722 721 720 715 713 711 709 709 706 701 698 698 697 691 688 687 684 680 677 675 670 670 666 666 663 663 660 656 663 658 657 657 660 665 665 666 668 672 673 673 676
746 741 739 734 730 727 723 722 719 716 715 714 714 714 713 716 720 719 721 724 729 727 726 730 729 726 729 730 733 737 739 739 741 742 742 743 742 739 740 736 736 736 730 728 727 725 722 720 719 719 717 713 712 709 708 701 696 692 693 690 688 683 683 681 677 680 676 671 671 670 666 669 666 664 664 664 668 671 674 674 675 677 679 680
760 756 752 747 745 742 738 738 732 726 725 727 727 725 724 727 731 732 731 731 735 735 735 735 736 738 738 737 739 744 743 746 747 748 749 752 750 747 746 745 742 742 741 737 733 732 731 732 727 728 725 723 724 721 714 709 704 703 704 701 699 695 696 692 692 690 688 683 680 681 677 676 672 668 669 669 671 674 682 684 686 686 689 690
776 773 767 760 760 756 751 744 742 742 742 740 738 735 735 738 740 743 741 740 743 743 746 748 745 747 746 746 747 748 751 751 755 756 755 755 756 760 756 752 752 751 747 744 743 743 744 744 740 739 735 733 735 732 725 723 717 713 714 714 711 709 708 702 701 701 698 697 694 688 688 683 684 675 675 675 678 679 685 693 697 697 698 698
785 786 777 771 771 768 763 760 757 755 751 749 746 746 746 747 750 751 752 752 749 750 752 754 756 755 756 759 757 756 758 760 759 761 761 764 763 762 762 758 757 756 751 751 755 755 756 752 748 746 747 747 743 741 737 730 727 724 725 724 725 720 717 716 711 708 705 706 701 698 696 694 695 691 683 678 678 683 689 696 706 709 712 707
791 789 785 782 779 773 773 773 770 764 761 757 756 756 756 756 760 762 761 761 760 754 756 757 761 764 764 764 768 768 766 767 767 770 772 770 769 768 766 765 766 759 761 763 762 766 766 764 757 755 756 757 752 746 743 740 739 734 736 735 735 734 732 725 719 718 715 712 710 707 703 706 706 702 698 694 685 692 700 707 713 719 724 718
797 795 794 791 784 780 784 781 780 779 773 770 768 767 768 770 768 769 769 767 764 763 763 765 766 770 772 770 772 774 772 775 778 783 784 779 779 782 779 778 774 771 775 780 776 774 774 774 768 764 764 763 759 758 754 748 751 746 743 745 744 745 742 735 732 731 725 723 722 721 720 717 717 718 714 712 707 705 714 720 726 730 732 727
797 800 797 795 790 788 787 790 792 787 782 782 783 780 780 777 780 775 775 772 773 772 772 770 773 776 776 775 780 780 779 780 787 790 791 789 789 787 787 787 785 783 781 784 784 787 786 784 778 777 776 773 771 767 764 763 763 757 752 753 754 755 756 746 742 740 736 736 735 736 735 732 729 728 728 728 729 722 725 735 739 741 746 745
806 805 799 800 793 796 797 800 799 797 794 789 792 788 784 782 781 784 785 781 777 780 778 775 778 781 779 782 782 782 784 788 790 793 795 795 793 792 795 799 796 795 791 792 792 795 795 796 789 789 785 782 777 777 772 771 770 768 763 762 766 761 758 754 753 750 749 751 752 751 748 746 742 741 743 744 744 743 739 748 754 756 755 755
811 808 805 802 805 808 807 804 805 803 802 801 801 798 795 792 789 786 784 783 782 784 785 783 786 785 786 788 788 789 791 792 795 800 802 799 799 799 801 805 807 809 807 806 804 805 807 804 801 796 794 791 790 786 785 782 780 774 776 775 776 771 770 767 763 761 762 765 763 762 761 758 756 759 759 762 761 761 758 764 766 765 767 773
814 812 810 808 812 812 811 810 814 811 806 807 806 806 802 799 797 798 794 795 795 794 794 793 792 791 795 793 795 793 795 795 804 808 809 804 804 807 811 812 812 818 816 818 817 818 815 808 803 804 804 801 798 799 798 793 792 785 785 785 787 784 780 779 774 776 779 776 778 774 772 774 775 777 775 780 783 783 781 780 780 777 780 784
816 814 812 810 814 814 819 820 819 814 813 810 812 816 811 810 805 805 804 804 803 804 804 801 797 798 797 803 803 802 800 801 811 817 812 810 808 813 816 817 822 827 828 830 828 825 817 815 812 809 812 814 812 810 809 807 800 794 795 799 796 795 790 791 791 794 788 790 788 788 789 792 789 791 797 801 805 805 806 800 800 797 795 798
822 819 817 816 817 816 821 825 826 819 815 816 821 822 818 816 808 809 809 809 807 811 809 803 806 806 807 809 809 811 808 813 818 819 817 818 817 819 819 825 831 831 837 840 832 828 826 821 817 816 818 822 824 819 817 813 808 806 812 809 806 803 802 806 807 804 799 799 804 802 806 805 806 808 816 825 827 830 832 830 824 817 815 812
824 824 824 824 821 820 823 826 827 826 822 824 830 829 825 820 817 811 812 814 814 812 812 815 812 814 813 813 813 818 817 821 825 822 823 823 822 826 827 829 834 846 851 838 834 833 829 829 824 825 828 830 828 828 826 821 819 827 826 816 822 817 816 819 818 814 813 815 818 818 819 816 821 827 835 841 848 852 852 849 858 845 840 841
831 831 831 831 827 822 826 829 830 828 826 830 830 830 829 827 823 822 816 817 819 818 822 817 820 823 825 820 821 822 823 825 832 830 832 825 829 831 837 848 857 855 849 843 840 840 837 836 831 832 835 835 832 833 832 829 835 836 834 833 832 827 830 832 827 825 829 831 832 830 829 830 834 842 848 857 863 867 866 862 857 855 853 851
832 838 837 835 831 829 829 830 832 834 832 833 838 835 835 835 831 828 825 821 822 822 823 826 830 831 831 829 830 836 832 830 834 834 835 836 834 842 861 863 860 851 851 853 848 846 843 841 840 841 840 838 839 844 844 838 842 840 844 845 843 840 840 838 837 838 842 843 841 842 840 842 848 854 860 868 876 878 878 872 867 863 862 861
833 835 836 837 837 835 833 833 837 834 842 843 841 836 837 838 833 834 831 832 829 829 827 833 840 837 838 840 842 842 842 841 841 840 840 841 844 863 863 858 855 857 858 858 859 855 848 849 849 849 846 847 850 858 860 855 851 854 855 858 855 852 851 846 851 853 852 850 850 850 854 857 861 867 870 877 882 883 883 879 878 878 874 872
837 838 837 840 839 838 836 837 840 842 845 853 847 840 839 842 839 838 837 835 836 833 835 842 846 843 843 844 847 846 849 852 853 852 850 849 866 862 861 858 861 862 868 865 863 859 861 862 858 856 859 863 868 871 865 861 861 867 869 869 866 863 860 861 862 861 860 863 861 864 868 869 872 879 880 884 892 895 890 886 884 891 887 886
838 841 847 849 849 848 844 842 845 847 853 858 852 848 845 845 840 842 841 840 838 840 844 851 850 847 848 849 851 850 850 853 858 860 854 861 861 867 864 868 871 874 871 873 868 866 869 866 864 869 872 881 883 877 873 870 874 877 879 877 874 871 874 873 875 875 872 872 875 878 879 886 886 887 892 896 902 903 899 895 895 900 901 897
838 846 855 858 853 858 854 849 850 852 857 860 859 852 852 850 853 847 845 844 848 843 852 853 853 853 849 856 857 856 858 858 861 862 860 858 866 867 865 872 877 879 881 875 874 873 874 872 872 881 894 891 889 886 889 881 883 889 890 886 887 890 888 888 887 884 882 882 882 886 890 896 897 901 904 911 915 912 907 908 906 907 910 911
844 851 859 863 865 868 864 857 857 858 858 860 862 862 858 853 854 856 854 851 852 852 858 858 855 856 855 860 867 873 882 870 868 867 867 865 868 871 876 882 883 885 884 883 880 877 879 882 889 903 906 902 898 896 897 893 892 899 900 897 898 901 901 900 893 892 895 894 893 894 899 907 911 911 919 920 922 918 920 916 913 911 916 916
849 856 864 872 872 871 868 868 862 865 862 864 865 868 866 862 859 858 860 862 857 860 861 863 860 862 860 864 871 883 883 872 876 871 873 877 878 878 882 887 887 884 887 884 884 886 889 892 906 918 907 906 905 901 899 900 902 907 911 910 911 908 905 905 903 900 900 898 900 904 906 911 916 923 931 928 927 932 930 928 922 920 923 926
862 870 875 880 879 874 874 871 869 875 870 869 870 873 876 875 874 869 868 866 867 863 868 866 865 865 869 874 882 885 881 878 875 875 881 887 889 890 886 889 890 894 894 897 900 897 896 903 919 920 919 914 909 912 914 910 912 914 918 919 919 916 912 910 910 908 910 912 912 911 915 921 926 935 940 937 939 937 934 932 930 928 934 937
871 877 887 885 881 882 881 882 885 885 882 878 875 881 882 881 875 876 878 874 873 870 871 869 870 875 880 883 885 883 881 882 881 887 892 897 896 901 901 902 904 909 912 912 912 904 906 922 933 928 926 922 925 927 926 920 925 927 928 927 922 919 917 918 921 920 920 922 920 918 922 927 937 945 947 948 947 943 938 936 935 940 941 946
875 884 897 900 894 890 892 898 894 893 889 889 885 885 891 892 888 888 885 883 881 880 878 877 881 886 888 883 886 884 883 884 888 895 898 907 908 909 920 912 917 920 931 921 918 914 924 941 941 938 934 933 936 939 934 930 933 939 940 933 933 934 928 922 924 924 926 926 927 928 932 938 946 951 953 954 953 949 943 948 949 950 952 954
883 893 903 909 907 909 910 910 912 910 908 903 900 903 899 898 895 897 895 893 890 894 890 885 884 891 890 882 885 889 889 894 895 903 905 911 917 922 934 923 931 937 929 922 920 927 951 950 948 945 942 940 946 949 946 940 941 944 948 944 939 935 934 931 930 934 934 933 936 939 943 947 954 957 960 963 962 955 950 956 959 962 961 968
