B6_all_seraphim_analyses/Environmental_files/LASV_rasters/Annual_precipitation_NGA_0.04.asc
NCOLS 408 
NROWS 336 
XLLCORNER 0 
YLLCORNER 2 
CELLSIZE 0.0416666666666667 
NODATA_value -1.7e+308 
[rows 38 to 75 of 336, columns 84 to 167 of 408]
324 324 325 325 323 323 327 326 326 326 330 334 335 334 334 333 336 337 336 339 336 340 342 341 339 342 343 342 342 344 347 349 350 350 349 351 356 360 365 371 377 383 383 389 393 397 400 400 403 406 403 406 408 408 409 405 401 393 394 395 388 379 377 371 362 353 348 347 346 341 336 331 328 327 323 321 321 317 318 319 318 313 311 311
329 329 328 328 331 331 330 330 329 331 340 339 339 340 336 338 340 338 340 342 342 343 344 343 343 347 348 348 350 347 351 349 353 355 352 353 357 363 370 378 381 385 387 393 397 397 401 403 404 407 409 409 410 411 412 402 398 396 399 394 393 386 378 371 363 353 355 356 351 347 344 338 334 330 329 326 323 319 319 319 317 316 313 310
332 333 332 335 333 334 336 336 335 339 341 340 341 339 341 343 344 343 343 345 346 349 350 348 352 353 352 349 352 352 356 357 358 357 356 358 359 363 371 380 386 390 393 396 397 400 402 405 408 408 412 415 415 413 409 400 401 405 404 393 388 385 380 372 364 363 362 358 354 351 349 344 341 336 331 330 328 326 321 321 318 316 314 311
339 339 336 335 335 338 341 342 339 345 342 346 343 345 348 349 351 347 347 349 352 353 354 356 357 358 352 350 353 359 361 363 362 360 360 362 364 370 376 381 387 391 392 396 399 402 404 406 408 410 414 414 413 416 404 402 402 402 400 393 388 387 381 373 368 369 365 360 359 355 351 351 345 340 337 334 330 328 326 322 321 320 316 311
343 344 341 340 342 345 347 346 346 349 349 348 350 351 354 354 354 355 354 355 356 357 359 360 361 360 356 359 363 359 365 367 367 368 370 368 373 379 382 386 393 395 396 400 403 406 407 411 413 412 415 410 412 411 405 410 410 404 400 400 394 388 381 376 377 373 370 366 362 358 357 356 349 341 341 337 333 332 331 328 325 322 318 315
346 345 344 344 348 352 351 350 349 351 356 358 356 357 355 358 359 359 360 361 362 365 366 367 366 366 366 370 370 369 369 373 373 374 378 379 385 386 386 391 399 398 400 404 407 409 413 416 418 419 421 413 415 413 414 414 408 404 404 401 399 390 382 381 379 376 373 370 369 366 358 355 354 347 343 340 337 335 334 330 328 328 325 321
349 351 350 350 354 357 358 355 354 359 360 360 361 362 363 365 363 364 367 369 371 371 372 371 370 372 375 379 379 378 377 381 383 385 388 389 387 391 393 397 402 406 406 411 412 417 418 420 421 422 420 414 413 415 416 416 413 409 408 404 400 390 386 384 381 381 380 374 371 367 364 361 357 353 347 345 341 339 336 335 335 331 328 325
355 359 360 360 358 360 362 359 361 368 364 363 365 364 366 369 371 373 373 376 374 375 377 376 379 379 380 381 384 385 389 389 390 392 393 393 395 400 402 406 411 414 413 416 418 421 423 425 426 425 424 417 420 421 421 417 416 415 409 407 398 395 395 390 388 386 383 376 375 371 364 362 361 358 352 347 348 344 343 342 340 337 334 330
364 363 365 363 364 366 367 366 365 369 369 370 374 375 374 376 377 379 380 377 379 379 379 384 386 386 387 389 392 393 394 393 397 395 399 403 405 410 408 417 421 420 423 424 426 426 427 429 429 432 431 422 425 425 428 423 418 417 415 406 400 402 399 395 394 391 384 378 378 375 368 365 363 362 361 354 350 351 349 346 346 344 340 339
369 369 369 369 370 372 373 374 373 373 373 380 382 383 384 382 385 385 384 382 385 387 388 390 393 393 394 396 398 398 401 399 403 403 406 409 415 418 415 427 429 426 429 429 432 433 433 434 435 434 433 427 428 431 428 426 426 420 414 406 406 408 403 397 395 390 383 379 379 375 369 368 365 365 364 361 355 354 354 354 351 348 347 346
375 375 375 376 377 380 382 381 379 379 378 385 388 384 388 390 388 389 388 389 392 393 395 396 398 399 401 403 403 404 407 407 411 411 411 415 422 424 425 432 431 429 433 434 438 439 440 441 440 437 435 433 433 431 435 433 428 422 415 416 414 411 407 402 398 392 386 388 384 377 375 372 370 367 365 362 361 360 360 358 355 353 352 349
381 381 381 381 383 384 387 388 388 387 386 389 392 391 389 392 392 395 394 397 402 403 404 403 404 406 407 411 409 412 413 412 414 419 422 422 428 428 433 438 438 436 441 442 442 444 444 445 441 439 437 442 440 440 440 436 430 420 421 418 417 413 406 404 398 392 392 388 383 381 379 376 374 370 368 368 368 368 369 368 367 365 363 360
385 386 387 387 388 391 391 392 395 396 395 395 397 397 397 401 402 405 408 409 408 409 410 410 410 412 415 416 416 417 419 422 426 431 433 436 437 439 440 442 439 444 444 444 446 447 446 442 445 448 446 443 443 445 445 441 436 424 423 425 422 414 409 404 402 398 395 389 387 385 381 377 376 376 375 377 376 375 375 374 373 372 371 368
393 394 393 394 394 398 399 398 400 402 402 401 402 405 411 411 413 412 417 415 417 416 418 417 420 422 423 422 423 428 430 434 435 438 442 444 439 444 443 449 447 449 450 450 452 450 449 450 451 451 450 452 450 449 447 445 435 429 431 429 425 417 411 408 404 400 396 393 391 386 382 380 384 382 383 381 382 381 383 381 380 380 380 379
399 398 398 402 400 402 405 406 405 406 408 407 408 415 419 417 418 421 424 421 422 422 425 423 427 428 427 428 432 436 437 441 444 444 447 448 444 448 448 450 455 457 456 459 460 459 460 459 456 456 458 455 455 447 450 447 439 433 432 432 427 417 415 410 407 404 399 394 392 389 387 389 386 386 385 384 386 386 390 391 389 391 392 390
403 405 405 407 410 410 411 412 413 415 414 414 417 422 425 425 425 427 429 431 429 427 429 430 431 434 436 437 438 441 445 449 448 449 452 456 454 457 459 462 463 463 461 464 466 467 469 468 465 463 462 457 457 453 453 449 443 437 437 435 427 421 417 412 408 405 401 400 396 394 391 393 392 395 393 391 393 395 395 396 398 399 400 401
412 414 412 413 415 416 418 419 421 423 423 421 423 429 433 431 433 432 437 437 434 435 438 440 442 443 445 449 449 451 452 454 456 459 463 463 466 469 472 473 474 469 465 470 472 473 475 475 470 469 469 468 461 460 460 452 445 442 443 439 430 425 419 417 414 411 410 405 401 397 396 395 396 398 397 397 403 403 402 404 404 405 408 407
420 419 421 421 423 423 426 424 428 428 431 430 431 438 439 441 438 440 444 443 441 445 447 449 451 451 452 454 457 456 459 459 464 464 466 470 472 477 475 481 481 482 475 477 477 476 478 478 476 474 476 470 465 463 463 454 450 448 446 440 434 433 427 423 418 414 411 407 405 402 402 399 399 400 402 401 405 407 407 410 413 412 414 412
426 427 426 427 429 431 432 434 434 436 439 437 437 441 445 445 446 448 449 451 451 454 456 458 460 459 460 462 462 464 468 469 470 474 474 477 481 486 485 487 486 485 485 483 483 483 485 481 481 478 481 476 472 474 472 462 459 455 448 445 441 437 430 426 420 418 414 412 410 406 404 403 404 404 405 405 406 411 411 413 415 416 417 419
433 433 435 435 438 442 440 442 443 443 446 444 445 446 450 455 454 453 458 457 460 461 462 466 468 468 467 467 469 471 474 475 479 481 481 484 486 490 493 491 491 492 491 491 490 492 489 487 489 482 484 486 479 485 472 471 464 457 448 448 443 437 433 430 426 424 420 414 412 409 407 407 407 407 409 411 413 417 419 420 423 423 423 423
440 440 441 443 444 447 447 449 451 452 452 453 452 455 461 462 460 462 464 467 468 471 470 472 474 477 476 477 477 480 482 484 484 486 488 492 495 497 497 498 497 496 494 495 496 495 495 495 494 489 486 485 485 483 475 470 470 462 444 441 445 444 444 440 436 433 428 422 418 417 417 415 415 417 418 417 419 422 425 427 428 428 430 431
448 450 449 449 453 455 457 457 456 460 461 462 463 463 469 470 469 474 474 476 479 477 477 478 480 481 483 485 486 490 489 490 494 496 496 500 503 506 503 506 502 499 497 500 500 501 500 498 500 499 494 490 487 491 478 475 471 458 453 458 458 454 453 448 445 440 436 430 427 425 424 420 420 421 424 426 424 429 432 432 434 432 436 438
454 458 456 458 460 462 464 466 467 469 470 472 470 470 475 474 476 482 489 485 488 483 485 487 488 490 490 493 496 496 499 499 500 501 503 505 506 511 511 509 508 505 503 507 508 509 507 502 504 504 500 494 489 486 485 484 483 479 472 471 470 462 459 454 452 447 443 439 435 431 430 428 427 428 429 431 432 433 434 436 437 441 442 445
461 462 464 467 469 471 472 473 475 476 478 479 480 481 481 483 487 487 493 495 496 494 496 497 496 497 497 500 505 506 506 509 510 512 511 511 513 515 518 517 517 513 513 516 514 514 512 512 513 510 504 500 500 498 502 496 495 493 486 480 475 471 466 463 458 455 451 447 444 441 439 436 434 436 435 436 437 439 439 441 442 443 445 449
470 471 471 474 477 478 480 482 482 483 485 487 490 487 490 494 495 501 500 501 502 505 505 505 503 504 505 509 511 513 515 516 518 519 519 520 520 524 524 523 524 521 521 522 521 521 520 524 517 513 508 508 512 511 511 506 501 497 492 487 481 480 475 471 466 466 460 455 454 449 447 445 445 445 446 445 442 444 446 448 446 446 449 454
479 480 478 481 484 485 486 489 489 492 493 496 498 499 500 504 504 508 510 511 512 510 510 510 512 513 516 518 518 519 520 524 524 525 527 526 528 529 530 529 530 530 531 529 530 529 524 525 519 517 513 518 519 519 520 517 512 507 500 495 491 489 481 480 475 472 470 466 462 461 459 460 456 456 455 455 455 453 453 454 454 452 454 460
487 487 489 491 492 494 494 497 498 499 502 505 508 508 509 510 511 514 518 518 521 519 518 520 522 522 525 527 527 529 530 530 533 536 536 536 539 540 542 540 539 537 539 540 537 536 534 526 523 523 525 527 533 529 522 521 515 511 506 503 502 496 493 488 485 481 479 476 471 469 468 464 461 464 464 465 464 462 463 462 462 463 465 467
493 494 494 500 499 500 503 505 506 507 510 513 515 514 516 520 523 526 527 529 529 530 530 531 532 533 535 537 536 540 540 541 543 544 546 548 546 547 549 548 549 545 545 547 542 540 542 534 535 538 538 539 540 532 527 524 520 517 514 511 508 504 501 499 495 493 489 486 483 480 477 473 471 471 474 473 470 471 470 470 471 472 473 478
500 503 502 504 505 508 511 513 516 520 520 523 521 522 527 529 535 536 538 541 539 540 543 541 542 545 545 546 549 549 553 551 552 551 554 552 554 555 557 559 561 558 552 552 547 549 549 549 551 550 546 548 540 537 537 538 530 524 522 518 514 513 509 508 505 500 500 496 493 490 487 484 482 479 482 480 478 479 479 477 478 478 478 486
507 508 510 512 515 516 519 522 525 529 532 531 531 532 537 538 540 541 543 547 552 553 552 559 566 562 557 558 559 559 561 560 561 560 562 563 564 567 568 567 567 566 558 556 557 561 563 559 555 551 547 548 548 545 542 539 536 533 531 526 522 520 517 516 515 512 511 508 505 498 497 494 495 492 490 489 488 489 490 490 489 487 490 494
515 515 518 519 518 524 528 528 532 537 536 537 539 547 549 550 551 550 555 555 560 561 563 565 566 569 567 570 579 582 573 571 571 573 572 575 574 572 576 577 570 571 564 570 572 567 567 564 563 559 563 556 560 557 553 549 541 537 535 534 532 531 527 526 523 522 521 521 516 513 509 506 502 504 501 501 501 500 498 499 503 500 500 503
527 526 525 525 531 534 534 535 540 542 542 547 551 554 557 561 564 563 565 567 572 572 575 576 577 579 580 582 585 579 577 579 580 580 583 584 583 584 584 580 577 573 575 576 576 574 571 566 567 566 566 565 568 568 563 554 548 546 545 544 539 536 536 532 531 530 530 529 530 526 521 517 517 514 513 515 513 513 510 510 510 512 512 514
534 536 536 539 537 540 542 542 546 547 548 558 560 562 569 572 573 574 579 580 583 583 585 586 588 587 590 592 591 584 582 584 587 589 591 593 596 593 587 584 584 589 593 584 584 583 583 585 579 574 573 573 573 570 567 561 560 557 553 551 548 547 545 544 541 540 538 540 541 537 531 528 528 526 526 525 525 524 523 521 524 524 525 527
543 543 543 543 545 546 549 547 551 554 559 564 570 572 577 582 586 589 590 593 593 594 597 597 597 600 601 601 596 594 598 601 598 595 598 595 597 597 596 600 596 598 597 593 595 595 592 597 590 586 581 580 579 577 573 571 571 564 563 562 559 558 556 552 552 552 548 551 549 548 544 541 542 542 536 536 537 536 541 541 539 539 539 541
555 553 552 553 555 554 554 556 557 561 566 570 580 584 590 590 596 600 604 604 606 605 608 609 609 607 611 608 603 607 611 611 608 609 608 610 611 613 607 607 607 607 606 603 603 604 604 605 599 598 595 588 588 584 583 580 578 573 573 570 570 567 564 565 564 562 562 562 560 561 557 552 552 550 550 549 552 553 552 551 551 550 549 552
567 565 564 565 565 565 564 567 568 570 574 582 589 594 597 603 607 611 614 615 617 617 620 620 622 622 622 616 618 621 623 621 619 617 618 617 619 620 619 617 616 616 613 613 612 611 611 614 609 606 603 601 600 593 594 592 589 586 581 583 584 580 577 576 574 572 571 571 571 570 566 564 564 566 565 562 560 562 564 564 563 561 562 563
580 580 576 578 576 576 574 576 576 578 587 594 600 603 611 617 620 624 627 629 629 633 634 635 635 635 631 628 632 631 633 631 629 627 626 628 627 627 628 627 627 624 622 621 621 619 619 624 617 614 613 611 609 607 603 603 598 595 594 592 591 593 590 584 585 582 582 582 578 583 582 577 578 578 579 577 576 574 576 575 576 574 572 575
596 591 591 588 586 587 586 587 588 591 600 604 611 618 623 631 633 636 641 642 644 646 648 648 644 645 641 641 643 642 639 640 639 639 638 637 638 635 634 636 634 631 631 631 632 634 632 629 626 623 621 619 617 616 614 613 610 607 604 602 602 601 600 598 596 594 594 594 593 595 594 589 590 592 594 592 590 586 590 590 589 589 584 585
