B6_all_seraphim_analyses/Environmental_files/LASV_rasters/Annual_precipitation_all_0.04.asc
NCOLS 816 
NROWS 336 
XLLCORNER -17 
YLLCORNER 2 
CELLSIZE 0.0416666666666667 
NODATA_value -9999 
[rows 37 to 73 of 336, columns 581 to 663 of 816]
319 322 324 326 325 325 325 324 321 320 316 316 314 310 307 304 300 298 295 292 290 286 285 283 281 280 278 274 270 270 267 267 266 263 264 262 260 260 257 256 254 252 250 248 247 244 243 243 241 239 235 235 234 232 232 230 229 227 228 225 224 223 223 223 223 222 223 220 215 215 215 213 209 206 205 200 198 198 197 195 193 190 188
312 316 317 320 322 323 323 322 321 321 320 320 315 314 312 310 305 301 298 298 294 292 291 290 286 284 283 279 277 274 274 274 271 270 271 270 268 265 264 262 261 258 256 253 252 250 249 247 245 242 241 239 239 237 237 233 232 232 231 231 229 227 228 229 227 228 226 225 224 224 223 221 216 213 211 207 203 203 203 202 199 196 193
307 312 314 318 320 321 320 322 323 323 320 320 320 319 317 314 310 308 305 302 299 298 296 294 291 290 288 286 281 281 279 280 279 279 276 276 274 274 271 270 266 265 263 261 259 256 254 253 249 248 246 245 243 240 239 238 237 237 238 236 234 234 234 235 232 229 226 229 229 229 227 222 221 218 216 212 210 209 208 206 204 202 198
304 308 313 317 318 319 320 324 325 324 322 322 323 323 319 319 316 314 310 308 305 305 303 300 298 294 292 291 288 288 286 284 285 284 283 283 283 282 280 277 275 270 269 265 263 262 261 257 254 255 250 250 248 247 243 243 242 242 241 240 237 238 237 236 235 233 231 231 234 231 231 228 223 221 220 217 215 216 214 211 207 206 205
303 308 311 314 318 321 322 324 326 327 328 326 327 326 323 321 322 318 316 312 312 310 308 306 302 300 297 295 294 294 293 289 289 289 288 287 287 288 285 283 280 277 275 272 269 268 267 264 261 259 256 254 252 251 248 247 249 248 249 246 243 243 244 241 241 240 238 239 237 237 234 232 231 229 227 224 221 220 216 215 211 209 208
308 310 311 315 318 321 322 323 327 328 329 329 330 329 328 327 328 325 320 321 319 318 313 309 308 307 304 301 300 300 299 298 297 295 293 294 292 292 291 288 286 282 282 280 276 275 273 269 267 264 261 260 257 255 254 254 254 253 254 253 251 249 250 248 247 246 245 245 244 241 240 238 238 236 233 229 226 225 223 221 217 216 213
310 313 316 317 320 324 325 328 329 331 329 332 333 334 335 333 334 332 329 327 324 323 320 316 313 311 308 309 308 305 305 303 301 301 301 298 298 295 294 294 292 291 286 286 285 280 280 279 275 273 268 265 264 261 260 260 260 259 257 257 256 254 257 257 256 254 252 250 249 249 247 245 243 242 239 235 231 231 228 226 223 222 220
312 317 319 321 324 328 329 331 333 333 335 337 339 339 340 341 341 339 336 334 330 326 324 323 319 319 316 314 312 312 311 309 306 305 305 303 302 302 301 299 297 296 293 293 291 289 286 286 283 281 277 272 268 266 264 265 266 265 265 261 262 261 261 259 259 258 257 258 256 253 252 251 251 245 244 240 238 235 234 232 229 228 226
321 320 322 324 327 330 333 334 336 337 338 340 343 345 347 347 347 344 344 341 335 331 330 326 325 323 322 320 318 315 315 315 311 311 309 309 309 307 307 306 306 305 302 300 297 294 294 292 293 290 286 281 278 275 270 267 268 270 269 268 265 267 266 265 265 264 264 263 262 260 255 255 254 253 251 249 246 243 240 237 235 234 232
325 326 326 330 329 334 334 337 338 341 343 347 350 352 355 355 356 354 352 347 343 339 335 332 330 328 328 326 323 323 322 320 318 317 315 314 314 315 314 312 311 310 309 306 304 302 301 298 297 292 289 285 284 283 280 277 273 275 276 273 273 273 272 270 270 270 268 268 266 265 264 263 261 259 257 255 252 250 245 243 242 239 237
332 331 330 330 334 334 338 339 342 345 349 350 354 360 361 363 364 362 360 355 350 346 341 339 337 334 331 330 327 326 326 323 324 322 320 321 321 320 319 319 317 316 315 313 311 308 305 304 301 299 294 293 291 286 285 283 279 278 280 279 278 277 277 276 274 275 273 271 271 271 271 271 270 267 264 260 257 256 253 249 247 245 243
338 336 334 334 339 339 341 343 345 347 354 356 361 367 370 374 374 373 369 367 360 355 349 346 343 339 338 335 334 331 331 331 329 328 327 328 329 328 328 328 326 324 323 320 316 315 313 311 306 302 300 301 296 290 291 290 287 286 286 285 284 282 282 281 280 278 277 277 278 278 275 275 276 276 271 266 265 260 258 256 255 249 248
342 339 338 337 338 340 343 347 350 352 357 362 367 372 379 384 384 384 382 375 369 364 358 355 350 347 344 343 339 339 336 334 333 334 333 333 333 333 334 335 334 331 329 327 323 319 320 316 312 310 307 305 303 301 297 298 296 295 294 293 291 290 288 286 287 286 283 281 280 282 281 280 281 280 277 274 269 267 264 262 259 258 255
347 344 342 342 344 347 350 353 357 360 364 368 372 378 385 394 398 398 391 384 379 373 365 362 356 356 352 349 346 344 340 339 338 340 339 339 340 342 343 342 340 339 337 334 332 327 327 323 320 317 312 312 311 310 307 306 302 300 299 299 296 295 294 292 292 291 289 287 286 287 287 287 287 284 280 277 276 272 269 267 264 261 258
355 354 351 351 353 355 358 360 365 366 373 376 381 386 392 399 410 410 402 393 385 379 373 368 367 361 357 353 350 348 345 342 342 344 346 346 348 347 348 347 346 346 345 344 338 333 330 328 325 322 318 318 317 319 316 313 312 308 307 304 302 299 299 297 297 294 293 292 292 291 290 290 291 286 284 283 280 278 275 271 269 267 266
363 360 357 359 358 360 361 365 370 373 379 386 390 393 398 402 410 411 404 397 391 387 382 377 373 368 363 359 355 353 351 349 348 347 347 347 351 351 351 351 351 351 354 350 343 338 332 332 331 325 325 326 327 322 320 317 318 314 312 310 308 307 304 303 304 302 299 298 299 295 295 298 298 295 288 287 284 284 279 278 275 272 270
371 368 365 363 365 367 367 370 375 379 385 388 395 398 406 408 406 407 402 401 397 390 386 382 379 372 369 365 362 359 355 353 351 352 355 354 355 355 354 354 356 356 360 358 353 349 343 340 335 332 333 332 330 329 326 324 324 323 319 316 314 313 311 310 310 308 305 305 303 302 303 303 301 297 294 293 289 289 287 285 279 277 276
379 375 372 370 369 370 373 377 383 387 389 394 401 406 409 410 412 408 406 406 403 397 392 388 383 381 376 372 368 363 359 357 356 356 358 358 357 358 359 359 362 364 361 359 357 353 349 344 339 339 338 335 336 337 334 330 329 328 326 323 322 320 318 316 314 312 311 311 310 311 309 310 304 302 301 299 295 292 292 291 290 287 283
386 382 380 377 374 376 379 382 387 392 395 403 404 410 414 416 418 413 413 410 407 404 400 395 392 388 384 379 375 370 364 359 357 358 361 362 362 362 365 364 365 365 363 363 360 357 352 346 346 344 343 341 342 341 340 337 336 333 332 328 329 326 326 322 321 320 318 317 316 317 317 312 313 308 305 303 303 298 296 296 294 293 288
397 390 386 384 380 381 384 386 391 396 402 406 411 417 419 420 421 415 416 416 413 409 406 402 399 398 392 387 382 376 368 365 366 366 368 366 367 368 367 367 365 366 366 365 361 359 356 355 351 350 349 347 344 342 343 343 340 337 336 335 333 332 329 328 327 327 324 322 320 319 318 317 318 315 312 310 305 305 305 302 299 296 292
404 400 394 389 386 387 390 394 399 403 407 413 417 421 423 425 424 422 421 420 417 416 412 410 408 405 401 394 388 385 380 375 375 374 374 373 370 370 370 372 370 369 368 367 364 363 360 355 353 353 353 351 349 348 350 347 346 345 344 341 339 336 335 334 334 332 331 328 326 324 324 320 321 319 317 314 311 309 309 306 303 300 298
412 406 400 395 391 392 394 399 403 409 414 418 422 427 429 431 429 427 428 425 423 423 421 419 415 413 406 401 397 391 388 386 384 380 378 378 377 377 377 374 372 372 372 370 368 365 362 361 360 358 359 355 354 352 350 351 351 350 347 346 344 343 342 342 340 339 335 335 334 331 329 328 325 323 321 318 316 313 312 315 309 304 302
423 416 410 406 403 401 404 409 413 416 418 422 429 433 434 436 436 433 434 432 431 428 427 427 426 421 417 413 408 403 396 393 390 388 385 383 382 380 378 376 376 376 376 373 371 368 366 363 362 361 359 358 357 356 355 356 356 357 354 351 350 349 347 346 348 348 345 342 340 339 338 334 331 327 325 323 322 321 321 316 314 312 310
433 427 423 419 415 412 414 419 422 423 429 433 435 439 444 442 439 441 441 438 438 437 434 433 431 430 426 423 422 417 410 405 399 394 392 387 386 385 382 381 379 379 377 376 373 371 369 368 366 366 365 364 365 365 361 357 356 360 360 356 355 355 356 359 356 355 353 350 348 346 342 339 336 335 331 328 327 325 326 320 318 316 313
441 437 433 431 429 428 426 427 430 435 438 441 444 448 449 446 449 449 448 448 449 445 439 439 435 435 436 433 430 426 416 413 407 400 398 393 390 387 386 383 382 383 382 380 377 371 368 370 372 370 369 372 371 364 363 365 365 364 364 364 363 364 363 364 361 362 361 360 355 352 348 344 343 341 338 334 332 332 329 326 325 320 318
451 448 444 442 439 438 437 437 440 443 449 451 454 457 455 453 459 459 459 458 456 453 448 444 444 442 440 438 435 430 425 420 412 408 401 398 394 395 392 388 386 386 383 380 379 377 376 376 375 374 372 373 368 370 371 372 373 373 371 372 371 371 370 371 367 368 367 364 361 356 354 350 349 346 342 341 341 337 335 333 328 325 321
460 458 454 452 450 448 448 450 452 456 456 462 464 464 464 467 470 469 469 467 464 462 459 457 450 450 448 446 443 438 433 427 421 416 411 407 404 399 395 392 389 386 386 387 387 384 381 379 380 378 375 375 374 377 374 377 378 380 380 378 380 378 377 378 378 376 373 369 368 365 363 358 356 352 349 347 345 342 342 336 333 331 327
469 467 465 461 459 456 459 460 461 466 466 469 470 471 472 477 479 479 478 478 474 472 467 463 459 457 453 453 448 444 441 433 429 423 417 414 409 406 400 398 394 394 394 392 390 386 383 383 380 383 381 381 381 380 382 385 384 385 386 386 388 387 386 384 384 383 381 379 374 371 368 365 360 358 355 352 350 348 347 342 339 336 332
477 474 471 469 468 466 466 468 473 474 478 481 482 481 483 487 491 492 492 490 486 483 483 479 472 468 466 464 460 452 445 440 433 428 424 419 416 410 408 404 402 398 396 395 393 392 390 390 387 384 384 385 388 389 391 392 393 394 394 394 394 395 394 391 392 389 386 383 380 378 374 371 367 364 360 358 357 355 352 349 345 341 339
483 481 480 477 474 473 473 476 479 483 486 489 489 491 497 499 503 503 504 504 501 495 498 494 487 480 476 472 466 459 451 446 440 435 428 426 421 417 414 410 408 404 401 399 397 396 395 396 392 391 390 390 391 395 396 399 402 403 403 404 405 406 403 403 400 397 394 390 388 384 382 378 373 370 366 363 361 361 357 355 351 347 344
493 491 491 487 485 484 483 485 490 491 492 496 496 500 505 510 514 516 517 515 515 511 510 507 502 497 488 484 477 466 462 454 446 441 438 433 427 424 420 415 411 410 408 406 403 402 402 399 396 395 396 397 398 403 404 407 410 412 412 413 413 412 414 411 409 408 405 399 397 394 390 384 380 376 372 370 369 367 363 360 357 355 350
502 501 500 497 494 492 493 494 497 500 501 507 508 508 515 521 525 529 530 530 528 528 529 527 522 514 505 496 486 477 468 462 456 453 446 442 436 430 423 419 418 415 414 410 410 408 405 404 402 400 400 400 404 408 413 416 419 421 423 422 423 420 421 420 419 418 414 411 407 401 397 392 389 386 381 380 377 375 370 366 363 359 356
508 508 508 506 505 502 501 505 508 509 513 516 517 520 527 528 532 538 542 543 545 546 546 545 540 534 522 512 500 488 479 472 469 461 455 450 444 439 433 427 425 421 420 419 418 414 410 410 405 405 402 405 412 416 421 425 429 431 433 435 433 431 429 428 427 425 422 418 414 409 406 403 396 391 390 388 384 382 378 373 370 367 361
516 514 520 517 516 514 512 512 517 520 524 527 528 533 539 541 543 548 554 557 559 562 562 563 560 548 538 525 515 501 493 487 478 474 467 461 453 448 442 438 433 429 428 426 423 422 422 416 414 410 409 411 419 426 430 435 441 444 444 444 441 440 439 437 435 434 431 427 424 419 416 413 407 402 398 396 394 390 387 382 377 373 369
529 525 528 529 528 526 523 522 528 530 532 537 540 544 548 553 557 561 565 569 572 577 580 580 575 562 551 538 529 516 505 499 491 485 478 471 465 458 451 447 442 438 435 434 433 432 428 426 425 422 422 425 430 435 438 443 450 456 456 454 454 451 448 446 443 442 438 436 431 430 424 420 416 414 408 403 401 397 394 389 382 377 375
544 539 539 539 535 534 534 533 537 561 549 551 551 554 560 562 569 571 575 580 583 586 591 588 583 573 564 550 540 533 520 510 502 494 488 481 475 470 464 459 453 447 447 444 442 441 438 438 438 435 437 437 441 444 449 455 459 463 463 463 462 460 457 454 453 451 448 445 442 439 435 429 426 421 417 412 408 401 398 392 388 384 381
555 551 550 549 549 545 545 545 549 555 556 559 561 563 572 573 577 583 587 589 591 596 597 594 587 584 573 564 555 546 532 521 514 506 500 492 485 480 476 470 465 461 457 454 453 450 449 451 450 448 448 449 452 453 460 465 466 471 472 471 470 469 467 466 463 459 460 455 453 451 446 439 435 429 423 421 416 408 401 396 396 393 390
