B6_all_seraphim_analyses/Environmental_files/LASV_rasters/Annual_precipitation_all_0.04.asc
NCOLS 816 
NROWS 336 
XLLCORNER -17 
YLLCORNER 2 
CELLSIZE 0.0416666666666667 
NODATA_value -9999 
[rows 74 to 110 of 336, columns 0 to 82 of 816]
-9999 -9999 -9999 -9999 -9999 1145 1154 1182 1199 1220 1238 1248 1238 1216 1200 1187 1166 1151 1139 1126 1116 1103 1089 1084 1079 1071 1048 1034 1026 1017 1010 1007 1004 1004 999 991 986 984 983 985 986 984 986 990 989 992 993 996 1000 1002 1004 1005 1007 1009 1013 1018 1020 1022 1024 1028 1030 1031 1035 1038 1045 1042 1041 1039 1039 1032 1027 1024 1020 1018 1027 1035 1044 1049 1048 1039 1026 1015 999
-9999 -9999 -9999 -9999 -9999 1158 1168 1195 1217 1244 1248 1265 1259 1239 1219 1194 1179 1164 1150 1137 1126 1117 1107 1095 1088 1073 1054 1046 1038 1030 1022 1020 1020 1031 1011 1007 1003 1000 1002 1004 1003 1001 1009 1012 1014 1014 1017 1018 1020 1026 1031 1032 1033 1038 1039 1043 1050 1050 1053 1057 1059 1059 1061 1066 1072 1071 1068 1067 1066 1063 1054 1053 1051 1052 1057 1062 1062 1068 1064 1057 1045 1036 1023
-9999 -9999 -9999 -9999 -9999 1175 1186 1208 1227 1252 1262 1262 1262 1247 1232 1212 1193 1175 1171 1147 1136 1126 1113 1108 1098 1080 1067 1057 1050 1043 1038 1033 1031 1032 1026 1019 1014 1020 1024 1022 1027 1031 1032 1035 1039 1040 1042 1045 1049 1050 1056 1059 1063 1066 1067 1072 1075 1079 1080 1085 1087 1090 1092 1096 1098 1098 1095 1095 1093 1090 1085 1081 1084 1086 1088 1088 1087 1085 1084 1076 1069 1059 1051
-9999 -9999 -9999 -9999 -9999 1194 1196 1213 1236 1253 1262 1263 1261 1253 1236 1215 1199 1193 1176 1161 1148 1137 1123 1111 1106 1093 1082 1070 1062 1056 1052 1046 1047 1044 1043 1040 1042 1040 1045 1048 1053 1056 1061 1063 1065 1066 1069 1072 1076 1080 1084 1088 1093 1094 1097 1100 1101 1104 1109 1114 1115 1117 1120 1125 1126 1128 1130 1131 1129 1125 1120 1115 1114 1114 1112 1116 1114 1110 1103 1097 1089 1084 1077
-9999 -9999 -9999 -9999 -9999 1207 1216 1225 1240 1256 1263 1267 1252 1252 1240 1226 1212 1196 1183 1171 1157 1147 1140 1134 1115 1105 1097 1082 1069 1066 1063 1064 1064 1063 1065 1055 1060 1066 1070 1074 1079 1083 1087 1089 1093 1096 1098 1102 1104 1108 1113 1115 1121 1126 1127 1128 1129 1133 1137 1141 1143 1146 1153 1152 1154 1157 1163 1165 1165 1160 1153 1145 1141 1139 1137 1138 1135 1133 1127 1121 1115 1108 1101
-9999 -9999 -9999 -9999 -9999 1212 1221 1239 1255 1254 1258 1263 1256 1250 1249 1242 1222 1202 1190 1178 1167 1160 1157 1137 1125 1115 1104 1095 1085 1080 1082 1080 1081 1084 1092 1078 1082 1089 1094 1098 1100 1107 1112 1117 1121 1124 1129 1131 1136 1137 1141 1145 1151 1155 1158 1158 1160 1164 1165 1168 1173 1173 1178 1179 1184 1191 1196 1202 1200 1190 1181 1174 1166 1166 1158 1156 1154 1154 1152 1143 1137 1131 1126
-9999 -9999 -9999 -9999 -9999 1222 1230 1242 1253 1257 1269 1266 1264 1257 1249 1243 1239 1220 1197 1188 1184 1166 1175 1154 1141 1131 1123 1113 1105 1101 1101 1099 1102 1104 1105 1103 1108 1115 1120 1126 1132 1135 1141 1146 1152 1154 1156 1160 1166 1167 1171 1175 1181 1183 1185 1188 1191 1192 1193 1194 1198 1201 1204 1208 1211 1218 1226 1231 1224 1214 1208 1200 1194 1192 1188 1185 1180 1175 1171 1166 1163 1156 1154
-9999 -9999 -9999 -9999 -9999 1238 1234 1245 1255 1283 1290 1279 1280 1268 1255 1252 1240 1231 1220 1208 1202 1190 1185 1174 1167 1154 1142 1133 1128 1121 1120 1119 1125 1127 1129 1132 1138 1143 1151 1156 1162 1166 1171 1177 1180 1184 1187 1190 1195 1199 1202 1207 1207 1214 1215 1220 1222 1221 1223 1226 1230 1229 1231 1234 1238 1242 1243 1244 1243 1237 1235 1227 1220 1214 1211 1210 1206 1199 1197 1192 1188 1183 1179
-9999 -9999 -9999 -9999 -9999 1252 1254 1264 1268 1277 1288 1293 1290 1279 1271 1262 1257 1258 1238 1234 1225 1217 1209 1204 1196 1186 1180 1171 1162 1153 1154 1156 1152 1156 1158 1161 1166 1172 1178 1185 1189 1194 1201 1204 1209 1214 1217 1222 1227 1231 1235 1238 1242 1243 1250 1250 1253 1255 1255 1256 1257 1257 1257 1261 1265 1268 1267 1268 1267 1260 1257 1250 1248 1241 1236 1234 1231 1225 1222 1218 1214 1214 1208
-9999 -9999 -9999 -9999 -9999 1265 1267 1264 1273 1289 1297 1302 1302 1293 1285 1275 1264 1259 1255 1248 1250 1245 1237 1230 1225 1216 1206 1200 1194 1188 1184 1185 1183 1183 1188 1193 1199 1207 1210 1213 1218 1226 1230 1238 1242 1248 1252 1260 1259 1260 1267 1272 1274 1276 1280 1284 1285 1287 1287 1282 1283 1283 1281 1282 1284 1284 1286 1286 1283 1281 1276 1274 1269 1265 1263 1261 1257 1251 1247 1244 1241 1239 1238
-9999 -9999 -9999 -9999 -9999 1273 1288 1286 1287 1307 1315 1310 1321 1306 1295 1294 1288 1285 1281 1277 1274 1272 1267 1259 1252 1245 1238 1230 1224 1220 1217 1216 1215 1218 1221 1225 1230 1234 1238 1245 1251 1259 1262 1269 1276 1281 1286 1289 1293 1295 1303 1303 1306 1308 1311 1314 1315 1318 1315 1314 1311 1308 1308 1307 1305 1305 1305 1302 1303 1302 1295 1298 1291 1286 1289 1285 1280 1276 1273 1272 1271 1271 1274
-9999 -9999 -9999 -9999 -9999 1279 1280 1293 1303 1323 1330 1321 1344 1321 1323 1323 1319 1315 1311 1309 1305 1298 1295 1288 1280 1274 1268 1260 1254 1251 1248 1248 1248 1249 1250 1254 1257 1263 1269 1275 1282 1289 1299 1308 1311 1318 1323 1326 1329 1333 1338 1338 1340 1341 1346 1348 1350 1350 1348 1343 1340 1336 1334 1331 1326 1324 1322 1322 1319 1319 1316 1315 1312 1310 1312 1309 1304 1302 1300 1303 1302 1303 1300
-9999 -9999 -9999 -9999 -9999 1287 1297 1303 1317 1333 1352 1352 1359 1352 1347 1352 1349 1345 1341 1334 1333 1329 1321 1317 1307 1304 1298 1291 1281 1282 1281 1278 1280 1278 1273 1277 1282 1286 1297 1303 1315 1329 1340 1347 1352 1357 1360 1363 1364 1373 1378 1380 1376 1379 1385 1386 1386 1384 1379 1372 1368 1364 1360 1355 1351 1345 1341 1339 1338 1341 1340 1338 1339 1336 1335 1332 1332 1332 1329 1330 1329 1331 1325
-9999 -9999 -9999 -9999 -9999 -9999 1326 1337 1351 1363 1377 1381 1375 1378 1373 1376 1378 1374 1368 1365 1359 1357 1355 1351 1341 1335 1328 1314 1314 1315 1312 1309 1308 1306 1314 1317 1324 1329 1338 1346 1356 1365 1377 1383 1392 1399 1400 1403 1406 1407 1410 1412 1411 1415 1417 1418 1419 1412 1410 1402 1396 1391 1384 1378 1373 1366 1359 1358 1356 1358 1364 1363 1364 1361 1362 1360 1360 1358 1357 1356 1356 1356 1354
-9999 -9999 -9999 -9999 -9999 -9999 -9999 -9999 1375 1389 1401 1398 1415 1409 1402 1402 1403 1400 1401 1394 1394 1394 1395 1380 1377 1369 1356 1351 1346 1345 1337 1338 1343 1344 1348 1353 1359 1365 1374 1383 1392 1401 1416 1426 1432 1433 1438 1441 1439 1440 1444 1445 1444 1446 1448 1445 1448 1441 1441 1432 1424 1418 1408 1403 1393 1383 1379 1376 1375 1379 1383 1385 1386 1386 1387 1386 1386 1385 1385 1384 1384 1385 1383
-9999 -9999 -9999 -9999 -9999 -9999 -9999 -9999 -9999 1404 1411 1435 1443 1434 1431 1433 1445 1445 1441 1439 1438 1435 1430 1418 1412 1410 1403 1391 1386 1371 1361 1368 1373 1377 1377 1384 1386 1398 1408 1421 1432 1442 1457 1464 1469 1473 1469 1470 1473 1474 1475 1478 1476 1479 1476 1475 1471 1471 1467 1464 1456 1447 1436 1427 1416 1406 1399 1395 1396 1398 1406 1409 1409 1416 1411 1410 1409 1411 1411 1412 1412 1409 1410
-9999 -9999 -9999 -9999 -9999 -9999 -9999 -9999 -9999 -9999 -9999 1470 1478 1483 1479 1489 1479 1468 1484 1484 1487 1478 1462 1460 1447 1434 1424 1420 1426 1406 1399 1405 1405 1406 1409 1415 1418 1426 1438 1453 1464 1478 1491 1499 1503 1503 1502 1503 1503 1507 1508 1510 1509 1510 1509 1507 1502 1503 1499 1491 1483 1473 1465 1452 1439 1428 1416 1411 1414 1422 1427 1433 1436 1437 1438 1440 1440 1439 1445 1443 1442 1444 1447
-9999 -9999 -9999 -9999 -9999 -9999 -9999 -9999 -9999 -9999 -9999 -9999 1507 1513 1514 1513 1539 1548 1530 1531 1532 1525 1516 1501 1485 1478 1473 1466 1454 1432 1434 1432 1437 1435 1438 1446 1452 1457 1469 1479 1494 1505 1520 1524 1529 1535 1535 1536 1538 1540 1538 1541 1537 1536 1539 1537 1536 1531 1528 1518 1510 1502 1491 1482 1468 1453 1441 1435 1442 1448 1455 1460 1463 1467 1473 1473 1473 1473 1475 1480 1477 1481 1482
-9999 -9999 -9999 -9999 -9999 -9999 -9999 -9999 -9999 -9999 -9999 -9999 -9999 -9999 -9999 -9999 1577 1580 1578 1582 1569 1562 1551 1544 1534 1524 1511 1493 1473 1470 1474 1470 1463 1465 1470 1479 1482 1487 1498 1508 1521 1534 1546 1553 1561 1565 1569 1571 1573 1576 1573 1575 1566 1566 1567 1566 1563 1558 1556 1551 1541 1531 1521 1511 1497 1486 1478 1473 1475 1482 1487 1491 1493 1495 1501 1506 1509 1510 1508 1513 1513 1511 1511
-9999 -9999 -9999 -9999 -9999 -9999 -9999 -9999 -9999 -9999 -9999 -9999 -9999 -9999 -9999 1640 1626 1631 1634 1635 1629 1620 1603 1585 1576 1567 1555 1535 1521 1511 1504 1500 1496 1500 1506 1504 1509 1518 1525 1537 1549 1563 1572 1583 1592 1597 1601 1605 1609 1614 1612 1603 1602 1605 1605 1602 1598 1594 1588 1580 1574 1563 1553 1546 1532 1523 1514 1511 1514 1517 1522 1523 1526 1532 1534 1536 1540 1541 1540 1541 1544 1549 1548
-9999 -9999 -9999 -9999 -9999 -9999 -9999 -9999 -9999 -9999 -9999 -9999 -9999 -9999 -9999 -9999 1680 1693 1690 1683 1677 1677 1659 1636 1617 1608 1590 1570 1555 1540 1530 1520 1518 1521 1524 1529 1535 1537 1549 1557 1576 1594 1607 1616 1624 1629 1636 1638 1638 1643 1643 1642 1639 1641 1638 1637 1633 1630 1624 1615 1608 1601 1591 1582 1573 1564 1559 1554 1553 1557 1558 1560 1560 1566 1570 1570 1573 1573 1578 1578 1581 1585 1587
-9999 -9999 -9999 -9999 -9999 -9999 -9999 -9999 -9999 -9999 -9999 -9999 -9999 -9999 -9999 -9999 1732 1736 1739 1731 1723 1718 1718 1704 1676 1655 1628 1605 1572 1561 1552 1552 1542 1542 1545 1548 1554 1572 1583 1594 1608 1622 1639 1651 1655 1660 1663 1663 1671 1675 1676 1677 1676 1677 1676 1674 1670 1662 1658 1653 1643 1636 1631 1623 1612 1610 1601 1597 1592 1598 1598 1597 1602 1605 1605 1606 1609 1611 1613 1615 1617 1624 1625
-9999 -9999 -9999 -9999 -9999 -9999 -9999 -9999 -9999 -9999 -9999 -9999 -9999 -9999 -9999 -9999 1819 1797 1790 1790 1788 1773 1771 1753 1722 1683 1654 1642 1618 1607 1585 1572 1573 1576 1575 1581 1587 1597 1603 1619 1633 1648 1667 1677 1681 1674 1675 1703 1697 1713 1712 1712 1712 1713 1712 1711 1705 1701 1697 1690 1680 1677 1674 1662 1652 1647 1641 1637 1638 1637 1634 1638 1644 1640 1644 1647 1643 1647 1647 1650 1653 1659 1660
-9999 -9999 -9999 -9999 -9999 -9999 -9999 -9999 -9999 -9999 -9999 -9999 -9999 -9999 -9999 -9999 1879 1869 1842 1841 1839 1828 1808 1780 1751 1720 1700 1670 1652 1633 1613 1596 1596 1591 1599 1598 1602 1608 -9999 -9999 1662 1671 1687 1705 1705 1736 1737 1741 1735 1747 1749 1751 1750 1748 1748 1748 1746 1742 1734 1729 1721 1714 1711 1705 1692 1683 1681 1677 1680 1677 1678 1686 1686 1682 1682 1679 1676 1678 1683 1684 1686 1690 1695
-9999 -9999 -9999 -9999 -9999 -9999 -9999 -9999 -9999 -9999 -9999 -9999 -9999 -9999 -9999 -9999 1933 1928 1917 1899 1867 1858 1839 1823 1799 1769 1736 1708 1691 1664 1641 1626 1619 1619 1616 1620 -9999 1672 1687 1700 -9999 -9999 1720 1731 1765 1765 1767 1775 1776 1785 1787 1792 1792 1787 1787 1787 1785 1782 1772 1767 1761 1757 1751 1742 1733 1728 1727 1724 1718 1717 1724 1724 1725 1724 1724 1717 1715 1722 1725 1720 1723 1730 1737
-9999 -9999 -9999 -9999 -9999 -9999 -9999 -9999 -9999 -9999 -9999 -9999 -9999 -9999 -9999 -9999 1973 1963 1945 1927 1916 1900 1877 1847 1830 1786 1764 1744 1725 1701 1674 1655 1648 1655 1672 -9999 -9999 1695 1711 1719 1741 1753 1771 1785 1789 1802 1813 1805 1819 1826 1826 1828 1830 1829 1829 1827 1823 1819 1810 1807 1801 1799 1794 1787 1778 1772 1768 1766 1760 1766 1766 1766 1768 1763 1760 1757 1754 1761 1762 1760 1763 1762 1766
-9999 -9999 -9999 -9999 -9999 -9999 -9999 -9999 -9999 -9999 -9999 -9999 -9999 -9999 -9999 -9999 -9999 -9999 -9999 -9999 1949 1929 1914 1892 1855 1826 1800 1777 1761 1728 1712 1696 1671 1667 -9999 1716 1713 1728 1754 1755 1776 1793 1808 1822 1835 1848 1855 1854 1857 1862 1864 1865 1869 1869 1868 1865 1862 1859 1854 1847 1846 1844 1841 1831 1820 1816 1814 1810 1809 1808 1811 1806 1803 1798 1800 1800 1796 1794 1795 1803 1807 1803 1805
-9999 -9999 -9999 -9999 -9999 -9999 -9999 -9999 -9999 -9999 -9999 -9999 -9999 -9999 -9999 -9999 -9999 -9999 -9999 -9999 -9999 1956 1931 1915 1875 1854 1832 1808 1790 1757 1739 -9999 -9999 -9999 -9999 1732 1739 1763 1785 1789 1814 1838 1858 1866 1879 1888 1895 1899 1903 1903 1907 1904 1905 1911 1910 1906 1904 1902 1897 1894 1888 1884 1881 1876 1868 1860 1858 1855 1854 1851 1851 1847 1842 1840 1842 1844 1834 1835 1841 1842 1845 1842 1844
-9999 -9999 -9999 -9999 -9999 -9999 -9999 -9999 -9999 -9999 -9999 -9999 -9999 -9999 -9999 -9999 -9999 -9999 -9999 -9999 -9999 -9999 -9999 -9999 -9999 1890 -9999 -9999 1810 -9999 -9999 -9999 -9999 -9999 1771 1761 1782 1798 1817 1833 1856 1876 1894 1906 1919 1932 1932 1932 1939 1945 1948 1949 1949 1953 1951 1948 1947 1947 1941 1935 1930 1923 1919 1918 1912 1907 1907 1902 1896 1892 1890 1888 1885 1885 1883 1880 1875 1878 1880 1883 1878 1881 1887
-9999 -9999 -9999 -9999 -9999 -9999 -9999 -9999 -9999 -9999 -9999 -9999 -9999 -9999 -9999 -9999 -9999 -9999 -9999 -9999 -9999 -9999 -9999 -9999 -9999 -9999 -9999 -9999 -9999 -9999 -9999 -9999 -9999 1810 -9999 1800 1814 1833 1855 1875 1891 1913 1925 1945 1956 1965 1973 1977 1980 1986 1989 1990 1991 1996 1995 1993 1990 1988 1983 1986 1975 1971 1962 1959 1955 1955 1948 1944 1939 1935 1933 1929 1927 1926 1925 1917 1916 1916 1912 1912 1914 1922 1915
-9999 -9999 -9999 -9999 -9999 -9999 -9999 -9999 -9999 -9999 -9999 -9999 -9999 -9999 -9999 -9999 -9999 -9999 -9999 -9999 -9999 -9999 -9999 -9999 -9999 -9999 -9999 -9999 -9999 -9999 -9999 -9999 -9999 -9999 -9999 -9999 1848 1868 1888 1907 1924 1936 1961 1976 1985 1996 2009 2020 2025 2028 2033 2035 2033 2036 2037 2040 2030 2027 2026 2023 2017 2012 2012 2001 1999 2001 1992 1986 1981 1980 1977 1973 1971 1973 1976 1959 1957 1960 1950 1949 1951 1952 1944
-9999 -9999 -9999 -9999 -9999 -9999 -9999 -9999 -9999 -9999 -9999 -9999 -9999 -9999 -9999 -9999 -9999 2154 -9999 -9999 -9999 -9999 -9999 -9999 2013 1999 2013 -9999 -9999 -9999 -9999 -9999 -9999 -9999 1890 1878 1877 1901 1921 1937 1958 1979 2006 2023 2032 2040 2044 2059 2067 2075 2079 2081 2081 2082 2078 2077 2075 2071 2070 2067 2063 2055 2053 2046 2043 2040 2036 2032 2029 2024 2018 2014 2013 2011 2007 2000 1999 2003 1993 1985 1992 1985 1978
-9999 -9999 -9999 -9999 -9999 -9999 -9999 -9999 -9999 -9999 -9999 -9999 -9999 -9999 2167 2176 2180 2172 2167 -9999 -9999 -9999 -9999 2066 2041 2023 2014 1993 -9999 -9999 -9999 -9999 -9999 1926 1913 1910 1917 1934 1948 1967 2002 2029 2044 2067 2075 2082 2091 2100 2112 2120 2123 2127 2128 2128 2127 2130 2127 2120 2116 2113 2108 2106 2097 2095 2089 2086 2084 2080 2076 2071 2062 2065 2059 2050 2046 2042 2046 2040 2038 2034 2028 2022 2020
-9999 -9999 -9999 -9999 -9999 -9999 -9999 -9999 -9999 -9999 -9999 -9999 -9999 -9999 2181 2198 2206 2201 2186 2169 -9999 -9999 -9999 2088 2073 2061 2043 -9999 -9999 -9999 -9999 -9999 1966 1951 1953 1942 -9999 -9999 2004 2024 2047 2073 2092 2102 2121 2135 2144 2151 2159 2163 2167 2170 2171 2172 2175 2174 2170 2168 2167 2160 2154 2153 2150 2140 2140 2135 2132 2131 2125 2116 2113 2111 2105 2094 2086 2088 2093 2086 2083 2075 2065 2054 2051
-9999 -9999 -9999 -9999 -9999 -9999 -9999 -9999 -9999 -9999 -9999 -9999 -9999 -9999 2190 2209 2220 2217 2205 2186 -9999 -9999 2139 2117 2108 2090 2076 -9999 -9999 -9999 2021 2007 2009 -9999 -9999 -9999 2017 2028 2045 2072 2094 2114 2127 2145 2168 2182 2188 2195 2201 2205 2213 2212 2218 2218 2219 2218 2213 2214 2215 2205 2200 2198 2196 2189 2188 2182 2178 2176 2172 2161 2156 2156 2153 2139 2136 2140 2129 2126 2113 2108 2103 2092 2081
-9999 -9999 -9999 -9999 -9999 -9999 -9999 -9999 -9999 -9999 -9999 -9999 -9999 -9999 -9999 -9999 2231 2220 2215 -9999 -9999 2178 2153 2139 2125 2104 2087 -9999 -9999 -9999 2031 2029 2025 -9999 -9999 -9999 2067 2066 2099 2117 2134 2155 2172 2196 2208 2217 2221 2234 2239 2248 2252 2253 2261 2261 2265 2265 2262 2258 2262 2257 2253 2245 2241 2238 2235 2228 2229 2219 2214 2211 2200 2196 2198 2185 2183 2175 2167 2161 2153 2150 2136 2133 2115
-9999 -9999 -9999 -9999 -9999 -9999 -9999 -9999 -9999 -9999 -9999 -9999 -9999 -9999 -9999 -9999 2242 -9999 -9999 -9999 2203 2190 2175 2167 2157 -9999 -9999 2110 -9999 -9999 -9999 -9999 -9999 -9999 -9999 -9999 2101 2124 2137 2151 2179 2197 2221 2241 2251 2249 2270 2284 2290 2295 2297 2303 2303 2309 2310 2310 2308 2300 2303 2301 2298 2290 2284 2281 2278 2278 2271 2266 2256 2249 2239 2235 2233 2230 2217 2217 2207 2189 2182 2179 2173 2163 2150
