B6_all_seraphim_analyses/Environmental_files/LASV_rasters/Annual_mean_temperature_MRU_0.04.asc
NCOLS 360 
NROWS 264 
XLLCORNER -17 
YLLCORNER 3 
CELLSIZE 0.0416666666666667 
NODATA_value -1.7e+308 
[rows 22 to 43 of 264, columns 96 to 143 of 360]
28.1426668167114 28.1126665274302 28.1253333886464 28.1336665948232 28.0578334331512 28.133499622345 28.1076666514079 27.9866665999095 28.0743332703908 28.0598332087199 27.9923335711161 27.9491667747498 27.9546666145325 28.108166774114 28.3263332049052 28.3978333473206 28.260666847229 28.1593333880107 28.1394997437795 28.0804998874664 27.9696668783824 27.9963334401449 27.8893334070841 28.0118333498637 28.0835001468658 28.2009998957316 28.2001669406891 28.2635000546773 28.3433335622152 28.2718334992727 28.3494999408722 28.3276664415995 28.3493333657583 28.4335000514984 28.5014998118083 28.6013328234355 28.6033331553141 28.6589998404185 28.5469994544983 28.4651667277018 28.4703334967295 28.3471662998199 28.3345002333323 28.3588332335154 27.5546669165293 27.0634998480479 27.1793331305186 27.3261666297913
28.0983335971832 28.0061666965485 28.0844999154409 28.1101668675741 28.1108334859212 28.1036667029063 28.0903335412343 28.100999991099 28.1799999872843 28.0423332850138 27.9529995918274 27.8745001951853 27.8620003064473 28.0805000464122 28.2803331216176 28.3031664689382 28.2526666323344 28.1965000629425 28.1639999548594 28.1815000375112 28.1131664911906 28.042000134786 27.9713334242503 27.9038332303365 28.090166648229 28.0694998900096 28.1494996547699 28.2906670570374 28.2983335653941 28.2678332328796 28.3455002307892 28.3158332506816 28.381166378657 28.4790002504985 28.5141664346059 28.5418332417806 28.5519996484121 28.5959997177124 28.5826663176219 28.5530002117157 28.566999912262 28.4089999198914 28.4191669623057 28.5448334217072 27.9353336493174 26.8046662807465 26.9831666151683 27.31183330218
27.9461664358775 27.9776666959127 27.9928331375122 28.0346667766571 28.07950035731 28.1411667664846 28.0628333886464 28.0054999192556 28.1448335647583 28.0049999554952 27.9498333136241 27.9559999306997 27.9430000782013 28.018833398819 28.2530001004537 28.1883335113525 28.1733332475026 28.247166633606 28.2589997450511 28.1713330745697 28.1771667003632 28.2041665712992 28.0434996287028 27.9954999287923 28.0339999993642 28.0795001188914 28.1800001462301 28.2456665039062 28.3210002581278 28.2628333568573 28.3561667601268 28.3579998016357 28.3218332131704 28.4271665414174 28.5428334077199 28.5991667111715 28.5714999834696 28.6178332169851 28.6115000247955 28.5909996827443 28.5854998429616 28.5446667671204 28.5939998626709 28.5903334617615 27.5663333733877 26.7516667048136 26.8895001411438 27.3740000724792
27.9684998194377 27.9545000394185 27.8950000603994 27.9553333123525 28.0388333797455 28.1049999396006 28.0836664835612 28.1088329950968 28.1186667283376 28.0153334140778 27.8996665477753 27.9141669273376 27.9526669979095 28.1425000826518 28.2001666227976 28.1758334636688 28.1353333791097 28.1780002117157 28.2186667919159 28.2068333625793 28.148499806722 28.1521668434143 28.0971667766571 27.9304998715719 28.0083334445953 28.1261669794718 28.1664998531342 28.2788333098094 28.2963332335154 28.2116666634878 28.3011666933695 28.3334998289744 28.3513329029083 28.4881668885549 28.5138332843781 28.5059999624888 28.5626669724782 28.5529998938243 28.5889999866486 28.5668334166209 28.5173333485921 28.572333574295 28.6571665604909 28.5766666730245 27.2743333180745 27.1008331775665 26.980667034785 27.4914996623993
28.050000111262 27.9201666514079 27.7211666901906 27.9051667849223 28.0961668491364 27.9163332780202 27.8874999682109 28.0998333295186 28.1148332754771 27.9891667366028 27.9831663767497 27.9023333390554 28.0816667079926 28.0309998989105 28.0176667372386 28.2819997469584 28.2094999154409 28.0663335323334 28.066166639328 28.1864997545878 28.1514999866486 28.076499859492 27.9941670099894 28.009833017985 27.9953335126241 28.0655001004537 28.1553332805634 28.2333331902822 28.2698334058126 28.203333457311 28.3044997056325 28.2884996732076 28.3766665458679 28.4258332252502 28.377166668574 28.5541668732961 28.5988334019979 28.4773331483205 28.5866667429606 28.4548327922821 28.392333428065 28.5105000336965 28.5613332589467 28.2284998893738 26.8949999014537 26.9813330968221 27.127500295639 27.3919998804728
28.0733332633972 27.9194999535878 27.9050002098083 28.1143334706624 28.1496664683024 27.9564999739329 28.0421667893728 28.1581666469574 28.1271667480469 28.0868333180745 28.0343334674835 28.0501670837402 28.1338334878286 27.7895000775655 27.9324995676676 28.2884997526805 28.1283334096273 28.1121669610341 28.218500216802 28.2075000603994 28.1428333123525 28.0945002237956 28.0048333009084 28.0841666062673 28.1026666164398 28.0965001583099 28.2418333689372 28.2149999141693 28.1838330427806 28.208833138148 28.2206665674845 28.3040002981822 28.401333173116 28.3806666533152 28.4321667353312 28.529666741689 28.5836664835612 28.5588332811991 28.5393335819244 28.4391663074493 28.3771669864655 28.4636668364207 28.1591665744781 26.8915000756582 27.0456666946411 27.0543333689372 26.9561665058136 27.1370001633962
27.9701667626699 27.9793330828349 28.0343330701192 28.1543333530426 28.0618330637614 28.1101664702098 28.1565003395081 28.1513332525889 28.1871666908264 28.2061666647593 28.1230002244314 28.2215000788371 28.2564998467763 28.2281667391459 28.1704999605815 27.8034999370575 28.2893334229787 28.3241666952769 28.3158334096273 28.3075002034505 28.2156670093536 28.0876667499542 28.1046665509542 28.1521665255229 28.2003331979116 28.2118333975474 28.2151664892832 28.1841665903727 28.1769998073578 28.1273331642151 28.1959998607635 28.2991666793823 28.4293328921 28.3973333835602 28.4638332525889 28.5063332716624 28.5363332430522 28.5419998168945 28.5154999891917 28.4506664276123 28.3801668485006 28.3281668821971 28.1568333307902 27.9284999370575 26.8810000419617 26.9459998607635 26.5553333759308 27.022666533788
27.8791665236155 27.9811665217082 28.0291666984558 28.1168332894643 28.1144998868306 28.0354998906453 28.2054998079936 28.318833510081 28.3935002485911 28.3205001354218 28.2040000756582 28.3178335825602 28.3893332481384 28.2545000712077 28.2409998575846 28.1211668650309 28.2410000165304 28.3291668097178 28.3656666278839 28.3315002123515 28.2218334674835 28.147333463033 28.1998333930969 28.2531667550405 28.2593330542247 28.2726670106252 28.1943334738414 28.1433331171672 28.1233331362406 28.0925000508626 28.1628332138062 28.3171667257945 28.4028333028158 28.4126665592194 28.4534998734792 28.4563333193461 28.463666677475 28.5418334007263 28.5096663633982 28.3701667785645 28.3420003255208 28.3161664803823 28.3325002193451 27.8091667493184 26.7520001729329 26.6861666838328 26.4521667957306 26.4939998785655
27.8631667296092 27.9576664765676 28.0101663271586 27.9991668065389 28.2056666215261 28.1533331871033 28.2573335965474 28.3603335221608 28.3353331883748 28.3623333772024 28.3561669190725 28.4144999980927 28.4220000108083 28.2314999898275 27.8671667575836 27.9535000324249 28.2669999599457 28.2379999955495 28.3503331343333 28.3846668402354 28.27649974823 28.3054999510447 28.2891666889191 28.2703332901001 28.3051665623983 28.2979997793833 28.2686666647593 28.1901663939158 28.168332974116 28.0935003757477 28.1835002104441 28.2739999294281 28.3056667645772 28.4048330783844 28.3436669508616 28.3780002593994 28.3778332869212 28.5 28.4511661529541 28.3500000635783 28.2421666781108 28.2411664326986 28.3616666793823 28.2708335717519 27.0350003242493 26.8465002377828 26.7060001691182 27.6941665013631
27.864000082016 27.95516649882 27.9821668465932 27.950332959493 28.1101665496826 28.1813333829244 28.2874998251597 28.288333495458 28.1725002924601 28.3450002670288 28.3674997488658 28.4085001150767 28.2440004348755 27.9733331998189 28.0443333784739 27.9355000654856 28.1596662998199 28.3098337650299 28.3758333524068 28.3816667397817 28.393000125885 28.3370002110799 28.2931666374207 28.2451665401459 28.3608333269755 28.3263331254323 28.2893331845601 28.1931665738424 28.0893330574036 28.1376663843791 28.1913334528605 28.2358330885569 28.2876667181651 28.2840001583099 28.2471668720245 28.3076667785645 28.3231669267019 28.4375 28.3163335323334 28.3165001074473 28.28466685613 28.2590004603068 28.2778333028158 28.4033332665761 27.4223330020905 27.7733336289724 27.7416668732961 28.0965000788371
27.8851664861043 27.9463333288829 27.9649999936422 27.8661665916443 28.1575000286102 28.1636670430501 28.1046669483185 28.1648335456848 28.1269999345144 28.3098336060842 28.361666838328 28.3888331254323 28.2988334496816 28.3384998639425 28.2831668059031 28.2221665382385 28.2186667919159 28.365000406901 28.4228329658508 28.36616675059 28.4580001831055 28.4508334000905 28.364000082016 28.3809998830159 28.3586665789286 28.3774999777476 28.3108333746592 28.220999956131 28.1615000565847 28.1378330389659 28.163666566213 28.1009995142619 28.1553330421448 28.1836668650309 28.2086664040883 28.2283335526784 28.3439998626709 28.3701668580373 28.3145000139872 28.1733330885569 28.1781669457753 28.2484998703003 28.2601662476857 28.2923333644867 28.3029998143514 28.2894996802012 28.2170004049937 28.1293332576752
27.8266670703888 27.9493335088094 27.931999762853 27.636666615804 27.8476665019989 28.1839997768402 28.1333333651225 28.0160000324249 28.0938336849213 28.3009997208913 28.3836669921875 28.3570002714793 28.1998335520426 28.0669996738434 28.3198331991831 28.268666823705 28.3748332659403 28.4601668516795 28.492999792099 28.5500000317891 28.5809999306997 28.453000386556 28.4474997520447 28.4161664644877 28.407666683197 28.3431668281555 28.2740001678467 28.223999897639 28.2228334744771 28.1750000317891 28.0965000788371 27.9999997615814 28.0423333644867 28.1023332277934 28.1345001856486 28.229666630427 28.2646663983663 28.3198331991831 28.2955000400543 28.2086667219798 28.1911664009094 28.1633334159851 28.2588333288829 28.135999917984 28.2065003712972 28.1206668217977 28.0996667544047 28.0968333085378
27.8686667283376 27.8851669629415 27.845833381017 27.8789998690287 27.8595002492269 28.0353333950043 28.1364998817444 28.0546666781108 28.1751668453217 28.2768332958221 28.422833442688 28.4166666666667 28.2768332958221 27.4919997851054 27.5833332538605 28.2198332945506 28.3911668459574 28.5431667963664 28.6103331247966 28.7298336029053 28.5738332271576 28.3695000012716 28.4133333365122 28.431999762853 28.4501663843791 28.4001661141713 28.3106668790181 28.2715003490448 28.1893332004547 28.1531662940979 28.0183331171672 28.0689999262492 28.01899989446 28.0494997501373 28.129166841507 28.2003332773844 28.2518332004547 28.2701665560404 28.2186669508616 28.1618332862854 28.2003331184387 28.2511665821075 28.1363331476847 28.1528332233429 28.093000570933 27.922833442688 27.9818332990011 28.0114998022715
27.8510000705719 27.7796665827433 27.6589999993642 27.8431667486827 27.863333940506 27.979333559672 28.0495000680288 28.111833413442 28.1788333257039 28.3143334388733 28.4120000203451 28.3866668542226 28.3001664479574 27.96333305041 27.7001669406891 28.1985001564026 28.3043336073558 28.4618332386017 28.5271667639414 28.5090001424154 28.4063331286112 28.3061667283376 28.3766666253408 28.4333333174388 28.3946667512258 28.3645000457764 28.3076671759288 28.2504999637604 28.1739999453227 28.0771664778392 28.0320002237956 28.0421664714813 28.0586667855581 28.0868332386017 28.1126663684845 28.1699999968211 28.1403334140778 28.1624999841054 28.2296668688456 28.1433335940043 28.2115001678467 28.204499801 28.1894998550415 28.0700003306071 27.9988337357839 27.9028334617615 27.9486668904622 27.8878331979116
27.8671666781108 27.6740002632141 27.6201666196187 27.6675000190735 27.8824999332428 28.0394999186198 27.9816665649414 28.0801667372386 28.1258331139882 28.2911664644877 28.364666779836 28.3366668224335 28.3123336633046 28.1880000432332 28.3203335603078 28.3159998257955 28.3951664765676 28.3688333829244 28.3900002638499 28.3626663684845 28.3449997901917 28.2680000464122 28.3296670118968 28.3175000349681 28.2383333047231 28.2598330974579 28.2504998842875 28.1958332061768 28.140666325887 28.0623331069946 28.0118330319722 28.0329999923706 27.9994999567668 27.8978335062663 27.9663330713908 28.0233331521352 28.0673333009084 28.1321665445964 28.1296664873759 28.1546666622162 28.0936666329702 28.0141666730245 28.173833211263 28.1365000406901 28.0070001284281 28.0063334306081 27.7363333702087 27.838666677475
27.8778331279755 27.5984998544057 27.5121663411458 27.6593330701192 27.7323331038157 27.989666779836 27.986666838328 28.0350000063578 28.0979997316996 28.2314998308818 28.2661670049032 28.1799999078115 28.2818333307902 28.2978332837423 28.3574999173482 28.3546667893728 28.27583360672 28.25066669782 28.3053332169851 27.8248333136241 27.8388330936432 27.587166706721 27.4193335374196 27.3309999306997 27.5138332049052 27.4623333613078 27.4855001767476 27.6883335908254 27.6123334566752 27.8810001214345 27.9999998410543 27.9039999643962 27.6519997914632 27.7225003242493 27.7888331413269 27.6914997895559 27.7210002740224 27.7013332049052 28.0684998830159 28.0861668586731 27.9943335056305 27.9098334312439 28.0228334267934 28.0750002066294 28.0200001398722 27.9873329798381 27.9411664803823 27.9080002307892
27.8193333148956 27.4688334465027 27.7056667804718 27.7553335030874 27.865166425705 27.9376666545868 27.8774999777476 28.0355000495911 28.0488334496816 28.0363332430522 28.0003331502279 27.0720001856486 27.1758334636688 27.3630000750224 28.0164998372396 28.1196663379669 27.8466663360596 27.2721665700277 27.5146668752034 27.9101666609446 27.9854996999105 27.2519996166229 27.0073331197103 26.8179999987284 26.823499917984 27.1680001417796 27.3621666431427 27.389666557312 27.5664999485016 27.7545000712077 27.7543334166209 27.4238331317902 27.5008334318797 27.5614999135335 27.6188334623973 27.6144997278849 27.8336669603984 27.8651667435964 28.0208331743876 27.9128334522247 27.8293333053589 27.8148334821065 27.836833635966 27.8983333110809 27.763333161672 27.7633334000905 27.7963332335154 27.8688331445058
27.5554998715719 27.4746664365133 27.558000087738 27.6446664333344 27.9548335075378 27.8663331667582 27.9521668752034 27.9281671047211 27.6406667232513 27.7461667060852 27.0879998207092 26.3673331737518 26.4744998613993 26.6246667702993 27.2284999688466 26.9028333822886 26.6293334166209 27.0713330109914 27.3315002918243 27.7893331845601 27.8859998385112 27.0598335266113 27.0223333835602 26.843000014623 26.8564998308818 27.026166677475 27.1346668402354 27.4550002415975 27.5316664377848 27.697833220164 27.3239999612172 27.3914999167124 27.4660002390544 27.2403333187103 27.3340002695719 27.454166730245 27.506166378657 27.7000000476837 27.6128335793813 27.2075003782908 27.5284997622172 27.284833351771 27.6944998900096 27.8266666730245 27.738499879837 27.6653332710266 27.7670001983643 27.7919999758403
26.9515000184377 27.3415001233419 27.484166542689 27.554666519165 27.7238335609436 27.7156667709351 27.7316664059957 27.4068334102631 27.1963331699371 27.4999998410543 27.4643334547679 26.5951669216156 26.6585001150767 26.6181666851044 26.2349998950958 26.2738333543142 26.5448336601257 26.6491668224335 26.8736668427785 27.2239998181661 27.6028334299723 27.5243333975474 27.1888337135315 27.2710001468658 27.0934999783834 26.7396667003632 26.8914998372396 27.3989995320638 27.5773331324259 27.662166039149 27.375 27.3414998054504 27.1956667900085 26.9658330281576 27.2138334115346 27.4449998537699 27.5559998353322 27.6684998671214 27.4726665019989 26.4701667626699 26.6371666590373 26.7685000101725 27.4354998270671 27.815833568573 27.7281665007273 27.5843330224355 27.7538332144419 27.6310001214345
26.9060000578562 27.2646663188934 27.4386662642161 27.5459999243418 26.9833334287008 26.9806663990021 27.1871668497721 27.4428331851959 27.5965001583099 27.5994998613993 27.0559998353322 26.4270001252492 26.5374998251597 26.454833428065 25.2506666183472 25.4210001627604 26.5310000578562 26.8421666622162 27.2376668453217 27.5733331839244 27.643833398819 27.7699999809265 27.462166706721 27.6078334649404 27.5008331139882 25.5473331610362 26.2444998423258 27.3501668771108 27.379499912262 27.4783330758413 27.4501668612162 27.2699999809265 27.1326664288839 27.1341664791107 27.0141666730245 26.7133333683014 27.2465000947316 27.5311669508616 26.6801665623983 26.3901666800181 26.1821660995483 26.2693334420522 27.0886667569478 27.7573333581289 27.7590000629425 27.7196667194366 27.761333545049 27.637500445048
27.0833334128062 27.1936666170756 27.3743335405986 27.5243333180745 26.6998335520426 27.0498333772024 27.3499998251597 27.5406663417816 27.4798335234324 27.2556665738424 26.7811666329702 25.9358334541321 26.1841666698456 26.2764999866486 25.5388334592183 25.9004999001821 26.5250004132589 26.8611665566762 27.3403333822886 27.5683333873749 27.6059997876485 27.7410001754761 27.6573335329692 27.6358333428701 27.3775001366933 26.2293334801992 26.2818334897359 26.4136667251587 27.2168332735697 27.3726668357849 27.29416680336 27.1131664117177 26.6691666444143 26.5511666138967 26.4675002098083 26.5504999955495 27.0625003973643 26.4966668287913 26.7476665973663 26.0449998378754 25.8223331769307 26.7915000120799 27.3071663379669 27.4116667906443 27.6276664733887 27.7438334623973 27.7051663398743 27.6593333880107
27.3561668395996 27.3295002778371 27.3300003210704 27.144166469574 27.0568331877391 27.4469997088114 27.5138332843781 27.5001666545868 27.4415000279744 26.9649999141693 25.2084997495015 23.7098333835602 24.5866665840149 25.3389999071757 25.5318334102631 26.182333389918 26.3286666075389 26.617166519165 27.0366668701172 27.2400000890096 27.283833026886 27.4238331317902 27.5216666062673 27.4413333733877 27.2765000661214 27.1938331921895 26.9763333002726 26.7809998194377 26.8390001455943 27.1261666615804 27.0246669451396 26.9543335437775 26.5191665490468 26.079499801 26.2358330885569 26.5186670621236 26.4083335399628 25.9616670211156 25.9936665296555 25.9839998086294 25.972333351771 26.9849998950958 27.1198336283366 26.7556665738424 27.0556667645772 27.6331666310628 27.7505004405975 27.7476665973663
