B6_all_seraphim_analyses/Environmental_files/LASV_rasters/Elevation_MRU_0.04.asc
NCOLS 360 
NROWS 264 
XLLCORNER -17.0000652 
YLLCORNER 2.9999748 
CELLSIZE 0.04166665 
NODATA_value -2147483647 
[rows 29 to 57 of 264, columns 130 to 194 of 360]
290.96 285.44 326.16 294.4 244.48 278.24 286.64 302.08 336.4 550.56 926.08 950.88 1051.12 1040.96 907.44 704.48 637.2 630.8 619.84 623.04 520.8 450.56 525.6 574.4 503.12 565.6 642.4 687.68 696.24 626.96 561.36 506.24 477.04 453.6 473.28 489.68 529.92 540.8 567.36 596.32 678.32 747.52 760.32 731.04 665.44 689.36 697.12 660.88 614.8 616.56 589.6 614.8 629.84 686.64 701.28 690.56 679.84 698.88 704.96 739.92 727.36 833.04 813.84 902.32 1070.4
334.96 310.16 341.52 264.56 246.32 257.68 314.64 321.76 310 366.96 836.32 921.76 1005.2 632.88 674.8 696.56 700.72 758.96 674.88 536 508.72 508.24 503.84 629.52 644.56 653.44 663.44 638.48 739.36 650.96 590.24 498.56 458.08 472.4 499.36 520.08 539.36 575.44 547.04 610.72 665.28 607.84 635.36 704.56 707.84 710.88 668.72 649.92 651.12 678 589.44 605.52 631.28 670.56 651.36 712.72 721.04 728 740.96 781.6 799.68 767.84 807.76 867.04 934.4
364.8 308.88 324 251.2 302.32 283.28 285.84 294.96 329.44 321.68 727.6 597.04 611.84 466.4 431.6 663.36 763.52 753.52 604.24 481.28 552.64 638.88 578.72 756.8 829.6 811.12 838.16 784.96 755.92 717.28 627.2 483.12 472.4 525.44 563.36 625.76 616.16 562.56 570.08 578.96 572.72 585.52 612.48 647.12 731.04 699.2 717.52 693.12 657.68 729.28 636.88 596.88 642.96 638.48 634.16 706.8 761.44 752.72 770.48 769.52 794.24 832.32 824.32 844.32 889.28
336.48 308 266.24 258.4 272.8 324.96 337.76 309.52 320.32 337.52 359.28 383.44 398.8 437.68 407.76 451.68 495.6 626.48 512.64 495.76 580.56 675.04 593.2 693.28 863.52 888.8 892.8 886.96 834.24 736.8 668.32 660.56 565.68 598.64 733.52 690.48 661.2 575.12 557.76 559.52 574.88 608.16 659.68 806.48 776.88 754.24 694.08 679.68 716.08 664.64 611.36 599.76 613.6 596.16 653.52 760.96 749.36 780.64 803.84 737.12 733.76 811.92 902.08 950.72 953.28
363.2 315.52 309.12 281.12 257.28 284.72 323.12 370.72 349.6 392 355.04 407.36 419.68 428.8 419.76 477.92 540.32 535.2 513.92 573.52 676.4 766.96 680.8 669.2 749.92 877.6 905.36 900.16 801.04 765.76 741.44 621.76 495.92 578.08 621.84 714.64 737.28 654.88 584.4 578.96 595.6 670.4 709.52 758.16 818.24 754.8 720.24 687.28 725.52 721.12 651.28 641.76 660.32 602.24 647.76 700.56 692.64 726.8 778.96 808.32 760.64 742.56 853.12 906.8 904.08
355.76 335.76 297.36 273.12 294.16 336 346.64 337.04 367.76 342 375.44 453.28 404.16 396.88 413.76 557.04 581.36 520.8 525.44 640.08 704.72 727.2 741.36 699.92 817.52 799.04 817.52 715.52 680.64 680.8 572.4 515.76 525.36 690.72 584.88 661.92 732.48 660.24 661.76 597.76 609.44 642.24 687.68 754.08 825.28 780.72 737.92 732.32 741.04 666.24 730.96 901.44 794.64 604.8 646.16 675.36 659.36 672.32 686.72 738.4 734.24 741.68 877.2 1027.44 1048.4
308.88 289.12 332.16 324.8 280.48 312.16 300.24 304.08 309.2 368.64 410.48 443.84 388.4 414.4 393.68 493.6 574.88 534.64 532.56 708.24 720 747.68 718.08 732.64 1032.24 772.16 674.96 592.88 576.48 591.6 545.44 494.24 536.24 622.96 581.2 645.92 721.04 776.48 712.8 626.8 675.36 732.72 851.44 901.12 818.88 779.28 727.12 723.84 706.72 668.4 739.2 760.32 685.76 623.28 601.28 637.52 674.72 716.24 721.44 747.12 754.48 777.04 844.24 1128 976.8
352 337.76 368.88 350.48 343.28 290.56 313.6 358.4 305.92 337.84 387.52 368.16 450.8 388.48 380.56 385.04 443.52 540.8 541.52 722.64 875.44 796.96 745.44 807.2 886.48 733.84 624.96 646.8 582.56 602 539.84 529.36 546 641.04 649.92 684.32 724.88 774.56 700.24 667.12 827.92 1022.08 986.24 983.04 813.04 796.16 744.24 775.12 935.52 764.32 722.96 651.44 613.92 626.24 636.24 725.28 796.96 760.72 752.72 708.56 731.12 794.88 841.44 1029.84 943.28
446.4 491.12 504.32 507.84 356.72 312.96 343.6 389.44 342.16 316 337.52 332 331.28 338.24 373.28 389.68 423.76 618.96 620.56 830.48 1067.44 838 814.48 816.88 922.88 779.36 674.96 727.76 597.52 530.8 503.6 664.4 703.2 657.28 729.04 931.44 933.12 775.36 698.96 753.6 818 1147.76 1167.12 1012.24 948.56 830.4 865.68 873.28 763.2 779.04 698.96 642.72 637.04 648.64 673.12 735.52 804.72 779.04 791.44 743.12 756.24 845.04 905.68 1011.2 949.12
482.32 490.88 396.32 371.6 327.92 368.56 391.92 401.36 388.08 347.84 395.68 393.04 379.44 352.4 377.6 387.36 467.04 761.6 721.76 763.6 1018.88 915.04 875.2 901.84 926.88 1144.48 812.48 664.16 563.2 504.96 560 621.04 900.88 842 975.76 998.48 1094.08 777.76 701.52 796.8 1020.08 996.72 1017.76 1106.8 949.84 886.56 836.32 739.2 714.48 723.28 677.44 650.4 658.08 642.48 691.52 700.4 727.12 760.72 747.2 763.6 783.28 825.44 953.04 1044.08 1002.72
557.2 506.08 475.2 388.08 446.72 619.68 485.28 585.84 432.48 375.36 394.64 418.96 379.6 364.96 414.56 393.04 427.68 514.72 756.8 732.4 1046.32 1128.24 1018.16 1186.64 1120.8 1105.68 752.32 763.76 602.56 503.92 574.96 616.56 650.4 802.72 985.12 972 1105.04 828.96 714.96 833.84 920.32 1006.56 972 883.28 837.52 821.76 794.56 742.24 768.08 724.56 707.2 719.92 707.36 656 636.48 729.2 728.4 727.68 726.88 746.72 764.72 945.52 968.88 1081.2 1092.48
589.36 485.04 442.56 398.32 482.4 887.68 822.08 785.2 540.08 395.84 421.12 458 364.32 406.32 437.28 420.24 583.36 732.32 843.68 747.76 809.2 1079.36 1150.56 1160.48 1200.88 930.72 650.72 599.04 521.2 521.44 576.56 604.24 676.72 830.72 1038.32 972.32 934.96 801.36 758.4 845.2 809.28 831.68 811.28 795.04 802.48 833.52 770.88 932.64 950.96 849.6 778.64 766.96 706.32 692.16 621.84 678.88 675.28 679.28 684.48 710.96 719.52 694.48 941.28 1029.68 831.76
630.8 754.88 548.96 439.68 791.36 907.92 997.28 982.88 677.68 417.76 418.64 421.36 363.84 388.4 408 430.88 521.92 693.52 984.88 838.24 907.52 1020.08 1034 1122.8 1144.48 947.52 787.44 780.16 735.12 583.44 621.84 713.12 653.52 737.6 925.44 1024.72 966.8 1039.52 866.08 832.16 831.6 842.8 825.04 849.92 789.52 861.76 907.84 1322.72 1098.4 758.16 720.48 663.76 643.6 652.16 669.12 655.84 640.08 632 647.68 625.76 636.72 662.24 784 673.12 673.84
817.36 789.04 586.8 822.72 729.12 1021.28 1124.88 744.8 548.64 527.36 461.52 419.52 395.44 380.96 371.28 377.44 406.48 451.04 750.08 1046.64 1140.72 1002.56 926.64 987.36 954.56 990.08 881.04 845.2 663.52 555.04 537.6 566.4 604.4 823.2 838.88 874.24 860.08 1032.4 939.28 832.96 848.56 866 861.84 876.56 824.56 934 1029.2 893.84 779.2 710.24 746.96 686 668.88 635.28 683.28 682.16 657.92 671.6 672.24 653.76 626.4 630.08 636.64 646.24 655.68
879.04 767.76 823.6 1024.08 1021.12 1008.16 1014.72 619.12 587.2 758.48 661.6 452.56 386.48 370.56 375.92 405.44 404.48 440.48 540.72 1041.76 1150.88 996.16 922.56 907.28 911.52 874.4 854.64 581.68 532.64 517.84 561.2 578.16 582.8 599.92 630.08 710.64 753.84 795.12 840 798.96 953.92 1057.92 1197.2 994.24 872.64 909.92 916.48 784.88 757.28 779.2 805.36 709.28 701.44 672.72 686.16 782.16 726.72 665.6 678.96 666.64 642.24 658.56 644.8 640.96 643.36
897.12 1030.32 824.88 860.48 974.16 941.2 1038 966.64 988.88 878.96 738.88 433.28 386.8 394.08 384.08 438.8 514.48 531.44 903.6 1133.04 1113.2 981.2 976.56 911.44 779.84 591.52 649.52 646.24 535.92 555.36 691.44 672.64 674.72 705.12 713.2 715.52 692.08 717.84 741.76 888.08 1060.4 1275.2 1358.56 1030.16 933.92 871.12 988.24 967.28 807.92 886.32 858.48 855.68 778.56 746.4 712.4 789.84 924.88 705.6 696.56 684.24 652.64 683.92 679.28 695.28 653.68
1091.84 1077.68 882.8 883.04 861.92 918.72 1136.64 1106.4 1178.32 1033.28 597.36 420.88 428 404.4 393.2 422.8 795.36 1076.24 936.16 1076.08 1083.36 1015.6 867.68 758.16 671.6 574.16 663.76 602.08 623.68 778.72 1006.24 844.8 765.76 752.16 756.08 770.88 745.28 746.8 733.04 794.96 864.4 1156.64 916.08 959.76 1047.76 947.84 1133.04 1090.56 941.04 1005.84 1129.84 1100 1035.36 777.28 701.84 658.32 675.36 682.72 711.2 674.56 657.36 669.04 693.84 686.88 651.92
1013.84 994.48 923.28 1032.56 1008.88 857.04 1026.88 1191.68 1165.12 1036.32 604.16 649.12 741.36 514.8 521.84 444.96 540.08 977.92 1218.88 1080.56 1049.84 828.4 764.4 719.12 681.52 628.88 1024 842.08 759.92 672.96 1016.88 976.64 838.56 904.8 890.72 1074.24 831.92 757.44 746.88 766.32 788 892.56 943.36 1079.52 1087.52 1018.16 1035.12 899.12 904.24 1166.64 916.64 696.24 687.12 659.28 631.04 647.36 660.08 826.8 793.44 680.88 660.32 687.04 704.32 675.04 657.44
949.36 1034.24 1054.16 1077.68 913.92 1010.64 1001.28 1075.12 785.36 679.6 788.16 954.48 1082.64 1213.68 1076.56 515.68 709.68 926.8 1289.92 1438.88 1022.08 800.32 722.96 668.32 635.04 691.2 943.04 1074.4 913.28 676.16 908.08 1246.96 1234.16 1000.48 1095.04 1096.32 941.52 798.16 808.24 794.32 908.32 847.36 1027.36 1202.88 1218.88 1084.8 1081.28 1070 1229.84 1348 950.56 689.68 658.96 648.88 658 687.12 655.76 747.92 757.84 694.64 679.36 679.04 700.56 676.32 682.64
953.12 1055.04 1067.76 995.68 1017.2 1121.92 1068.64 892 813.84 829.36 1119.28 1049.52 1080.8 1308.24 767.04 618.16 987.2 987.84 1386.16 1447.52 1148.88 992.96 792.08 655.28 669.36 676.96 763.6 1010 943.44 731.2 941.44 1112.4 1334.88 1193.68 1149.6 1036.8 888.24 795.36 808.24 866 962.16 863.12 876.56 1169.76 1268 1152.4 1126.4 1109.76 1327.68 930.64 691.6 662 650.08 691.92 682.16 668.32 672.56 673.6 698.48 723.76 713.28 697.2 701.84 709.68 731.92
1226.16 1124.4 1036.72 966 1046.08 1137.28 1026.96 983.36 792.56 905.04 1241.36 1142.48 1251.92 1086.08 807.68 866.56 1064.8 1077.44 1444.32 1191.2 989.2 917.6 744.64 847.44 723.12 767.68 843.12 921.68 869.2 837.68 772.4 994.32 1125.28 1155.68 1282.88 1038.24 1045.12 885.28 853.92 904.4 923.36 943.52 936.32 1076.32 1154.32 1288.8 1160.4 992.24 904.24 705.6 674.32 643.84 663.44 675.52 708.64 669.84 683.68 692.96 690.56 713.6 741.6 754.88 748.4 736.88 753.52
1215.04 1125.52 1072.16 1028.72 1067.68 1029.68 1047.76 956.32 868.24 931.2 1104.64 1224.56 1365.76 1126.16 935.52 1131.2 1183.52 1240.72 1373.6 1051.2 956.4 810.96 684.24 903.04 864.96 836.64 945.04 884.64 901.28 822.32 738.16 1045.28 1207.44 1099.28 994.64 968.4 1015.6 1024 985.84 1049.28 1085.12 1068.88 1128.72 1353.44 1357.76 1387.84 1289.92 1166.96 862.88 690.48 664.32 676.08 677.28 665.76 706.72 679.2 698.72 714.8 731.6 752.48 751.12 800.48 774.48 744.4 737.04
1402.08 1306.8 1309.44 1152.08 1040.72 1138.32 1128.72 986.8 1019.44 982.4 974.48 1150.32 1365.6 1148.08 919.44 1169.28 1362 1424.08 1336.32 1133.52 874.08 753.04 745.6 974.96 968.72 854.96 913.36 945.04 808 732.32 788.32 887.12 1107.04 948.08 1021.76 950.88 1006.4 1079.28 1212.08 1182.4 1168.4 1125.2 1237.52 1464.48 1539.04 1443.2 1265.36 1100.48 795.6 676.08 654.56 691.68 678.64 663.36 697.36 705.76 696.88 713.84 734 757.28 815.92 786.32 760.96 729.92 733.28
1051.44 1148.88 1052.88 958.88 1013.28 1229.76 1243.12 1086.16 1106.48 972.16 1004.32 1212.8 1415.6 1057.36 998.88 1199.92 1388.08 1477.44 1384.32 1226.4 796.08 726.16 808.56 1027.6 1002.24 997.44 1081.84 953.28 814.08 892.88 937.84 935.52 895.2 906.8 986.8 961.44 1005.68 1041.6 1169.28 1395.84 1395.28 1338.88 1061.44 1167.2 1041.12 1141.76 997.36 1081.12 784.24 670.96 668.96 693.52 704.56 675.12 680.24 710 719.04 746.16 791.52 856.72 815.2 808.08 790.08 794.4 795.04
898.32 953.92 930.56 1020 1077.12 1098.48 1158 1170.72 1141.76 1084.96 1154.24 1160.88 1408.96 1123.44 1144.16 1278.48 1327.92 1409.28 1223.36 1029.2 744.96 754.8 1180 1371.76 1229.36 1134.48 987.36 940.56 832.24 852.96 864.32 837.28 824.88 818.16 899.44 993.36 993.28 1044.88 1176.32 1422.8 1375.92 1312.64 1064.48 1161.76 1081.6 733.92 757.04 721.28 681.12 665.92 682.88 713.6 700.88 681.2 691.36 698.64 724.88 751.68 938.64 887.28 844.88 794.88 785.28 814.64 806.72
1017.76 1019.84 990.72 988.08 1076.08 1168.32 1201.52 1264.72 1174.4 1177.6 1277.36 1344.64 1284.32 1038.64 1206.24 1302.08 1322.24 1389.36 866.56 756.88 751.6 760.4 833.92 969.28 1287.44 1263.92 1036.8 882.88 857.36 840.16 815.44 793.84 785.2 841.36 891.04 865.76 858.96 858 933.44 1222.08 1064.64 1073.36 1047.36 815.6 773.12 732.32 760.8 719.84 700.24 674.48 686.4 712 703.6 696 748.32 705.68 746 830.16 828.56 807.12 834.72 798.64 785.36 786.16 788.8
1192.24 1205.68 1175.92 1166.16 1075.76 1296.96 1377.76 1371.2 1377.84 1363.84 1470.16 1341.92 1167.76 985.12 1238.16 1338.48 1277.28 942.24 782.08 738.4 773.92 826.32 933.2 1261.84 1468 1515.36 1268.4 988 894.88 832.4 794.32 780.8 787.76 833.04 929.04 856.24 798.48 800.88 823.52 891.76 810.56 826.88 814.88 751.2 719.84 709.04 713.92 721.04 683.36 686 724.96 738.24 725.2 710.24 842.88 724.96 720.88 808.24 811.36 799.2 802 811.84 780.72 770.24 784.08
1095.6 1279.76 1480.32 1375.28 1328.88 1576.08 1517.84 1418.32 1286.72 1154.96 967.04 908.16 942.56 979.92 888 855.12 912.32 864.32 743.2 831.28 864.32 811.92 945.36 1006.88 1037.12 1094.4 1262.72 864.8 866.08 821.92 825.28 793.6 814.8 832.48 845.76 803.52 799.76 803.6 822.88 847.2 849.52 841.68 894.48 857.12 724.48 720.88 699.36 684.48 711.84 733.6 783.04 795.36 758.8 748 782.32 769.2 754.96 792.72 818.48 791.68 779.36 805.6 795.84 780.96 741.92
1469.52 1616.24 1602.48 1529.6 1496.16 1475.2 1442.32 1436.56 1479.76 1338.88 1177.76 879.6 770.96 778.32 760.56 769.04 788.96 748.56 753.84 924.08 1027.92 867.2 933.28 958.72 894.88 934.4 1005.36 835.12 810.4 847.2 834.16 801.52 849.28 821.36 840.16 806.4 798.8 824.96 855.28 875.12 940.08 859.6 962.64 816.48 773.84 1000.4 735.44 704.88 719.6 743.36 802.8 833.04 824.96 795.52 808.64 822.48 807.44 791.68 793.04 787.52 760.88 799.84 785.52 796.64 752.88
