B6_all_seraphim_analyses/Environmental_files/LASV_rasters/Elevation_MRU_0.04.asc
NCOLS 360 
NROWS 264 
XLLCORNER -17.0000652 
YLLCORNER 2.9999748 
CELLSIZE 0.04166665 
NODATA_value -2147483647 
[rows 174 to 202 of 264, columns 260 to 324 of 360]
550.56 519.52 513.68 522.96 513.52 508.72 493.52 471.52 470.72 461.84 434.88 450.32 445.12 425.84 426.08 412.24 359.68 309.92 328.88 356.08 375.92 402.4 408.88 391.12 366.08 523.76 538.72 338 293.44 256.88 309.2 270.8 218.88 196.48 230.88 248.72 232.96 256.08 213.2 209.68 190.24 185.04 222.8 256.32 276.08 299.84 356.96 502.24 380.72 323.12 347.6 324 344.56 337.52 343.44 337.68 296.48 275.92 303.12 316 337.52 332.96 323.52 351.36 391.28
546.08 517.76 498.96 497.36 480.08 500.24 512.64 481.2 442.56 446.88 462.64 422.4 440.96 459.92 431.76 421.2 359.28 323.36 321.6 364.96 371.6 374.08 392.8 358.88 345.2 371.76 375.2 360.08 363.68 243.36 280.48 257.84 214.96 190.16 202.16 236.64 191.84 179.04 189.12 184.72 196.72 205.44 238.16 272.4 311.04 328.16 390.32 417.6 359.28 308.24 308.8 304.32 298.8 306.32 339.84 320.4 289.52 281.6 307.44 315.84 311.28 306.08 326.88 385.2 381.68
527.68 509.28 490.08 475.2 461.12 484.56 513.92 495.6 450.72 424.56 424.16 406 430.88 466.24 505.84 614.88 491.84 320.48 318.8 343.68 357.92 353.52 375.92 359.12 322 309.84 336.64 374.8 284.08 233.52 250.4 203.6 175.68 172.72 167.12 175.2 177.84 187.12 195.52 228.56 242.4 228.4 253.12 271.52 311.6 392.24 414.64 445.84 381.68 305.44 264.08 299.52 271.68 296 330.24 324 298.32 269.44 258.08 249.04 287.12 295.44 338 396.24 392.16
506.08 504.16 468.32 458.72 475.92 494.96 514.64 502.56 469.44 442 429.92 407.28 414.08 450.64 438.64 417.04 430.48 343.68 313.68 308.4 330.8 372.88 470.8 356.88 328.4 342.56 312.72 269.84 313.28 222 215.2 221.12 204.64 171.36 188.56 182.64 171.92 218.32 226.8 251.6 258.64 238.8 264.8 292.08 321.6 368.16 345.6 442.96 355.04 289.44 249.28 269.44 273.28 302.64 317.36 338.56 303.52 275.84 278.88 251.68 272 299.6 340.24 380 347.52
481.2 472.24 470.64 440.08 457.12 484.48 520.8 521.44 486.4 442.72 433.68 440.64 402.4 427.36 440.88 423.04 405.28 386.56 368.24 337.2 308.56 509.04 689.6 381.36 402.56 440.16 313.68 299.52 262.24 231.44 239.52 253.52 209.28 162.64 214.32 220.64 206.32 232.72 253.92 252 266.48 255.6 262.56 303.28 332.64 426 392.48 322.96 304.72 258.4 230.48 239.68 266.8 289.04 285.6 300.72 317.52 318.56 297.36 265.76 259.68 318.16 336.88 319.36 316.72
490.48 455.28 437.76 455.68 479.04 482.4 513.52 524.56 487.04 476.8 450 415.68 399.52 396.4 399.2 397.2 392.72 377.44 380.08 342.96 302.56 353.2 434.56 401.2 416.16 372.96 331.44 282.48 257.44 246.48 260.24 256.4 187.2 162.8 208.88 205.52 228 214 215.6 220.16 257.28 277.28 275.76 285.76 302.96 382.72 367.44 294.64 257.92 220.64 230.64 277.2 291.6 300.8 320.96 336.88 340.32 314.64 292.64 277.04 247.12 304 311.36 294.64 349.76
479.44 470.32 433.92 470.4 466.56 491.04 519.84 528.48 514.24 493.44 444.24 449.76 420.64 401.52 371.52 338 336.72 342.48 365.84 360.24 303.12 335.84 374.64 429.36 400.16 335.6 302.8 263.6 285.44 277.84 289.44 240.32 208.08 174.48 156.96 180 191.28 207.04 239.92 242.56 260.08 289.76 274.96 247.6 271.84 348.32 297.44 271.12 235.76 207.6 234.56 266.88 311.6 336.8 354.72 347.52 324 297.84 294.32 274.64 252.16 295.12 275.36 312 352.48
473.84 445.28 421.76 455.28 479.12 493.68 505.76 524.96 519.6 489.84 491.84 462.64 437.28 410.88 375.04 346.08 333.44 321.76 311.68 324.48 314.88 343.2 392 459.28 357.6 297.2 261.84 245.6 227.04 236.4 363.44 259.12 236.32 213.2 152.4 171.6 168.4 192.8 204.88 249.44 269.6 299.6 284 246.8 268.72 303.68 253.84 233.84 203.68 207.44 247.92 287.92 315.92 318.48 319.92 303.92 312.24 321.28 315.68 288.56 248.32 267.28 274.8 320.16 341.36
457.52 429.52 442.56 473.6 471.52 471.36 487.2 522.8 534.48 519.2 521.52 491.12 448.96 408.08 376.56 369.44 358.96 407.6 339.84 317.44 301.28 313.52 313.6 326.24 344.88 315.44 282.56 259.52 240.24 222.72 388.16 331.52 225.2 210.24 167.36 140.64 184.72 228.48 229.2 241.12 260.72 286.16 277.6 270.8 234.08 264.56 243.52 203.2 178.64 206.56 245.84 254.88 300.8 279.92 282.96 262.96 280.16 330.48 307.6 285.2 279.76 242.48 243.04 258.16 311.6
434.96 416.4 452 440 451.92 480.72 500.16 512.72 503.76 502.4 535.52 504.24 457.28 419.44 400.08 425.76 410.32 419.52 435.68 349.04 296.64 283.52 294.8 278.08 336.64 321.92 302.08 244.32 206 193.12 619.36 312.24 189.68 212.72 157.28 158.72 181.12 204.72 218.72 244.96 272.8 266.32 243.68 225.92 203.76 219.6 222.8 198.64 169.76 191.44 211.36 249.44 271.76 239.36 231.68 232.64 278.56 325.28 322.64 313.84 300.8 254.64 262.48 241.04 288.4
417.28 405.84 430.72 424.64 453.04 478.72 501.84 474.56 464.48 494.56 536.08 543.36 479.28 457.12 442.16 443.52 443.76 460.88 413.52 337.28 350.24 319.28 339.68 275.36 296.96 291.76 305.2 259.12 219.6 163.92 177.52 176.8 160.56 188.88 149.28 147.04 180.72 207.6 214 226.8 250.88 282.08 256.64 220.72 194.32 185.2 214.48 183.84 159.52 188.08 186.96 219.36 212.4 204.48 228.96 272.8 287.2 321.36 327.44 334.56 324 322.08 303.84 273.84 255.12
452.32 423.12 395.2 433.84 464.8 486 471.52 447.04 475.52 494.24 522.16 536.88 492.64 456.72 436.24 415.84 409.76 452.64 424.96 374.16 405.2 342 364.96 310.64 261.6 262.08 275.52 242.24 202 152.88 135.36 161.92 142.4 170.32 152.8 147.28 178.88 212.8 242.72 251.84 258.96 273.36 276.4 265.84 238.4 196.88 226.96 192.88 153.28 163.76 186.96 201.68 203.76 227.92 252.96 290.96 306.4 291.28 278.32 283.76 300.72 337.84 302.08 268.08 244.88
432.24 400.24 406.8 434.96 464.56 463.92 438.72 441.2 462 478.4 530.32 541.44 517.6 493.76 449.92 424.88 385.92 418.64 392.88 406.16 400.08 377.52 362.72 313.28 298.16 256.56 200.24 196.24 205.68 191.68 164.4 136.88 123.12 145.36 171.12 194.56 233.2 230.96 256.16 259.52 348.16 267.6 243.68 240.32 240.64 194 205.04 193.28 149.2 188.24 224.4 244.32 231.04 256.72 279.04 290.24 303.92 267.6 235.68 240.4 277.28 322.64 314.24 288.56 244.64
405.36 384.08 429.76 457.28 464.4 444.4 425.68 458.08 489.04 503.44 523.76 527.2 489.12 461.92 433.2 399.28 365.84 382 415.76 391.28 453.12 366.64 342.4 350.56 436.32 270.56 230.56 198 200.64 203.28 181.36 164.48 130.88 130.16 164.24 186.4 184.08 204.08 214 255.52 297.2 290.4 257.12 231.6 211.52 194.4 164.08 181.04 144.32 195.2 226.56 252.48 253.28 250.32 254.48 296.56 282.48 245.2 214.8 228 255.04 283.04 302 278.16 245.36
397.92 400.24 431.6 450.32 435.04 406.72 414.72 446.08 479.44 508.96 504.88 524.72 477.36 450.48 422.4 400.24 377.76 372.64 376.32 373.52 504.32 509.04 446.8 499.12 333.68 289.92 261.12 237.36 166.72 159.04 172.4 173.6 155.52 114.48 134.08 156.64 165.68 180.72 251.6 282.24 256.16 280.8 269.36 264.08 226.48 193.12 146.16 148.08 150.16 196.48 215.2 254.72 240.56 226.4 258.32 268.08 264.24 224.72 196.4 207.12 212.88 265.6 302.56 311.28 284.08
385.6 410.64 439.36 420 406.64 398.08 434.4 465.12 500.96 501.36 484.08 507.68 470 437.84 407.84 376.72 361.84 360.96 345.68 376.08 393.92 409.68 436.08 415.92 325.68 281.92 264.56 215.12 160.24 147.36 213.52 191.92 153.36 113.76 137.84 129.44 153.04 191.2 277.52 257.92 233.28 244.08 238.4 241.12 238.88 205.84 157.04 121.6 153.84 179.2 225.52 232.08 209.84 232.64 264.64 224 231.92 210.32 195.76 186.16 220.48 248.4 282.24 319.28 290.72
376 401.36 419.12 397.28 390.56 424.08 465.6 508.4 498.8 489.28 465.36 476.32 486.4 457.36 437.76 480.8 523.12 414.24 352.24 389.76 392.16 411.92 400.08 363.28 306 262.4 229.28 201.2 144.72 123.2 198.08 155.52 115.68 109.28 125.28 143.6 180.72 187.6 221.92 254.8 245.44 216 200.64 214 214.8 190.08 158.08 121.6 140.56 175.84 226.96 203.84 197.6 239.2 241.68 209.28 205.2 217.28 180.48 191.12 211.04 238.16 280.08 315.36 280.48
389.28 380.96 404 382.64 418.16 428.64 502.08 564.48 512.32 488.16 473.04 452.24 462.8 482.56 438.4 699.92 750.24 485.36 371.68 437.52 460.96 367.52 329.52 294.56 274.88 241.28 212.88 167.36 132 125.28 104.08 116.88 99.68 145.6 147.92 177.68 210.48 223.68 241.12 230.32 232.08 225.52 196.72 186.64 206 159.76 128.4 102.96 126.16 188.72 188.88 177.6 206.4 224.88 198.32 187.84 180.72 222.88 204.64 167.6 202.88 225.52 246.16 287.84 298
400.4 374.64 372.16 397.68 423.92 451.84 454.4 482.64 518.88 580.16 482.32 458.72 442.32 441.84 403.52 707.44 744.88 589.68 323.44 353.36 374.16 354.24 329.92 316.72 257.92 234.72 194.48 159.68 169.76 136.72 107.36 84.4 111.52 107.76 131.52 176.64 215.36 255.84 213.2 184.72 180.96 181.52 182.8 162.24 178.64 149.52 103.76 105.28 152.4 175.92 156.08 187.52 223.2 193.6 176.72 153.84 169.92 214.16 173.36 153.28 182.32 208.24 216.16 268.64 274.08
398.64 362.24 366.72 400.96 425.52 470.64 487.92 482 510.96 511.6 501.84 462.88 434.08 427.12 383.84 439.68 482.48 455.76 315.36 341.04 345.12 343.76 304.32 280.88 241.68 203.76 207.76 191.76 182.88 152.16 131.04 103.76 71.76 94.24 146 192.72 236.64 234.96 199.84 174.8 157.6 138.48 146.64 138 146.24 113.92 80.08 121.44 178.88 162.16 146.4 183.44 210.16 182.32 158 138.8 179.2 172.56 135.44 170 192 191.52 217.52 278 296.32
413.44 392.56 365.52 375.84 417.52 452.8 493.52 498.96 498.4 492.56 498.48 469.12 440.16 415.52 363.36 337.44 334.24 316.32 307.52 330.24 306.16 293.92 275.92 224.8 196.56 172.32 167.04 212.64 166.32 125.76 123.04 80.88 64.64 102.88 142.4 164.96 227.92 220.64 178.64 161.44 145.44 123.2 116.88 135.6 129.04 104.32 100.88 153.84 178.72 142.88 133.68 165.76 165.76 154.4 138.64 128.72 153.28 122.4 154.48 190.32 232.32 235.2 254.64 286.8 258.48
402.72 367.28 351.12 378.4 409.44 454 470.88 479.52 456.24 455.04 503.2 455.2 428.08 398.56 362.24 345.28 336.48 322.56 295.04 306.96 276.56 260.32 236.48 190.16 148.8 140 150.8 180 153.44 119.2 116.64 63.84 106 141.68 158.72 213.36 234.4 217.36 173.2 165.04 162.64 150.96 125.2 113.68 108.24 85.76 107.52 138.64 165.76 128.8 130.4 133.44 126.96 132.48 112.32 121.28 116.08 146.56 187.6 237.36 193.04 189.04 239.76 290.96 295.2
382.08 361.76 366.08 404.16 411.76 447.6 445.76 440.24 439.68 435.04 474 470.4 471.52 435.76 395.6 366.32 352.48 319.28 286.88 291.28 256.24 228.8 214.8 181.28 135.84 113.28 131.36 146.4 156.56 159.2 115.76 73.2 87.68 125.2 145.04 173.76 191.76 194.96 186.96 196.72 194.08 176.96 150.56 111.36 88.64 71.28 95.6 130.08 164.32 146.72 115.12 99.68 90.8 102.24 95.04 113.04 133.6 154.08 201.84 212.24 159.28 182.56 235.68 294.64 268.96
380.24 338.4 370.48 402.08 420.24 413.84 419.12 411.6 403.6 433.84 429.44 453.84 482.4 458.16 427.76 401.6 366.16 332.72 299.92 273.44 265.36 229.2 224.96 183.2 149.36 162.56 115.2 113.12 135.28 135.52 107.68 90.72 53.28 88.48 116.48 130.16 136.4 159.76 205.84 223.6 188.4 151.76 121.44 95.68 67.04 70.24 101.68 146 177.68 175.2 157.76 121.36 92.24 80.56 109.44 147.36 163.28 178.48 194 148.48 155.2 186.16 229.84 267.92 243.2
378.64 363.76 344.56 371.6 389.36 386.8 384.4 385.92 378.16 415.44 402.8 420.64 455.76 433.52 420.32 423.36 386.24 340.16 290.88 246.96 254 228.08 191.44 156.88 133.68 158.56 129.76 97.68 128.4 122.48 100.72 72.64 59.04 89.12 81.84 123.52 140.24 165.92 214.96 218.08 216.96 192.64 129.52 92.88 70.4 56.48 79.12 129.52 157.92 199.6 200.08 153.44 100.72 80.96 110.48 154.96 203.44 216.56 192.08 147.52 139.92 163.28 226.88 225.36 160.24
364.08 368 333.6 362.96 365.04 379.28 362.96 355.84 382.88 395.76 372.48 379.04 400.48 418 406.4 423.92 413.76 390.64 310.96 212.64 207.12 206 165.12 144.96 114.88 128.32 105.12 98.32 121.04 75.6 60.48 81.52 60.32 58.48 91.36 130.56 152.48 188.96 199.04 194.08 216.16 192.32 139.68 99.04 65.76 58.48 84.48 106.96 132.64 169.76 171.76 144.08 107.04 65.92 114.4 168.88 183.44 186.56 165.04 143.76 145.04 203.84 194.48 128.08 158.08
342.64 360.48 356.8 338.72 369.52 386.08 379.84 366.88 356.64 373.12 360.64 360.72 379.92 404.56 393.6 392.64 397.6 362 268.8 169.6 152.96 199.12 129.92 151.12 133.76 103.84 83.68 101.6 85.44 56.4 48 56.48 57.76 59.6 95.36 101.6 139.76 181.68 177.52 181.04 191.68 164.08 151.6 96.72 76 48.32 70.56 66 89.36 157.04 112.16 87.28 67.04 55.84 111.52 162.4 137.04 167.04 144.16 126.8 158.32 171.52 102.32 120.48 173.92
295.36 399.76 451.36 331.12 359.28 348.4 388.64 384.96 356 340.88 326.72 327.76 343.28 368.08 390.48 365.68 346.72 309.68 188.32 136.72 114.8 146.48 119.68 121.12 129.6 106.32 91.04 86.72 89.12 56.08 45.6 48.08 55.52 77.44 99.2 145.92 161.2 190.96 180.8 162.96 148.56 130.32 128.64 105.28 80.88 52.88 46.24 72.72 125.12 175.84 135.2 115.12 84.72 53.12 90.56 114.96 100.88 126.48 128.8 100.48 126.4 94.64 101.44 160.88 241.04
255.52 326.48 380 320.08 322.72 344.08 393.04 397.68 385.6 355.04 340 300.48 318.24 340.4 366.72 330.32 266.24 248 160.16 101.84 73.84 72.72 78.4 124.32 114.24 106.88 94.08 69.04 86 48.72 40.48 56.56 76.88 114.64 90.32 134.88 153.92 164.16 176.56 152.24 119.52 97.12 90.88 94.16 63.52 45.04 47.68 95.44 124.32 143.76 140.16 171.36 126.8 67.04 66.8 88.4 107.44 156.96 129.68 85.76 85.12 67.68 130.48 225.12 216.32
