B6_all_seraphim_analyses/Environmental_files/LASV_rasters/Elevation_MRU_0.04.asc
NCOLS 360 
NROWS 264 
XLLCORNER -17.0000652 
YLLCORNER 2.9999748 
CELLSIZE 0.04166665 
NODATA_value -2147483647 
[rows 145 to 173 of 264, columns 130 to 194 of 360]
213.04 224.88 238.48 234.56 258.16 289.52 288.32 324.72 623.28 812.72 344.24 336.32 363.28 346.16 376 362.24 374.08 387.12 421.2 439.84 441.92 468.24 438.24 518.96 588.72 638.24 658.08 682.16 842.24 940.48 1003.6 991.68 947.84 930.32 919.92 938.4 947.04 953.12 933.6 890.96 818.8 840.72 833.2 864.88 897.2 1047.52 1114.8 998.16 950.48 885.04 898.56 929.76 942.72 977.2 966.64 938.32 899.68 888.96 987.84 1008.4 958.64 969.12 886 857.92 885.36
203.92 208 216.24 286.48 273.04 281.6 283.92 370.48 568.16 492 324.96 337.44 339.76 338.8 343.6 351.12 366.8 388.16 384.08 409.84 565.84 549.76 496.88 646.56 611.92 602.8 621.84 685.12 838.08 973.04 988.56 977.44 942.88 902.72 925.68 938 960.08 866.48 790.16 823.76 806.88 797.2 836.4 866.88 903.12 963.04 933.68 913.76 869.92 832.08 912.56 922.64 932.8 937.76 964.72 936.72 906.16 902.56 926.16 924.24 902.24 918.96 869.28 859.6 874.8
204.16 235.76 263.12 332.32 290.72 267.12 269.04 272.88 347.6 322 303.68 313.92 328 349.76 369.6 361.12 380.56 466.48 420.56 563.12 607.36 540.64 485.76 521.84 542.24 594.8 617.2 574.08 709.28 966.72 928.88 902.8 890.32 932.88 957.04 1026.64 868.88 805.04 757.36 799.6 802.8 927.12 1112.24 1002.32 995.36 867.76 854.08 842.96 824.4 859.76 952.16 919.68 914.88 904.08 879.76 891.84 890.96 914.56 911.04 897.44 880.08 881.2 897.52 901.2 885.6
212.56 241.52 258.16 253.68 260.16 253.44 272.24 380.88 410.48 298.4 337.76 326.72 352 391.84 405.2 383.04 482.64 523.36 516.8 618.96 608.72 507.44 548.8 495.52 526.24 565.52 583.12 655.2 778 953.44 917.28 909.28 951.6 897.84 969.12 841.68 745.44 751.84 731.68 749.76 904.24 1104.32 1104.56 1090.56 900.08 862.56 829.36 767.76 772.08 906.48 985.36 939.28 909.84 894.4 859.68 867.76 891.2 865.36 846.56 899.12 886.08 876.24 960.96 925.2 901.76
248.08 252.8 230.56 251.84 230.72 242.4 327.04 511.12 324.64 315.36 313.36 322.64 403.36 411.6 402.72 404.48 471.44 511.92 533.44 657.52 608.72 463.36 440.96 483.76 526.48 605.2 664.64 820.16 912.48 905.36 907.68 971.68 917.68 823.28 769.52 727.12 711.28 736.72 769.36 791.2 922 1018.08 993.92 914.32 924.32 871.52 744.64 741.44 772.4 875.76 1022.24 928.08 922.8 884.32 859.84 869.44 835.68 801.28 830.8 822.4 834.4 887.2 934.64 955.76 911.12
225.92 254.8 238.56 226.88 232 251.2 390.64 442.56 294.16 311.84 315.76 367.44 455.12 428.96 431.76 454.96 524.32 544.72 660 702.56 558.88 492.08 542.56 536.24 594.16 749.04 879.44 936.4 844.88 830.96 891.76 902.32 870.56 775.52 734.96 716.72 764.96 758.32 806.72 877.28 965.52 926.24 875.6 854.96 829.44 745.2 700.88 709.04 758.24 882.24 813.68 891.28 884.96 856.48 868.08 829.36 799.84 795.44 811.12 837.44 887.52 937.84 953.76 970 941.04
224.24 226.56 214.56 210.08 226 287.44 330.4 332.8 283.76 304.72 306.88 350.32 406.56 424.4 488.56 569.76 572.32 713.36 750.08 562.16 435.2 648.64 668.8 620.16 706.08 849.92 843.52 786.08 806 883.92 974.8 845.2 770.24 710.56 727.28 746.88 780.32 810.08 838.8 935.36 1001.52 1010.24 855.84 811.12 755.28 725.76 675.36 769.44 834.88 721.76 702.48 772 838.16 907.04 892.16 863.84 792.08 830.4 862.56 878.32 907.28 898.4 971.28 995.28 969.68
163.84 190 186.72 208.24 250.64 372.32 300.64 261.28 275.68 316.24 314.64 330.08 429.44 395.2 619.76 611.52 663.52 677.52 560.16 380.88 632.72 781.76 745.44 853.6 884.64 838.32 754.08 767.36 856.32 861.28 770.4 693.68 690.08 743.28 766.72 755.36 800.88 931.44 1009.6 970 936.56 847.84 798.72 770.48 742.08 735.76 689.92 665.84 619.52 639.36 676.16 752 815.52 828.64 846.64 932.16 811.12 802.56 841.6 835.44 899.84 863.68 956.96 946.72 925.76
146 172.16 206.48 252.4 334.8 358.32 245.68 271.04 300.32 347.12 314.08 324.32 292.56 485.12 551.12 485.44 531.2 530 325.12 372.72 507.52 632.24 768.24 846.16 790.08 821.76 889.2 850.48 827.52 742.72 672.48 701.76 740.48 742.56 808.88 899.44 998.72 976.32 946.48 890.96 869.28 827.28 829.28 684.88 683.04 693.12 614.72 564.08 565.04 601.92 682.72 789.52 822.48 808.16 838.32 843.28 785.28 861.84 810.32 845.76 910.16 844.72 920.24 945.68 924.16
161.52 182.72 221.12 245.04 245.36 231.76 248.24 268.64 298.88 309.76 296.16 319.84 297.12 325.68 336.56 525.36 368.32 373.12 349.12 479.92 553.52 651.28 803.92 801.6 758.88 812.08 776.32 765.12 694.88 611.12 655.36 720.24 730.48 772.48 834.4 910.8 936.88 899.52 912.24 940.24 886.32 725.52 697.84 646.08 651.52 597.84 565.92 549.36 586 599.52 683.12 790.32 771.84 848.16 859.6 809.12 772.24 803.84 861.36 839.92 835.04 765.04 864.48 874.64 934.24
160.24 159.44 186.96 193.04 211.12 216.96 234.8 264.48 313.44 288.08 288.4 273.28 335.04 312 287.6 303.28 287.68 391.6 348.32 469.44 610.72 681.28 771.68 756.32 775.44 703.68 700.16 649.12 583.28 645.68 702.48 720.48 763.6 843.6 890 886.16 889.68 896.8 920.88 975.76 773.36 654.08 633.76 586.8 567.36 549.76 539.12 554.64 580.96 614.4 651.92 732.32 755.36 775.28 837.52 808.08 776.88 856.24 965.12 883.44 681.44 746.8 831.84 830.96 763.92
124.32 141.68 171.6 173.68 196.96 194.56 230.48 233.76 280.16 258.72 285.6 288.24 359.6 340.24 263.12 288.56 443.68 522 514.4 593.84 692.32 718.08 749.52 740.96 701.04 644.16 630 595.2 614.88 692.4 716.16 760.24 797.6 857.04 868.56 905.52 940.24 1000.88 921.44 750.88 651.36 612.8 630 580.16 538.4 529.52 523.12 568.8 593.52 644.4 648.64 696.96 794.24 786.88 827.76 763.2 809.36 873.12 1008.16 654.32 636.88 677.2 735.44 691.68 696.48
122.56 145.2 157.36 169.68 174.8 166 244.96 280.48 259.04 240.64 271.68 334.88 375.76 273.04 287.76 316.4 370.56 440.16 523.28 597.92 676.8 706.48 721.28 746 729.84 584.56 508 570.96 654.16 708.8 755.68 833.36 822.88 839.28 862.88 889.04 897.6 858.72 791.04 586 515.44 519.44 555.04 570.08 524.08 500 500 531.52 611.68 611.12 615.6 676 719.68 756.48 722.24 775.92 837.92 857.92 823.92 633.36 629.44 647.28 653.04 656.4 767.36
128 144.8 142.4 145.92 130.32 181.92 262.4 267.04 258 266.56 308.56 277.76 311.36 256.16 303.12 340.96 352.8 486.4 569.28 686.32 721.76 728.56 729.68 658.4 618.56 459.52 429.92 605.44 646.56 738 836.16 852.88 764.56 794.4 793.36 774.48 895.04 599.52 524.24 473.44 472.24 565.44 586.88 521.52 490.16 475.12 660.72 543.68 616 637.6 610 684.32 707.68 745.68 750.88 793.44 839.2 870.88 648.24 588.8 602.16 661.2 670.16 633.12 769.04
118.08 132.88 134.24 119.52 128.32 174.16 211.76 219.76 267.36 282.24 297.92 572.08 314.32 267.84 308.32 364.96 349.44 388.08 443.28 558.4 619.36 681.2 628.08 539.68 469.36 418.8 448.96 527.36 654 680.56 754.24 841.6 835.76 797.92 819.92 721.52 644.16 450.88 431.2 539.44 602.48 536.48 533.68 485.44 543.28 569.12 612.56 611.12 631.76 599.76 609.92 702.4 715.52 727.04 770.08 825.2 811.2 669.6 585.12 610.56 599.36 611.6 590 631.04 675.2
93.76 119.28 106.96 117.92 142.08 153.92 178.4 200.16 252.72 247.36 245.76 318.8 251.84 304.48 343.12 390.4 391.68 372.8 379.12 409.12 462.8 425.52 519.04 440 493.28 382.64 502.88 604.24 661.36 685.2 807.12 790.16 841.04 915.76 885.2 662.56 463.92 493.6 457.52 462.32 498.08 589.44 536.56 474.96 552.24 551.84 616.64 564.56 552.08 566.32 629.36 676.8 709.36 718 768.08 786.16 673.04 597.52 582.16 580.96 657.12 592.32 586.88 642.48 737.2
73.2 89.6 99.76 119.28 131.44 155.84 156 173.76 178.4 180.72 193.44 220.4 260 286.4 327.52 348.96 382.96 382.8 339.6 332.88 320 333.36 392 367.2 334.8 528 699.04 671.52 684.56 657.68 721.68 890.4 952.16 766.64 689.92 583.04 421.68 419.6 453.04 474.88 635.44 506.08 531.52 457.6 486.24 566.4 520.4 583.92 567.12 663.52 722.56 738.24 737.36 751.44 784.88 725.44 616.64 589.76 574.08 597.6 572.64 579.04 571.6 564.16 566.32
58.24 64.16 78.64 90.4 111.36 144 132 142.24 163.12 184.72 224.8 261.52 290.72 348.64 284.4 302.96 317.36 329.28 281.92 270.64 275.2 360.72 345.28 362.32 517.28 565.84 655.36 750.08 779.04 752.64 762.56 633.28 511.68 555.92 506.56 421.6 423.92 473.04 480.4 510.16 501.84 466.16 462.8 496.4 497.92 494 475.04 514.8 655.92 719.2 739.36 725.76 742.48 758.08 746.48 619.92 601.76 621.68 587.04 552.4 563.52 559.12 560.48 563.2 603.04
57.52 45.84 71.68 102.72 129.76 132.16 105.84 114.56 128.88 159.6 210.88 269.04 252.08 203.92 274.72 313.76 268.56 256.24 274.88 304.08 277.68 276.32 293.36 575.28 476.72 584 672.56 572.48 707.36 665.44 472.88 465.84 485.68 447.2 413.2 401.04 420.96 458.48 463.2 464.32 463.28 438.88 443.92 453.04 449.36 450.72 470.8 620.56 676.8 710.64 711.28 680.48 694.96 652.08 626.88 602.88 584.24 594.08 569.04 550.16 558.72 564.16 528.96 536.56 637.6
47.6 46 59.76 77.12 95.76 98.08 88.64 100.64 120.16 170.24 193.44 223.28 305.04 537.36 439.68 403.84 264.08 318.64 381.84 255.28 251.04 292.32 325.84 477.36 582.8 712.88 473.84 636.08 697.44 567.52 468.32 444.4 435.52 428.96 422.24 399.2 432.88 446.96 418.8 431.2 427.12 433.84 439.76 461.76 473.6 504.96 600.08 657.36 691.68 702.96 614.96 595.36 589.68 610 643.12 584.08 570 567.44 560.32 550.72 575.2 548.4 511.76 510.4 559.04
47.76 40.96 52.24 52.64 67.92 64.24 73.28 116.16 124.72 148.8 177.36 225.28 238.96 299.44 223.2 248 227.76 208.32 214.4 232.24 293.52 304.96 287.6 464.96 451.68 359.36 497.36 646.16 638.56 585.76 457.92 423.04 408.08 405.68 414.48 413.92 421.84 398.64 423.28 433.04 438.24 460.16 459.6 449.44 474 528.08 532.56 613.6 644.4 612.96 578 556.88 599.28 590.32 567.36 564 554.88 540.64 532.4 556.88 558.88 523.68 500.64 489.92 500.24
42.72 37.2 40.16 57.12 53.76 36.24 56.56 80 86.24 107.68 158.72 199.36 223.2 232.72 320.72 256.8 205.84 240.08 320.32 296.8 302.16 279.68 326.48 479.92 516.16 425.52 374.4 453.2 450 435.12 423.12 388.72 381.12 403.68 411.84 385.44 374.64 409.2 427.92 436.96 456.4 480 565.04 520.08 559.6 591.12 564 537.76 538 542.32 543.28 532.48 559.36 556.88 542.88 544.48 537.04 520.16 514.72 554.8 557.84 519.04 492.88 478.08 471.12
20 44.32 59.68 47.6 44.72 42.64 76.72 60.64 80.16 94.08 131.76 141.44 178.72 208.88 198.16 181.6 206.72 214.24 264.96 261.28 248 281.2 300.56 328.48 405.84 357.04 370.64 358.24 360.48 383.6 412.24 372.8 379.04 376.56 356.64 376.88 397.52 402.24 413.6 413.36 435.76 468.48 533.68 558.48 544.56 605.76 608.88 547.6 509.12 508.48 504.24 514.4 534.32 525.68 531.92 548.24 508.64 486.88 494.16 529.68 541.28 522 495.76 469.12 467.28
20.08 45.84 66.8 55.76 27.68 36.56 50.88 49.28 73.52 70.16 118.8 148.32 159.52 180.4 189.36 161.84 197.68 221.28 222.24 222.16 244.64 274.56 289.28 334.8 362.64 335.44 366 343.44 334.48 356.56 356.24 334.56 336.08 352.4 375.6 392.88 420.56 464.88 432.4 468.88 468.4 480.08 531.92 566.48 581.52 556.88 553.52 547.68 508.8 486.4 480.8 512.4 513.28 527.6 548.16 553.28 501.84 462.72 474.64 502.48 508.32 511.2 479.28 460.32 476.96
-2147483647 -2147483647 40.56 34.72 24.4 35.76 48.4 34.32 52.64 75.44 82.16 113.44 130.8 139.6 149.76 138.8 186.88 183.12 174.8 202 222.88 208.88 252.88 283.04 313.92 317.04 318.88 296.4 287.44 299.52 294.8 296.56 307.92 329.04 348.96 376.8 440.08 457.36 547.36 574.88 643.36 606.88 608.88 579.76 532.4 522.32 538.8 526.48 496.48 464.08 453.68 496.64 530.8 545.2 552.24 530.56 528.32 484.8 457.44 474.48 488.8 501.28 494.24 456.08 481.2
-2147483647 -2147483647 -2147483647 25.2 29.52 27.2 37.92 31.04 38.88 43.68 57.6 85.68 102.32 128.08 117.12 130.72 149.84 130.32 170.56 170.8 181.2 174.4 233.84 267.92 308.96 318.16 301.12 284.16 263.68 282.88 299.84 334.32 346.88 342.96 474.32 671.04 660.24 476.24 517.6 617.28 661.68 636.4 596 546.96 529.28 504.24 513.36 506.88 483.84 439.92 476.24 510.64 534.24 516.32 518.08 511.92 503.6 494.56 456.88 444.4 466.24 469.2 482.72 452.48 464.16
-2147483647 -2147483647 -2147483647 -2147483647 15.28 24.32 22.24 25.92 39.84 33.2 61.76 68.56 99.76 122.8 98.4 116.56 120.72 120.56 151.84 152.88 155.12 186.16 212.24 256.88 270.08 275.76 269.68 256.32 278.72 309.2 326.96 347.68 426.64 428.24 414 379.52 528.88 602.72 559.12 588.32 586.64 561.6 512.08 494.72 491.92 462.64 473.04 483.44 465.04 436.64 481.12 495.12 508.8 494 496.56 486.32 473.2 497.12 455.36 433.92 441.28 444.32 457.68 451.68 484.8
-2147483647 -2147483647 -2147483647 -2147483647 -2147483647 17.6 22.96 32.32 27.28 25.84 44 80.48 114.32 112.48 94.24 92.72 88.8 100.8 115.36 138.64 186.4 229.68 224.4 251.92 237.2 257.36 270.16 302.32 313.44 340.72 362 401.44 409.2 343.04 338.56 315.44 493.2 469.28 559.68 542.72 555.52 535.28 520.48 496.24 464.08 435.28 443.6 458 428.56 443.84 463.04 481.84 491.76 473.04 481.12 473.04 462 467.2 439.76 430 454.96 454.64 451.2 468.48 488.96
-2147483647 -2147483647 -2147483647 -2147483647 -2147483647 8.96 14.16 8.64 16.32 62.56 60.16 70.32 83.04 95.04 76.32 88.56 115.44 86.64 98.96 139.04 156.64 183.28 201.76 226.24 220.32 243.76 271.2 285.2 306.96 309.44 321.52 361.92 296.4 268.48 262.64 294.56 270.8 315.44 506.96 534.88 504.08 521.76 518.08 480.32 463.6 461.44 430.48 411.6 416 419.68 468.88 497.44 467.36 454.32 464.08 461.44 446.88 454.4 426.88 440.96 472.4 485.36 496.56 528.56 539.76
