B6_all_seraphim_analyses/Environmental_files/LASV_rasters/Elevation_MRU_0.04.asc
NCOLS 360 
NROWS 264 
XLLCORNER -17.0000652 
YLLCORNER 2.9999748 
CELLSIZE 0.04166665 
NODATA_value -2147483647 
[rows 58 to 86 of 264, columns 195 to 259 of 360]
732 691.12 686.96 753.92 793.76 784.72 781.44 758.64 702 742 740.96 749.12 759.68 741.04 735.6 696.56 696.8 712.16 742.8 774.64 773.6 765.68 751.84 770.72 775.12 769.44 736.8 719.36 732.4 742.48 711.68 702.96 690.24 681.36 668.32 666.08 657.44 649.92 685.84 706.8 684.56 657.84 679.52 708.64 707.68 685.44 672.96 643.28 654.56 676.8 664.72 650.24 632.88 617.12 604.16 604.56 633.28 667.92 680.96 709.76 690.56 659.92 678.88 694 697.52
696.72 679.84 726.48 765.6 780.24 773.84 772.8 747.68 698.72 741.04 772.48 786.24 749.12 725.92 700.32 732.88 714.88 705.84 727.12 738.08 737.52 739.92 744.56 766.16 765.44 753.84 746.24 734.56 703.84 734.8 729.52 718.16 702.4 692.88 667.84 681.6 655.04 666.56 698.8 702.4 684.72 661.6 674.24 689.68 697.76 663.12 662.88 659.28 684.96 665.36 647.04 640.72 657.92 656.24 638.8 607.44 641.92 680 689.12 703.84 716.24 677.12 726.08 718.08 747.04
684 708.56 706.16 747.92 755.68 754.48 744.88 713.44 725.12 743.52 767.52 778.56 750.56 727.6 702.56 756.4 734.64 703.36 727.76 753.84 740.96 750.8 764.96 778.08 753.44 729.68 719.84 723.92 707.68 709.12 715.84 704.16 689.92 682.32 691.28 682.08 663.76 693.84 700.64 668.72 662 682.8 678.64 697.68 704.08 681.2 673.36 669.12 686.72 668.64 661.2 678.56 690.56 665.12 639.04 613.84 651.92 703.52 698.08 710.16 697.92 684.96 705.52 735.52 764.8
716.56 715.44 722.48 768.56 765.2 747.68 699.2 726.32 744.48 758.96 779.44 794.72 762.16 727.76 697.12 757.44 729.04 701.84 751.68 765.28 748.08 746.8 760.08 781.52 756 739.6 717.76 700.64 698.08 685.12 686.72 695.92 684.88 701.36 706.24 700.96 660.96 672.96 691.04 668 683.28 705.6 689.2 690.4 716.32 708.72 685.36 686.64 681.12 679.6 670.72 682.64 695.76 655.52 629.04 611.04 666.8 685.6 680.56 673.6 710.48 712.08 698 772.48 808.56
720.08 737.6 747.12 754.4 744.08 720.8 720.32 748.08 761.84 791.28 778.48 784.56 740 712.96 699.92 745.76 699.36 726.24 743.04 753.28 770.32 766.88 778.16 789.28 752.72 731.52 728.96 731.84 727.84 717.36 729.6 704.8 700.72 667.52 662.8 661.68 668.8 679.04 669.76 698.16 685.44 714.72 705.92 689.6 710 733.44 712.56 708.48 702.48 677.76 651.6 643.92 640 624.4 669.68 611.52 636.32 661.12 656.56 696.16 680.8 695.6 713.44 782.88 796.4
745.12 745.12 745.6 706.16 730.32 722.32 747.6 749.44 765.92 785.76 770.4 711.84 727.92 727.2 751.52 748.88 715.12 731.76 747.44 765.6 765.52 782.32 797.92 778.32 755.68 739.28 755.36 740.56 757.28 707.28 698.56 704.8 667.52 677.2 698.48 691.36 716.48 701.52 672.88 708.48 691.04 707.92 721.76 708.48 707.76 713.28 682.72 686.08 695.2 688.08 662.8 643.52 648.4 655.28 660.8 633.92 620.8 687.28 696.8 666.24 681.6 674.88 680.48 700.56 756.96
757.2 766.8 765.12 721.28 778.24 762.72 764.24 776.24 773.28 765.76 780.96 723.44 713.28 783.2 755.76 739.6 702.48 733.84 754.08 770.56 784.56 782.32 789.44 801.2 769.2 775.76 736.88 707.92 727.84 690.24 665.2 668.16 698.4 687.36 699.52 720 721.36 683.36 688.56 710.72 715.28 715.68 738.24 742.56 720.56 720.4 687.52 675.92 662.8 690.4 659.76 639.04 669.04 678.32 655.36 634.32 609.84 620.48 662.64 674 685.2 671.76 659.52 663.84 712.8
751.68 746.56 746.48 722.96 775.2 800.72 785.28 786.4 772.56 713.76 724.64 724.08 730.48 765.6 764.56 744.08 712.64 744.72 733.52 755.04 763.44 770.88 787.52 789.28 784 758.16 736.08 722.48 691.04 663.36 684.32 699.92 708.24 699.52 707.6 731.92 706.4 687.52 686.08 708.64 727.44 727.6 745.04 756.8 727.84 706.88 692.64 679.6 678.96 656.4 649.36 677.76 675.28 671.76 692.64 619.84 604.08 615.76 631.68 658.48 660.72 645.44 652.48 665.6 701.6
750.48 767.12 723.68 751.04 764 779.28 765.28 765.44 729.52 716.08 799.28 762.88 757.92 775.68 759.6 748.96 714.56 745.52 742.88 758.88 767.92 781.76 783.6 753.6 761.76 762.08 737.52 713.04 702.88 674.4 713.92 740.32 720.16 711.68 736.8 731.2 703.84 688.96 701.92 694.08 702.32 717.84 739.44 733.92 718.56 698.72 689.68 685.6 663.36 666.96 684.64 692.56 688 700.64 678.56 635.04 621.52 626.08 632.24 671.84 653.84 676.48 662.64 658.16 677.04
773.2 745.6 728.64 774.16 787.52 793.12 774.96 716.56 727.36 714.8 786.56 780.96 770.16 784.16 759.04 722.88 732.8 745.44 777.44 780.56 773.44 780.96 758.16 738.8 736.32 751.52 738.64 716.56 682.88 675.76 712.4 748.08 745.76 749.36 736.64 705.92 696.24 694.64 720.48 699.36 710.8 744.64 746.32 706.16 691.2 697.2 700.48 693.04 701.6 686.32 691.44 669.28 678.56 667.84 661.84 641.36 618.4 632.24 614.48 669.84 691.12 687.28 689.76 679.44 695.44
763.12 738.8 733.2 797.76 794.56 774.64 745.6 714.56 791.36 756.24 784.4 786.72 781.44 767.12 757.76 744.8 724 751.44 767.04 779.2 791.36 783.44 754.08 743.92 720.4 710.8 720 716.96 698 679.44 713.28 745.52 777.92 777.6 744.88 719.52 693.12 709.76 717.52 721.12 709.04 728.96 752.88 710.08 681.28 665.44 671.92 664.8 679.76 670.88 662.16 661.2 637.36 626.88 624 633.68 657.44 648.24 615.52 671.44 662.24 680.96 691.6 671.92 687.76
766 752.8 735.68 772.48 780.96 739.84 713.2 736.72 796.48 766.96 778.24 777.52 788.48 778.72 766.48 757.92 725.52 762.64 772.48 779.28 798 765.36 749.76 728.24 720.32 723.04 703.76 678.56 672.08 697.04 694.96 725.2 733.36 766.08 755.92 729.68 694.48 711.2 718 743.6 726.24 728.96 744.56 720.88 692.48 673.76 664.96 658.32 645.68 644.32 638.08 632.08 637.36 652 646.16 663.76 653.44 618.08 612.32 627.76 671.6 663.28 657.04 665.04 686.96
776.64 744.96 738.56 787.2 783.2 729.36 760.8 808.08 804.48 773.2 781.2 780.08 787.84 771.84 772.96 776.08 731.2 736.8 754.48 774.32 788.88 753.28 749.12 737.52 754.4 743.6 726.16 694.64 679.2 705.92 715.84 723.52 744.32 763.92 740.16 715.68 707.92 734.48 716.24 740.72 762 738.08 708.64 715.04 698.32 700.32 679.6 673.84 643.36 668.32 652.32 662.64 660.4 671.44 680.48 697.44 667.6 617.28 658.32 632 620.48 619.2 643.36 660.8 655.2
737.76 729.84 754.4 791.6 757.76 719.52 812.16 853.44 794.72 774.8 790.64 811.36 792.56 780.48 770.32 756.56 743.44 735.2 764.08 776.72 796 775.04 768 754.32 722.72 710.4 709.6 718.08 681.76 712.88 762.08 752.64 775.68 775.28 751.2 719.2 720.96 751.68 731.44 731.44 755.44 733.76 706.16 688.24 673.28 672.4 682.08 642.16 661.52 687.92 665.76 683.6 683.12 697.76 690.96 687.36 653.2 624.64 648.32 664.48 636.56 620.56 655.92 676.88 676.96
751.84 772.4 780.48 801.04 748.16 734.8 778.88 841.36 801.04 797.36 801.12 810.4 777.68 758.32 760.48 756.48 736.72 760.8 762.4 771.36 805.44 790 758.48 728.96 734.64 736.08 733.92 716.08 689.52 711.36 725.44 727.36 766.96 770.88 746.4 724.16 731.84 735.04 753.84 729.92 757.92 731.68 702.72 691.52 697.92 684.56 653.2 654.64 690.96 680.4 679.92 693.68 694.32 664.16 648 646.72 635.44 636.64 652.24 673.84 672 641.52 632.48 628.72 683.68
740.48 781.36 816 817.92 763.2 729.84 727.92 821.68 832.72 823.52 820.72 813.52 787.92 767.92 761.36 756.32 742.88 775.6 781.12 789.6 797.36 806.8 781.84 751.12 769.04 756.8 720.16 737.68 712.64 685.84 716.32 737.12 748.72 738.56 763.36 754.88 764.32 737.28 768.24 749.28 758.64 743.84 718.88 694.48 669.12 676.16 654.48 683.76 703.04 679.84 692.56 705.28 696.48 677.04 646.16 635.36 669.52 661.28 657.84 673.92 660.72 669.92 635.76 643.68 682.08
759.44 804.32 830.32 816 764.96 737.68 739.68 814.96 810.4 824.32 822.56 817.68 788.16 783.68 781.52 769.6 750.8 749.12 775.04 780.96 791.12 800 806.88 789.04 786 756.88 750.08 758.88 747.04 695.68 700.16 718.64 732.08 741.04 749.84 730.96 760.08 750.96 760.32 776.96 772.72 762.56 721.68 697.2 675.76 656.48 675.84 724.24 699.36 697.76 711.36 699.44 689.76 665.84 642.32 651.6 696.72 660.16 660.24 665.68 674 683.04 648.8 626.16 636.16
756.4 798.96 815.2 796 735.52 733.04 756.24 793.84 777.76 803.84 829.28 839.52 812.56 807.12 798 773.92 754.08 738.24 744.32 771.36 774.72 778.8 797.12 816.56 790.56 784.56 787.04 764.96 758.8 720.08 694 690.56 726.16 732.88 736.16 751.6 764.32 785.36 782.24 746.4 746.24 720.56 729.6 695.68 662.4 682.32 694.72 723.68 720.24 721.6 702.64 692.56 684.72 647.76 659.92 674.48 693.68 657.44 663.76 682.24 699.12 705.92 672.4 632.8 643.36
758.16 787.04 834 804.16 790.96 764.48 767.84 809.52 845.76 812.32 811.68 824.96 803.92 791.92 781.68 760.96 776.4 760.24 749.6 751.28 775.92 788.4 799.52 791.44 746.48 745.04 765.2 732.48 736.56 704 725.76 720.56 697.76 697.28 731.44 771.68 765.04 765.04 756.72 740 710.88 716.56 694.24 706.4 677.12 703.76 721.2 708 687.04 688.56 706.72 693.84 674.32 649.6 666.88 682.88 692.96 665.52 670.08 694.08 691.44 677.12 671.44 627.6 657.28
760.8 789.04 831.36 828.24 786.8 740.24 782.48 814 862.08 872.56 857.84 851.44 813.2 801.36 774.32 790.16 797.28 781.52 762 757.76 779.84 788.32 794 799.68 754.8 723.52 715.28 701.44 706.56 721.6 763.84 746.16 743.92 721.76 712 729.84 748.56 775.28 742.4 718.88 694.88 706 683.84 671.2 700.88 724.24 726.16 692.72 701.44 677.52 688.48 685.52 655.44 658.08 685.92 684.56 686.4 668.24 687.28 696.96 667.28 662.72 649.36 633.2 667.76
764.4 808.24 820.32 783.2 738.32 738.4 790.24 853.36 837.04 857.6 850.96 854.72 816.16 796.32 817.6 826.96 804.64 789.92 769.84 747.44 763.04 778 795.36 804.64 755.28 732.96 705.92 711.92 703.76 747.84 775.12 779.04 765.04 716.8 722.64 753.76 752.32 759.12 731.04 732.64 722.96 711.92 675.2 701.12 722.56 734.72 716.08 715.36 694.56 692.48 676.72 664.56 675.2 645.36 681.2 690.64 698.96 684.16 703.2 692.96 686.64 688.56 669.44 633.12 638.8
781.84 800.96 831.44 810.24 782.16 740.72 764.24 821.44 878.24 848.8 829.12 851.28 848.16 832.24 815.28 812.64 799.84 784.96 783.12 759.76 780.24 789.76 803.36 765.44 766.4 740.96 706.16 709.76 723.68 738.08 766.32 801.2 751.84 708.08 730.72 735.28 744.96 739.84 726.56 706.16 696.24 688.96 691.04 719.04 728.32 754.4 736.48 736.48 723.28 713.92 688.16 679.36 694.64 653.92 680.88 669.04 694.72 710.32 705.12 687.52 669.04 667.6 661.12 631.68 650.64
791.36 792.08 835.68 818.16 765.84 733.76 793.36 838.88 831.68 820.32 821.36 839.68 850.32 822.16 806.4 785.04 784.64 795.2 786.56 756.88 767.84 795.44 800.64 759.12 739.76 731.84 711.92 732.8 746.88 743.04 770.16 780.32 751.36 714.8 750.8 732.72 767.76 764.24 765.6 724.64 708.32 696 697.84 733.2 754.08 768.64 767.68 758.24 755.04 719.44 682 707.68 674.08 657.04 671.2 694.24 705.6 698.72 683.6 673.2 671.84 672.64 678.64 641.84 663.44
798.24 817.36 820.32 798.48 746.08 742.08 741.84 786.72 789.44 801.2 809.44 822.8 851.04 831.68 810.72 816.8 822 799.12 783.76 764 778.32 808.4 762.88 736.48 712.32 714.8 736.88 766.4 757.68 752 780.64 751.28 742.24 722.16 756.24 744.88 778 785.52 782.16 735.2 715.84 703.36 701.04 719.92 725.84 773.44 786.4 749.84 724.24 695.76 701.68 696.48 666.16 674.96 694 693.12 694 709.36 685.12 677.2 692.16 696.8 673.04 635.84 665.6
845.36 846.96 817.92 792.4 786.4 756.24 747.84 790.32 800.24 838.56 825.36 841.52 866.8 832.24 835.92 849.52 826.32 805.76 779.92 752.48 784.08 814.48 779.92 772.32 754.96 714.72 760.16 788.56 793.52 777.68 801.12 761.28 736.56 734.8 774.32 764.24 754 788.08 795.68 741.12 703.12 729.36 714.4 715.12 750.96 785.6 756.48 749.6 725.6 729.12 724.4 715.2 664.64 670.88 717.84 719.12 700 721.2 694.96 690.64 709.76 703.92 686.48 642.88 691.2
835.84 856.72 828.8 812.56 788.48 745.12 788.8 825.76 819.04 835.52 828.64 858.56 873.04 848.56 862.96 830.72 823.6 800.4 777.6 763.68 785.6 812.16 813.68 797.68 743.12 716 722.64 762.24 789.76 804.8 811.36 757.84 748.4 725.44 776 793.2 776.08 789.44 797.92 734.96 708.56 748.32 731.36 710.64 756.96 784.4 740.08 728.88 735.92 729.12 706.88 701.76 682.4 709.2 732.4 737.2 715.2 730.16 728.4 720.16 695.52 683.36 670.8 642.56 670.72
844.64 859.76 849.68 827.84 796.16 753.6 757.92 784.8 794.08 796.56 825.28 850.56 865.6 827.92 845.76 837.6 844.08 812.56 770.4 802 804.16 818.48 787.84 753.04 734.88 741.28 707.2 754.88 787.52 806.56 795.68 765.76 766.24 734.08 758.4 785.84 806.08 812.4 781.28 717.52 743.92 747.92 709.76 741.44 759.84 805.76 787.2 739.04 702 704.24 691.04 687.12 673.12 711.84 719.68 707.2 741.36 720.48 703.36 711.28 690.96 674.88 660.08 684.16 660.4
852.4 870.16 854.48 819.68 809.36 755.12 773.04 805.28 813.04 821.04 805.28 834.08 860.88 845.2 811.6 796 803.28 783.2 767.68 805.68 819.44 816.64 794.24 772.96 756.48 763.36 720.64 739.6 756.48 789.36 810.32 781.2 778.64 748.96 735.28 771.2 795.2 810.72 761.52 739.44 763.04 757.28 721.68 785.92 783.04 826.08 770.88 736.88 720.16 691.2 697.52 763.68 742.4 687.84 685.36 716 736.96 720.96 694.16 672.64 673.2 668.96 683.84 685.04 664.32
824.32 857.76 849.52 827.36 819.28 784.16 761.28 765.2 808.32 835.28 829.52 835.04 861.76 849.36 832.8 810.64 800.8 800.48 776.56 794.88 824.56 794.88 767.44 761.2 775.28 805.04 771.36 726.8 746.56 752.72 800.64 809.12 785.92 774.08 746.4 779.68 790.48 788.96 783.92 775.44 769.12 734.72 738.72 764.8 798.56 795.2 776.56 746.8 719.2 726.72 732.4 742.16 736.64 702.96 740.88 694.56 726.24 737.76 699.28 697.6 673.28 693.76 698.24 686.16 649.36
