node1,node2,length,startLat,startLon,endLat,endLon,endNodeL,startNodeL,startYear,endYear,treeID
614,616,133.763051715681,7.6516395424838,4.64974003967464,7.69301120709666,4.61797524911347,358.803239099605,225.040187383924,1766.01309668333,1899.77614839901,548500000
614,615,178.635585405685,7.6516395424838,4.64974003967464,7.82717178751831,5.08677342699994,403.67577278961,225.040187383924,1766.01309668333,1944.64868208901,548500000
615,204,71.3867548448898,7.82717178751831,5.08677342699994,7.845422,5.182916,475.062527634499,403.67577278961,1944.64868208901,2016.0354369339,548500000
615,203,74.3950713356451,7.82717178751831,5.08677342699994,7.525829,5.762072,478.070844125255,403.67577278961,1944.64868208901,2019.04375342466,548500000
616,618,66.2956928834338,7.69301120709666,4.61797524911347,7.685213088075,4.61682640831202,425.098931983039,358.803239099605,1899.77614839901,1966.07184128244,548500000
616,617,103.012396068819,7.69301120709666,4.61797524911347,7.68600467068153,4.61863773939801,461.815635168424,358.803239099605,1899.77614839901,2002.78854446783,548500000
617,206,6.02803389690723,7.68600467068153,4.61863773939801,7.68561960816702,4.61829173303735,467.843669065332,461.815635168424,2002.78854446783,2008.81657836473,548500000
617,205,6.40553015367823,7.68600467068153,4.61863773939801,7.68520459385122,4.61928731676832,468.221165322103,461.815635168424,2002.78854446783,2009.19407462151,548500000
618,207,43.1426380154691,7.685213088075,4.61682640831202,7.68395818548289,4.61435449649749,468.241569998508,425.098931983039,1966.07184128244,2009.21447929791,548500000
618,619,19.7308213822431,7.685213088075,4.61682640831202,7.68493953497986,4.61609814909411,444.829753365282,425.098931983039,1966.07184128244,1985.80266266468,548500000
619,208,23.0029179401301,7.68493953497986,4.61609814909411,7.68568904681139,4.61680177292813,467.832671305412,444.829753365282,1985.80266266468,2008.80558060482,548500000
619,209,26.3994409358843,7.68493953497986,4.61609814909411,7.67961408805638,4.61694031615839,471.229194301166,444.829753365282,1985.80266266468,2012.20210360057,548500000
620,621,56.3435957591585,6.03908108382716,7.95585461130499,6.07473512517628,7.84257615119793,304.743404640407,248.399808881248,1789.37271818065,1845.71631393981,548500000
620,630,59.9634059170395,6.03908108382716,7.95585461130499,5.96621416209498,7.86404402165883,308.363214798288,248.399808881248,1789.37271818065,1849.33612409769,548500000
621,622,102.734883954284,6.07473512517628,7.84257615119793,6.04909571061227,7.81572476522833,407.47828859469,304.743404640407,1845.71631393981,1948.45119789409,548500000
621,624,85.420215826909,6.07473512517628,7.84257615119793,5.47852830586011,7.04316768769068,390.163620467316,304.743404640407,1845.71631393981,1931.13652976672,548500000
622,210,67.6552772911752,6.04909571061227,7.81572476522833,6.0767,8.0701,475.133565885866,407.47828859469,1948.45119789409,2016.10647518527,548500000
622,623,7.56477138291457,6.04909571061227,7.81572476522833,6.04945393902062,7.82079192490197,415.043059977605,407.47828859469,1948.45119789409,1956.01596927701,548500000
623,211,62.0743594901155,6.04945393902062,7.82079192490197,6.065463,7.81309,477.11741946772,415.043059977605,1956.01596927701,2018.09032876712,548500000
623,212,33.4177799104742,6.04945393902062,7.82079192490197,6.75249904015634,6.13142219613912,448.460839888079,415.043059977605,1956.01596927701,1989.43374918748,548500000
624,625,15.226590027025,5.47852830586011,7.04316768769068,5.49257170253455,7.03970494952333,405.390210494341,390.163620467316,1931.13652976672,1946.36311979374,548500000
624,626,31.9766366125788,5.47852830586011,7.04316768769068,5.47763443985516,7.03964016595581,422.140257079894,390.163620467316,1931.13652976672,1963.1131663793,548500000
625,213,43.4492899197359,5.49257170253455,7.03970494952333,5.48317958640007,7.0353944454292,448.839500414077,405.390210494341,1946.36311979374,1989.81240971348,548500000
625,214,43.1694437784806,5.49257170253455,7.03970494952333,5.48588976258767,7.03987976263446,448.559654272821,405.390210494341,1946.36311979374,1989.53256357222,548500000
626,627,7.53585899526866,5.47763443985516,7.03964016595581,5.43886874216185,7.12776315749807,429.676116075163,422.140257079894,1963.1131663793,1970.64902537457,548500000
626,215,52.957789680288,5.47763443985516,7.03964016595581,5.48377003798974,7.03778277594673,475.098046760183,422.140257079894,1963.1131663793,2016.07095605959,548500000
627,628,18.5453893724623,5.43886874216185,7.12776315749807,4.86673320070301,7.01540265286801,448.221505447625,429.676116075163,1970.64902537457,1989.19441474703,548500000
627,216,42.4413033925573,5.43886874216185,7.12776315749807,6.452667,7.510333,472.11741946772,429.676116075163,1970.64902537457,2013.09032876712,548500000
628,629,5.91539258670042,4.86673320070301,7.01540265286801,4.82422758282132,7.03429037241907,454.136898034326,448.221505447625,1989.19441474703,1995.10980733373,548500000
628,217,24.0794756639307,4.86673320070301,7.01540265286801,4.865528,7.013852,472.300981111556,448.221505447625,1989.19441474703,2013.27389041096,548500000
629,219,20.936558561922,4.82422758282132,7.03429037241907,5.033333,7.916667,475.073456596248,454.136898034326,1995.10980733373,2016.04636589565,548500000
629,218,17.0294547367854,4.82422758282132,7.03429037241907,4.77149,7.01435,471.166352771111,454.136898034326,1995.10980733373,2012.13926207051,548500000
630,631,103.453568240301,5.96621416209498,7.86404402165883,5.96119030547566,7.86159372330083,411.816783038588,308.363214798288,1849.33612409769,1952.78969233799,548500000
630,642,43.0913097642871,5.96621416209498,7.86404402165883,6.1921413630994,6.72264023356196,351.454524562575,308.363214798288,1849.33612409769,1892.42743386198,548500000
631,632,12.2540933332896,5.96119030547566,7.86159372330083,6.32954235322851,8.10789216659864,424.070876371878,411.816783038588,1952.78969233799,1965.04378567128,548500000
631,220,65.2431021825567,5.96119030547566,7.86159372330083,5.967,7.867,477.059885221145,411.816783038588,1952.78969233799,2018.03279452055,548500000
632,221,53.0218855615959,6.32954235322851,8.10789216659864,6.556183,8.303293,477.092761933474,424.070876371878,1965.04378567128,2018.06567123288,548500000
632,633,17.3326049945102,6.32954235322851,8.10789216659864,6.32994217195434,8.10787012622844,441.403481366388,424.070876371878,1965.04378567128,1982.37639066579,548500000
633,222,35.7385956355788,6.32994217195434,8.10787012622844,6.3284501307556,8.10082041562745,477.142077001967,441.403481366388,1982.37639066579,2018.11498630137,548500000
633,634,11.9812009943609,6.32994217195434,8.10787012622844,6.32583439020489,8.10187765943447,453.384682360749,441.403481366388,1982.37639066579,1994.35759166015,548500000
634,637,0.809133829421324,6.32583439020489,8.10187765943447,6.3276892410787,8.10165524095299,454.19381619017,453.384682360749,1994.35759166015,1995.16672548957,548500000
634,635,6.19462937104583,6.32583439020489,8.10187765943447,6.32522822075851,8.10133419413165,459.579311731795,453.384682360749,1994.35759166015,2000.5522210312,548500000
635,223,17.5381077359256,6.32522822075851,8.10133419413165,6.3298218976127,8.09698200080471,477.11741946772,459.579311731795,2000.5522210312,2018.09032876712,548500000
635,636,5.66491638758885,6.32522822075851,8.10133419413165,6.3293986658218,8.09550457362702,465.244228119384,459.579311731795,2000.5522210312,2006.21713741879,548500000
636,224,6.79339296479533,6.3293986658218,8.09550457362702,9.8,8.866667,472.037621084179,465.244228119384,2006.21713741879,2013.01053038358,548500000
636,225,8.14716395107639,6.3293986658218,8.09550457362702,6.3354459562343,8.10481758859521,473.39139207046,465.244228119384,2006.21713741879,2014.36430136986,548500000
637,638,0.737795120291896,6.3276892410787,8.10165524095299,6.32868717415776,8.10315157469738,454.931611310462,454.19381619017,1995.16672548957,1995.90452060987,548500000
637,639,3.93578132206378,6.3276892410787,8.10165524095299,6.32662438617196,8.10491160445837,458.129597512234,454.19381619017,1995.16672548957,1999.10250681164,548500000
638,227,22.1556711709569,6.32868717415776,8.10315157469738,6.032415,7.850118,477.087282481419,454.931611310462,1995.90452060987,2018.06019178082,548500000
638,226,17.1611506230116,6.32868717415776,8.10315157469738,6.33451953791785,8.10078624684006,472.092761933474,454.931611310462,1995.90452060987,2013.06567123288,548500000
639,640,8.64478982995646,6.32662438617196,8.10491160445837,6.33442838916185,8.10784322436388,466.774387342191,458.129597512234,1999.10250681164,2007.74729664159,548500000
639,228,18.9987808595958,6.32662438617196,8.10491160445837,6.1878,8.1189,477.12837837183,458.129597512234,1999.10250681164,2018.10128767123,548500000
640,641,2.82829957128295,6.33442838916185,8.10784322436388,6.33150146371305,8.10890737381746,469.602686913474,466.774387342191,2007.74729664159,2010.57559621288,548500000
640,231,10.3759088378586,6.33442838916185,8.10784322436388,6.128725,8.00679,477.150296180049,466.774387342191,2007.74729664159,2018.12320547945,548500000
641,229,7.52569145835638,6.33150146371305,8.10890737381746,6.33051714067075,8.09607123069906,477.12837837183,469.602686913474,2010.57559621288,2018.10128767123,548500000
641,230,7.5037736501373,6.33150146371305,8.10890737381746,6.340038,8.129261,477.106460563611,469.602686913474,2010.57559621288,2018.07936986301,548500000
642,650,40.5130690929677,6.1921413630994,6.72264023356196,6.19554556075682,6.72145809987695,391.967593655542,351.454524562575,1892.42743386198,1932.94050295495,548500000
642,643,53.4998890151927,6.1921413630994,6.72264023356196,6.18075608814748,6.67977556538908,404.954413577767,351.454524562575,1892.42743386198,1945.92732287717,548500000
643,645,5.81935018145244,6.18075608814748,6.67977556538908,8.89168992378895,11.3540928061332,410.77376375922,404.954413577767,1945.92732287717,1951.74667305862,548500000
643,644,27.5389248569908,6.18075608814748,6.67977556538908,6.16573691601397,6.79184579626836,432.493338434758,404.954413577767,1945.92732287717,1973.46624773416,548500000
644,232,1.33878825837852,6.16573691601397,6.79184579626836,6.16240506319545,6.78209633221215,433.832126693137,432.493338434758,1973.46624773416,1974.80503599254,548500000
644,233,0.670600973421422,6.16573691601397,6.79184579626836,6.16979267550837,6.7869113735307,433.16393940818,432.493338434758,1973.46624773416,1974.13684870758,548500000
645,646,25.6452978762356,8.89168992378895,11.3540928061332,8.89781234106018,11.3590863132863,436.419061635456,410.77376375922,1951.74667305862,1977.39197093486,548500000
645,649,36.1130648808307,8.89168992378895,11.3540928061332,8.89440410928469,11.3511601314062,446.886828640051,410.77376375922,1951.74667305862,1987.85973793945,548500000
646,647,14.719961210834,8.89781234106018,11.3590863132863,8.89691805182439,11.3613152201813,451.13902284629,436.419061635456,1977.39197093486,1992.11193214569,548500000
646,648,30.3197470740725,8.89781234106018,11.3590863132863,8.89476163795861,11.3559839331987,466.738808709528,436.419061635456,1977.39197093486,2007.71171800893,548500000
647,234,25.9811363474583,8.89691805182439,11.3613152201813,8.89718034941841,11.362046360053,477.120159193748,451.13902284629,1992.11193214569,2018.09306849315,548500000
647,235,19.9918107991387,8.89691805182439,11.3613152201813,8.89078607149554,11.3564531408427,471.130833645428,451.13902284629,1992.11193214569,2012.10374294483,548500000
648,237,7.43888473079524,8.89476163795861,11.3559839331987,8.89795499794569,11.3569747458281,474.177693440323,466.738808709528,2007.71171800893,2015.15060273973,548500000
648,236,5.46354226504168,8.89476163795861,11.3559839331987,8.89625004817469,11.3532102786291,472.20235097457,466.738808709528,2007.71171800893,2013.17526027397,548500000
649,238,28.1511088305144,8.89440410928469,11.3511601314062,7.251211,9.976395,475.037937470565,446.886828640051,1987.85973793945,2016.01084676997,548500000
649,239,24.2494694862521,8.89440410928469,11.3511601314062,8.89670257375037,11.3593555968192,471.136298126303,446.886828640051,1987.85973793945,2012.10920742571,548500000
650,819,53.2121523373984,6.19554556075682,6.72145809987695,6.1938677486959,6.72322877045659,445.179745992941,391.967593655542,1932.94050295495,1986.15265529234,548500000
650,651,11.40395884227,6.19554556075682,6.72145809987695,6.65924024059461,6.38812217921965,403.371552497813,391.967593655542,1932.94050295495,1944.34446179722,548500000
651,816,37.6777565257969,6.65924024059461,6.38812217921965,6.65717146463165,6.38399946366385,441.049309023609,403.371552497813,1944.34446179722,1982.02221832301,548500000
651,652,10.7312657015923,6.65924024059461,6.38812217921965,6.67631276795908,6.3987431797375,414.102818199405,403.371552497813,1944.34446179722,1955.07572749881,548500000
652,653,11.0004712896649,6.67631276795908,6.3987431797375,6.70891403253142,6.33993639883246,425.10328948907,414.102818199405,1955.07572749881,1966.07619878847,548500000
652,803,7.78769302948644,6.67631276795908,6.3987431797375,6.66745067820015,6.38193978390839,421.890511228891,414.102818199405,1955.07572749881,1962.86342052829,548500000
653,789,12.3962188179151,6.70891403253142,6.33993639883246,6.7067162902028,6.32738482614834,437.499508306985,425.10328948907,1966.07619878847,1978.47241760639,548500000
653,654,1.83983362764774,6.70891403253142,6.33993639883246,7.05933554006625,6.26475472804239,426.943123116717,425.10328948907,1966.07619878847,1967.91603241612,548500000
654,656,3.49286717873075,7.05933554006625,6.26475472804239,7.06030827460946,6.26835032593458,430.435990295448,426.943123116717,1967.91603241612,1971.40889959485,548500000
654,655,15.4537405243128,7.05933554006625,6.26475472804239,7.05901213969457,6.26457917889652,442.39686364103,426.943123116717,1967.91603241612,1983.36977294043,548500000
655,241,34.7397339088819,7.05901213969457,6.26457917889652,7.06180221539114,6.2674934241524,477.136597549912,442.39686364103,1983.36977294043,2018.10950684932,548500000
655,240,34.7506928129916,7.05901213969457,6.26457917889652,6.947775,5.91429,477.147556454022,442.39686364103,1983.36977294043,2018.12046575342,548500000
656,657,32.7078646515884,7.06030827460946,6.26835032593458,7.11381076638242,6.74601186573384,463.143854947037,430.435990295448,1971.40889959485,2004.11676424644,548500000
656,659,2.7115960539267,7.06030827460946,6.26835032593458,7.06085706465564,6.26805241582232,433.147586349375,430.435990295448,1971.40889959485,1974.12049564878,548500000
657,658,4.53919413935998,7.11381076638242,6.74601186573384,7.10604741120429,6.7441721278017,467.683049086397,463.143854947037,2004.11676424644,2008.6559583858,548500000
657,244,12.0197655836376,7.11381076638242,6.74601186573384,7.10957464445329,6.74635713912573,475.163620530674,463.143854947037,2004.11676424644,2016.13652983008,548500000
658,243,9.38779503885812,7.10604741120429,6.7441721278017,7.80207,6.74365,477.070844125255,467.683049086397,2008.6559583858,2018.04375342466,548500000
658,242,9.48916490187171,7.10604741120429,6.7441721278017,7.11314901596355,6.74265370262604,477.172213988268,467.683049086397,2008.6559583858,2018.14512328767,548500000
659,660,8.89459033215069,7.06085706465564,6.26805241582232,7.06267893955285,6.26922851169355,442.042176681526,433.147586349375,1974.12049564878,1983.01508598093,548500000
659,703,0.392306388003888,7.06085706465564,6.26805241582232,7.06122974232543,6.26831577452887,433.539892737379,433.147586349375,1974.12049564878,1974.51280203678,548500000
660,661,9.36887842176337,7.06267893955285,6.26922851169355,6.92730206069692,5.77812232914179,451.411055103289,442.042176681526,1983.01508598093,1992.38396440269,548500000
660,245,36.0040099094825,7.06267893955285,6.26922851169355,7.06871343712549,6.26454772356534,478.046186591008,442.042176681526,1983.01508598093,2019.01909589041,548500000
661,701,0.74712282543701,6.92730206069692,5.77812232914179,6.92801778356811,5.77781535988985,452.158177928726,451.411055103289,1992.38396440269,1993.13108722813,548500000
661,662,1.37902996697968,6.92730206069692,5.77812232914179,6.92689136206733,5.77808265874986,452.790085070269,451.411055103289,1992.38396440269,1993.76299436967,548500000
662,665,3.21787950492129,6.92689136206733,5.77808265874986,7.19783061737933,5.58713008065816,456.00796457519,452.790085070269,1993.76299436967,1996.98087387459,548500000
662,663,4.54673087674743,6.92689136206733,5.77808265874986,6.93023421464674,5.77027264483737,457.336815947016,452.790085070269,1993.76299436967,1998.30972524642,548500000
663,664,10.4357873728154,6.93023421464674,5.77027264483737,6.92756590774354,5.77345112156851,467.772603319831,457.336815947016,1998.30972524642,2008.74551261923,548500000
663,246,19.8025213289235,6.93023421464674,5.77027264483737,6.93116702113414,5.77073406384608,477.13933727594,457.336815947016,1998.30972524642,2018.11224657534,548500000
664,248,5.85988464103972,6.92756590774354,5.77345112156851,6.92636571152607,5.77629964561078,473.632487960871,467.772603319831,2008.74551261923,2014.60539726027,548500000
664,247,6.3968709424095,6.92756590774354,5.77345112156851,6.92283371898302,5.77734481992318,474.169474262241,467.772603319831,2008.74551261923,2015.14238356164,548500000
665,684,4.61273496636508,7.19783061737933,5.58713008065816,7.19815704699451,5.58774673041512,460.620699541555,456.00796457519,1996.98087387459,2001.59360884096,548500000
665,666,8.22842708377389,7.19783061737933,5.58713008065816,7.19759652897843,5.58462096470664,464.236391658964,456.00796457519,1996.98087387459,2005.20930095837,548500000
666,667,0.749118509199398,7.19759652897843,5.58462096470664,7.19783463837027,5.58432850998177,464.985510168163,464.236391658964,2005.20930095837,2005.95841946757,548500000
666,267,12.9139045210854,7.19759652897843,5.58462096470664,7.20164417536143,5.58480655806727,477.150296180049,464.236391658964,2005.20930095837,2018.12320547945,548500000
667,668,3.69754863931393,7.19783463837027,5.58432850998177,7.19320085829023,5.59111807226285,468.683058807477,464.985510168163,2005.95841946757,2009.65596810688,548500000
667,669,1.45667247711125,7.19783463837027,5.58432850998177,7.20019174212264,5.58620531111354,466.442182645274,464.985510168163,2005.95841946757,2007.41509194468,548500000
668,250,8.43984011229805,7.19320085829023,5.59111807226285,7.19451459659427,5.59139598100506,477.122898919775,468.683058807477,2009.65596810688,2018.09580821918,548500000
668,249,8.45079901640771,7.19320085829023,5.59111807226285,7.19334157300292,5.58924931017623,477.133857823885,468.683058807477,2009.65596810688,2018.10676712329,548500000
669,670,0.841733187827099,7.20019174212264,5.58620531111354,7.20323122527729,5.58535183809605,467.283915833102,466.442182645274,2007.41509194468,2008.2568251325,548500000
669,681,0.526013643502612,7.20019174212264,5.58620531111354,7.1976354492439,5.5874830632802,466.968196288777,466.442182645274,2007.41509194468,2007.94110558818,548500000
670,671,2.43538716947564,7.20323122527729,5.58535183809605,7.19876984456513,5.58211761874102,469.719303002577,467.283915833102,2008.2568251325,2010.69221230198,548500000
670,251,10.8581611688654,7.20323122527729,5.58535183809605,7.20222727716589,5.58477259027567,478.142077001967,467.283915833102,2008.2568251325,2019.11498630137,548500000
671,252,7.4090753692527,7.19876984456513,5.58211761874102,7.20220094513337,5.58303718064176,477.12837837183,469.719303002577,2010.69221230198,2018.10128767123,548500000
671,672,0.258455213818772,7.19876984456513,5.58211761874102,7.19854843997448,5.58028477074911,469.977758216396,469.719303002577,2010.69221230198,2010.9506675158,548500000
672,673,0.724659459245857,7.19854843997448,5.58028477074911,7.1968040088956,5.58103890296394,470.702417675642,469.977758216396,2010.9506675158,2011.67532697504,548500000
672,679,1.68047682201053,7.19854843997448,5.58028477074911,7.19971582524823,5.58162276890191,471.658235038407,469.977758216396,2010.9506675158,2012.63114433781,548500000
673,674,0.0458713952049825,7.1968040088956,5.58103890296394,7.19714571958241,5.58074240865232,470.748289070847,470.702417675642,2011.67532697504,2011.72119837025,548500000
673,259,6.44787850440739,7.1968040088956,5.58103890296394,7.62692,5.21561,477.150296180049,470.702417675642,2011.67532697504,2018.12320547945,548500000
674,675,1.12429362218543,7.19714571958241,5.58074240865232,7.1968539128359,5.58613461597071,471.872582693032,470.748289070847,2011.72119837025,2012.84549199244,548500000
674,258,7.33899341057227,7.19714571958241,5.58074240865232,7.19702057075159,5.58256240153155,478.087282481419,470.748289070847,2011.72119837025,2019.06019178082,548500000
675,676,1.05153311115837,7.1968539128359,5.58613461597071,7.19657794030724,5.586217789537,472.924115804191,471.872582693032,2012.84549199244,2013.89702510359,548500000
675,253,5.27771348701698,7.1968539128359,5.58613461597071,7.19685973839732,5.58975384037659,477.150296180049,471.872582693032,2012.84549199244,2018.12320547945,548500000
676,254,5.16590640325583,7.19657794030724,5.586217789537,7.19644196881451,5.58767022737632,478.090022207446,472.924115804191,2013.89702510359,2019.06293150685,548500000
676,677,0.490817506566566,7.19657794030724,5.586217789537,7.19676955011052,5.5869255040085,473.414933310757,472.924115804191,2013.89702510359,2014.38784261016,548500000
677,255,1.31892451312757,7.19676955011052,5.5869255040085,7.1989188153774,5.58424431462821,474.733857823885,473.414933310757,2014.38784261016,2015.70676712329,548500000
677,678,0.342135353436866,7.19676955011052,5.5869255040085,7.19285722575912,5.58557964485309,473.757068664194,473.414933310757,2014.38784261016,2014.7299779636,548500000
678,256,3.31377546106067,7.19285722575912,5.58557964485309,7.19256559776366,5.58540255975335,477.070844125255,473.757068664194,2014.7299779636,2018.04375342466,548500000
678,257,4.36583025558114,7.19285722575912,5.58557964485309,7.19602461972908,5.5878681247014,478.122898919775,473.757068664194,2014.7299779636,2019.09580821918,548500000
679,680,1.31563436340409,7.19971582524823,5.58162276890191,7.20001270933969,5.58181478099561,472.973869401811,471.658235038407,2012.63114433781,2013.94677870121,548500000
679,260,6.52767757999881,7.19971582524823,5.58162276890191,7.20056451410134,5.58200793662373,478.185912618405,471.658235038407,2012.63114433781,2019.15882191781,548500000
680,262,5.12985143577286,7.20001270933969,5.58181478099561,7.1958719756085,5.58884027227673,478.103720837583,472.973869401811,2013.94677870121,2019.07663013699,548500000
680,261,5.22848157275909,7.20001270933969,5.58181478099561,7.20136723351589,5.58789402934301,478.20235097457,472.973869401811,2013.94677870121,2019.17526027397,548500000
681,266,10.0752505762036,7.1976354492439,5.5874830632802,7.19603469704397,5.58767113113469,477.043446864981,466.968196288777,2007.94110558818,2018.01635616438,548500000
681,682,5.9772174549562,7.1976354492439,5.5874830632802,7.20041865880936,5.58256853832658,472.945413743733,466.968196288777,2007.94110558818,2013.91832304314,548500000
682,263,4.11173175138443,7.20041865880936,5.58256853832658,7.20156820850631,5.58159522677569,477.057145495118,472.945413743733,2013.91832304314,2018.03005479452,548500000
682,683,0.886027526012363,7.20041865880936,5.58256853832658,7.19410404875806,5.58477509354549,473.831441269746,472.945413743733,2013.91832304314,2014.80435056915,548500000
683,265,4.24214258153644,7.19410404875806,5.58477509354549,7.20155439598344,5.58949001380366,478.073583851282,473.831441269746,2014.80435056915,2019.04649315069,548500000
683,264,3.30241655413921,7.19410404875806,5.58477509354549,7.19380193763916,5.5850346713394,477.133857823885,473.831441269746,2014.80435056915,2018.10676712329,548500000
684,685,0.747799619029298,7.19815704699451,5.58774673041512,7.19766870418214,5.58765060037702,461.368499160584,460.620699541555,2001.59360884096,2002.34140845999,548500000
684,695,0.634895164995129,7.19815704699451,5.58774673041512,7.20254845563168,5.58531641710304,461.25559470655,460.620699541555,2001.59360884096,2002.22850400595,548500000
685,686,2.19112476000996,7.19766870418214,5.58765060037702,7.19877799490335,5.58637138578609,463.559623920594,461.368499160584,2002.34140845999,2004.53253322,548500000
685,693,2.31057556927543,7.19766870418214,5.58765060037702,7.19708879827946,5.58768159750208,463.67907472986,461.368499160584,2002.34140845999,2004.65198402926,548500000
686,687,1.36542632218787,7.19877799490335,5.58637138578609,6.73264685205758,5.40053415399665,464.925050242782,463.559623920594,2004.53253322,2005.89795954219,548500000
686,688,2.66952530681099,7.19877799490335,5.58637138578609,7.19899980503352,5.58868099109069,466.229149227405,463.559623920594,2004.53253322,2007.20205852681,548500000
687,269,13.2499034715135,6.73264685205758,5.40053415399665,7.08483034273667,4.79443845878762,478.174953714296,464.925050242782,2005.89795954219,2019.1478630137,548500000
687,268,13.1512733345273,6.73264685205758,5.40053415399665,6.733367,5.401827,478.076323577309,464.925050242782,2005.89795954219,2019.04923287671,548500000
688,692,0.644210638832266,7.19899980503352,5.58868099109069,7.19820478111729,5.58905338901053,466.873359866237,466.229149227405,2007.20205852681,2007.84626916564,548500000
688,689,1.75951760913316,7.19899980503352,5.58868099109069,7.19954250624094,5.5894442185038,467.988666836538,466.229149227405,2007.20205852681,2008.96157613594,548500000
689,691,1.55627875362606,7.19954250624094,5.5894442185038,7.20187633497341,5.59062567521594,469.544945590164,467.988666836538,2008.96157613594,2010.51785488957,548500000
689,690,0.658894075308078,7.19954250624094,5.5894442185038,7.19958466557663,5.58933480214275,468.647560911846,467.988666836538,2008.96157613594,2009.62047021125,548500000
690,270,8.41780376135331,7.19958466557663,5.58933480214275,7.20072327919715,5.59047101616728,477.0653646732,468.647560911846,2009.62047021125,2018.0382739726,548500000
690,271,7.42876266546296,7.19958466557663,5.58933480214275,7.19600945977269,5.58519451000692,476.076323577309,468.647560911846,2009.62047021125,2017.04923287671,548500000
691,273,7.59713141180247,7.20187633497341,5.59062567521594,7.19338388725402,5.58307196333667,477.142077001967,469.544945590164,2010.51785488957,2018.11498630137,548500000
691,272,8.54781634330936,7.20187633497341,5.59062567521594,7.20018820250094,5.59043195987282,478.092761933474,469.544945590164,2010.51785488957,2019.06567123288,548500000
692,275,8.31758306880843,7.19820478111729,5.58905338901053,7.20061850948016,5.59007134304944,475.190942935046,466.873359866237,2007.84626916564,2016.16385223445,548500000
692,274,10.271456861757,7.19820478111729,5.58905338901053,7.19844224386605,5.58469141660606,477.144816727995,466.873359866237,2007.84626916564,2018.1177260274,548500000
693,278,14.4164269296414,7.19708879827946,5.58768159750208,7.19711522434991,5.58714871710854,478.095501659501,463.67907472986,2004.65198402926,2019.0684109589,548500000
693,694,1.71119422257668,7.19708879827946,5.58768159750208,7.1984451205453,5.58832389073405,465.390268952436,463.67907472986,2004.65198402926,2006.36317825184,548500000
694,277,12.7079724330923,7.1984451205453,5.58832389073405,6.33325346936822,5.62239897834786,478.098241385529,465.390268952436,2006.36317825184,2019.07115068493,548500000
694,276,12.6339998303526,7.1984451205453,5.58832389073405,7.19722465755738,5.58867816651893,478.024268782789,465.390268952436,2006.36317825184,2018.99717808219,548500000
695,279,15.8179891447319,7.20254845563168,5.58531641710304,8.84538,7.87839,477.073583851282,461.25559470655,2002.22850400595,2018.04649315069,548500000
695,696,0.186373375042784,7.20254845563168,5.58531641710304,7.19542338593479,5.58989813039855,461.441968081593,461.25559470655,2002.22850400595,2002.414877381,548500000
696,700,4.66024200457343,7.19542338593479,5.58989813039855,7.19292613517714,5.58860157520717,466.102210086166,461.441968081593,2002.414877381,2007.07511938557,548500000
696,697,2.58426574141978,7.19542338593479,5.58989813039855,7.19697044270855,5.58604077137369,464.026233823013,461.441968081593,2002.414877381,2004.99914312242,548500000
697,698,9.59139277255549,7.19697044270855,5.58604077137369,7.19644124085792,5.58487043099584,473.617626595568,464.026233823013,2004.99914312242,2014.59053589497,548500000
697,283,12.3213226310092,7.19697044270855,5.58604077137369,7.19382130116706,5.58668101165025,476.347556454022,464.026233823013,2004.99914312242,2017.32046575342,548500000
698,282,3.52719013242633,7.19644124085792,5.58487043099584,7.19777251038761,5.584369880999,477.144816727995,473.617626595568,2014.59053589497,2018.1177260274,548500000
698,699,2.01955059055999,7.19644124085792,5.58487043099584,7.21098117261751,5.38404075930891,475.637177186128,473.617626595568,2014.59053589497,2016.61008648553,548500000
699,281,2.55147515830451,7.21098117261751,5.38404075930891,7.839884,5.857344,478.188652344433,475.637177186128,2016.61008648553,2019.16156164384,548500000
699,280,2.41996830898954,7.21098117261751,5.38404075930891,7.202272,5.381605,478.057145495118,475.637177186128,2016.61008648553,2019.03005479452,548500000
700,284,11.9823326692254,7.19292613517714,5.58860157520717,7.19616876137863,5.58862842436787,478.084542755392,466.102210086166,2007.07511938557,2019.05745205479,548500000
700,285,11.0179491075815,7.19292613517714,5.58860157520717,7.19327078368727,5.58878646035224,477.120159193748,466.102210086166,2007.07511938557,2018.09306849315,548500000
701,286,25.8907483883094,6.92801778356811,5.77781535988985,7.457113,5.799837,478.048926317035,452.158177928726,1993.13108722813,2019.02183561644,548500000
701,702,2.70728901165615,6.92801778356811,5.77781535988985,6.92384886855223,5.77580842419361,454.865466940382,452.158177928726,1993.13108722813,1995.83837623979,548500000
702,288,20.0081169108999,6.92384886855223,5.77580842419361,6.92401180105669,5.77620599448396,474.873583851282,454.865466940382,1995.83837623979,2015.84649315069,548500000
702,287,22.3204456780232,6.92384886855223,5.77580842419361,6.8463708444716,5.59806097052904,477.185912618405,454.865466940382,1995.83837623979,2018.15882191781,548500000
703,289,44.6104034426704,7.06122974232543,6.26831577452887,7.06235031202206,6.26667830250209,478.150296180049,433.539892737379,1974.51280203678,2019.12320547945,548500000
703,704,1.01697874304921,7.06122974232543,6.26831577452887,6.75009695950694,6.13510667075098,434.556871480428,433.539892737379,1974.51280203678,1975.52978077983,548500000
704,705,1.27929130056985,6.75009695950694,6.13510667075098,6.74924906141789,6.13469954331793,435.836162780998,434.556871480428,1975.52978077983,1976.8090720804,548500000
704,751,0.630898789535316,6.75009695950694,6.13510667075098,6.74836793157678,6.13604155667558,435.187770269963,434.556871480428,1975.52978077983,1976.16067956937,548500000
705,706,9.11587079652328,6.74924906141789,6.13469954331793,6.75022268085237,6.13438718285671,444.952033577521,435.836162780998,1976.8090720804,1985.92494287692,548500000
705,708,1.68950066199871,6.74924906141789,6.13469954331793,6.751148243574,6.13189464525855,437.525663442997,435.836162780998,1976.8090720804,1978.4985727424,548500000
706,292,26.8782536198199,6.75022268085237,6.13438718285671,6.75407457333167,6.13695069634527,471.830287197341,444.952033577521,1985.92494287692,2012.80319649674,548500000
706,707,0.404430409455721,6.75022268085237,6.13438718285671,6.74960904554216,6.13394545348231,445.356463986977,444.952033577521,1985.92494287692,1986.32937328638,548500000
707,290,26.4656264890525,6.74960904554216,6.13394545348231,6.74823476778739,6.1333299934363,471.822090476029,445.356463986977,1986.32937328638,2012.79499977543,548500000
707,291,31.7335582204696,6.74960904554216,6.13394545348231,6.71247359481384,6.33231985067514,477.090022207446,445.356463986977,1986.32937328638,2018.06293150685,548500000
708,727,1.19232729372943,6.751148243574,6.13189464525855,6.77555900285832,6.07838792824277,438.717990736726,437.525663442997,1978.4985727424,1979.69090003613,548500000
708,709,2.12970869063672,6.751148243574,6.13189464525855,6.74978928043058,6.13173834256017,439.655372133633,437.525663442997,1978.4985727424,1980.62828143304,548500000
709,710,3.64930154674068,6.74978928043058,6.13173834256017,6.74455358317783,6.13749116141443,443.304673680374,439.655372133633,1980.62828143304,1984.27758297978,548500000
709,714,1.79070549017315,6.74978928043058,6.13173834256017,6.74925447346332,6.13365161302992,441.446077623806,439.655372133633,1980.62828143304,1982.41898692321,548500000
710,711,23.3764215838604,6.74455358317783,6.13749116141443,6.74697373240399,6.12802336397156,466.681095264234,443.304673680374,1984.27758297978,2007.65400456364,548500000
710,712,0.309319616669086,6.74455358317783,6.13749116141443,6.74496129300189,6.13754669662051,443.613993297043,443.304673680374,1984.27758297978,1984.58690259645,548500000
711,294,5.14099521179499,6.74697373240399,6.12802336397156,6.75208034981398,6.12945591023419,471.822090476029,466.681095264234,2007.65400456364,2012.79499977543,548500000
711,293,10.4637214637601,6.74697373240399,6.12802336397156,6.74921393418815,6.12923290517176,477.144816727995,466.681095264234,2007.65400456364,2018.1177260274,548500000
712,713,6.86592197112404,6.74496129300189,6.13754669662051,6.93980387886931,5.98465546677641,450.479915268167,443.613993297043,1984.58690259645,1991.45282456757,548500000
712,295,5.16161457942664,6.74496129300189,6.13754669662051,6.74524336893685,6.13734704373312,448.77560787647,443.613993297043,1984.58690259645,1989.74851717587,548500000
713,296,27.6128466653067,6.93980387886931,5.98465546677641,6.9413836088133,5.98317460018465,478.092761933474,450.479915268167,1991.45282456757,2019.06567123288,548500000
713,297,26.6950384461286,6.93980387886931,5.98465546677641,6.93856196171581,5.98290853373725,477.174953714296,450.479915268167,1991.45282456757,2018.1478630137,548500000
714,715,0.37051688841607,6.74925447346332,6.13365161302992,6.74907990140886,6.13379702606874,441.816594512222,441.446077623806,1982.41898692321,1982.78950381163,548500000
714,298,35.7343555425442,6.74925447346332,6.13365161302992,6.713854,6.154398,477.180433166351,441.446077623806,1982.41898692321,2018.15334246575,548500000
715,716,20.048362590574,6.74907990140886,6.13379702606874,6.75368206030299,6.13527675193023,461.864957102796,441.816594512222,1982.78950381163,2002.8378664022,548500000
715,717,0.480481118106105,6.74907990140886,6.13379702606874,6.74809115548992,6.13538369109853,442.297075630329,441.816594512222,1982.78950381163,1983.26998492973,548500000
716,300,9.95713337323291,6.75368206030299,6.13527675193023,6.75362652647296,6.13750833038884,471.822090476029,461.864957102796,2002.8378664022,2012.79499977543,548500000
716,299,9.95713337323291,6.75368206030299,6.13527675193023,6.75354615526577,6.13300036642857,471.822090476029,461.864957102796,2002.8378664022,2012.79499977543,548500000
717,718,0.0315681969408601,6.74809115548992,6.13538369109853,6.74954458109654,6.13664412514023,442.328643827269,442.297075630329,1983.26998492973,1983.30155312667,548500000
717,722,0.345072776547788,6.74809115548992,6.13538369109853,6.78423358225214,6.14982043401091,442.642148406876,442.297075630329,1983.26998492973,1983.61505770628,548500000
718,719,2.14987493742183,6.74954458109654,6.13664412514023,6.75066673617263,6.21727600892744,444.478518764691,442.328643827269,1983.30155312667,1985.45142806409,548500000
718,720,0.419812623015282,6.74954458109654,6.13664412514023,6.74987573794579,6.13730887502924,442.748456450285,442.328643827269,1983.30155312667,1983.72136574969,548500000
719,302,32.5950650865908,6.75066673617263,6.21727600892744,6.997077,5.904454,477.073583851282,444.478518764691,1985.45142806409,2018.04649315069,548500000
719,301,33.5649281002894,6.75066673617263,6.21727600892744,7.456942,5.800781,478.043446864981,444.478518764691,1985.45142806409,2019.01635616438,548500000
720,721,29.9539025276181,6.74987573794579,6.13730887502924,6.75508050850635,6.13354740456882,472.702358977903,442.748456450285,1983.72136574969,2013.67526827731,548500000
720,303,24.4314247547245,6.74987573794579,6.13730887502924,6.74058471966375,6.22513187255917,467.179881205009,442.748456450285,1983.72136574969,2008.15279050441,548500000
721,304,4.46437555831075,6.75508050850635,6.13354740456882,6.75168410614839,6.1341935391577,477.166734536214,472.702358977903,2013.67526827731,2018.13964383562,548500000
721,305,5.34108788707785,6.75508050850635,6.13354740456882,6.75062324354323,6.13216951655277,478.043446864981,472.702358977903,2013.67526827731,2019.01635616438,548500000
722,726,14.8066347856292,6.78423358225214,6.14982043401091,7.13543550238343,6.19274458642778,457.448783192506,442.642148406876,1983.61505770628,1998.42169249191,548500000
722,723,9.62984731448228,6.78423358225214,6.14982043401091,6.79733602143876,6.15425585066725,452.271995721359,442.642148406876,1983.61505770628,1993.24490502076,548500000
723,724,11.6438131684527,6.79733602143876,6.15425585066725,6.77021926452207,6.08719206201866,463.915808889811,452.271995721359,1993.24490502076,2004.88871818921,548500000
723,306,24.9056977189646,6.79733602143876,6.15425585066725,6.611239599683,5.9843540610743,477.177693440323,452.271995721359,1993.24490502076,2018.15060273973,548500000
724,725,3.2331988259336,6.77021926452207,6.08719206201866,6.77784202257578,6.08430722754366,467.149007715745,463.915808889811,2004.88871818921,2008.12191701515,548500000
724,307,6.9029804409228,6.77021926452207,6.08719206201866,6.78005686881805,6.08219680562589,470.818789330734,463.915808889811,2004.88871818921,2011.79169863014,548500000
725,308,3.09991860129045,6.77784202257578,6.08430722754366,6.77527981589644,6.08172621355232,470.248926317035,467.149007715745,2008.12191701515,2011.22183561644,548500000
725,309,3.0971788752631,6.77784202257578,6.08430722754366,6.77056528822073,6.07487469982676,470.246186591008,467.149007715745,2008.12191701515,2011.21909589041,548500000
726,310,20.6713760012423,7.13543550238343,6.19274458642778,7.06857928585488,6.26559277966547,478.120159193748,457.448783192506,1998.42169249191,2019.09306849315,548500000
726,311,20.6604170971326,7.13543550238343,6.19274458642778,6.678119,3.51526,478.109200289638,457.448783192506,1998.42169249191,2019.08210958904,548500000
727,728,2.89160431517777,6.77555900285832,6.07838792824277,6.78466106981675,6.08113210584072,441.609595051904,438.717990736726,1979.69090003613,1982.58250435131,548500000
727,749,9.78111927039562,6.77555900285832,6.07838792824277,6.77684188464098,6.0772865835051,448.499110007122,438.717990736726,1979.69090003613,1989.47201930652,548500000
728,729,11.8718432162187,6.78466106981675,6.08113210584072,6.89121289261267,5.78225068255946,453.481438268122,441.609595051904,1982.58250435131,1994.45434756753,548500000
728,333,28.6365915391043,6.78466106981675,6.08113210584072,6.77866735503516,6.07570858816996,470.246186591008,441.609595051904,1982.58250435131,2011.21909589041,548500000
729,730,8.06832755308498,6.89121289261267,5.78225068255946,6.89743673841219,5.79466874874472,461.549765821207,453.481438268122,1994.45434756753,2002.52267512061,548500000
729,736,1.28497514425699,6.89121289261267,5.78225068255946,6.89226111732991,5.78216884306925,454.766413412379,453.481438268122,1994.45434756753,1995.73932271178,548500000
730,731,3.77732607679968,6.89743673841219,5.79466874874472,7.15621594820882,5.51576443129562,465.327091898007,461.549765821207,2002.52267512061,2006.30000119741,548500000
730,318,13.5756033433466,6.89743673841219,5.79466874874472,6.92339547627528,5.7699485839562,475.125369164554,461.549765821207,2002.52267512061,2016.09827846396,548500000
731,732,7.66992544774342,7.15621594820882,5.51576443129562,7.19794034581184,5.58560670679253,472.997017345751,465.327091898007,2006.30000119741,2013.96992664515,548500000
731,735,8.31653381894134,7.15621594820882,5.51576443129562,7.22819235387869,5.59419048033634,473.643625716948,465.327091898007,2006.30000119741,2014.61653501635,548500000
732,733,2.0947282705803,7.19794034581184,5.58560670679253,7.19946777272288,5.58841176460992,475.091745616331,472.997017345751,2013.96992664515,2016.06465491573,548500000
732,734,2.77840528320776,7.19794034581184,5.58560670679253,7.19951904763968,5.59074426239238,475.775422628958,472.997017345751,2013.96992664515,2016.74833192836,548500000
733,313,1.97909850892388,7.19946777272288,5.58841176460992,7.19473137159162,5.58461200813856,477.070844125255,475.091745616331,2016.06465491573,2018.04375342466,548500000
733,312,3.00649576919791,7.19946777272288,5.58841176460992,7.19859292406344,5.59095222315304,478.098241385529,475.091745616331,2016.06465491573,2019.07115068493,548500000
734,315,1.36939409903622,7.19951904763968,5.59074426239238,7.19641392536004,5.5834133259699,477.144816727995,475.775422628958,2016.74833192836,2018.1177260274,548500000
734,314,2.33925711273483,7.19951904763968,5.59074426239238,7.19845700440769,5.58918797876044,478.114679741693,475.775422628958,2016.74833192836,2019.0875890411,548500000
735,317,4.42173895625132,7.22819235387869,5.59419048033634,7.19281679948938,5.59116741290282,478.0653646732,473.643625716948,2014.61653501635,2019.0382739726,548500000
735,316,4.42721840830627,7.22819235387869,5.59419048033634,7.229293,5.580561,478.070844125255,473.643625716948,2014.61653501635,2019.04375342466,548500000
736,332,12.3782628073147,6.89226111732991,5.78216884306925,6.73929585849863,6.21886846800461,467.144676219694,454.766413412379,1995.73932271178,2008.1175855191,548500000
736,737,0.962844842608551,6.89226111732991,5.78216884306925,6.89483502001027,5.77768373254564,455.729258254988,454.766413412379,1995.73932271178,1996.70216755439,548500000
737,739,0.00724687597876894,6.89483502001027,5.77768373254564,6.89034653647927,5.77339352766309,455.736505130967,455.729258254988,1996.70216755439,1996.70941443037,548500000
737,738,3.89366889420388,6.89483502001027,5.77768373254564,6.87798010529834,5.77701097801321,459.622927149192,455.729258254988,1996.70216755439,2000.5958364486,548500000
738,320,18.5629854692134,6.87798010529834,5.77701097801321,6.85036482499416,5.60251398143593,478.185912618405,459.622927149192,2000.5958364486,2019.15882191781,548500000
738,319,18.4506567020902,6.87798010529834,5.77701097801321,7.19618794891038,5.58969682096169,478.073583851282,459.622927149192,2000.5958364486,2019.04649315069,548500000
739,745,1.88205187941465,6.89034653647927,5.77339352766309,6.88814854415996,5.77164371639836,457.618557010381,455.736505130967,1996.70941443037,1998.59146630978,548500000
739,740,0.450073270732737,6.89034653647927,5.77339352766309,6.89136401580159,5.77535662136558,456.186578401699,455.736505130967,1996.70941443037,1997.1594877011,548500000
740,744,15.813193712406,6.89136401580159,5.77535662136558,6.86198850074898,5.77771425502857,471.999772114105,456.186578401699,1997.1594877011,2012.97268141351,548500000
740,741,0.828068106361268,6.89136401580159,5.77535662136558,6.89474735360079,5.7751888125657,457.014646508061,456.186578401699,1997.1594877011,1997.98755580746,548500000
741,742,2.91236085915011,6.89474735360079,5.7751888125657,6.89627927282496,5.77437493251127,459.927007367211,457.014646508061,1997.98755580746,2000.89991666661,548500000
741,324,20.1274304939062,6.89474735360079,5.7751888125657,6.33453219876515,5.61991762523679,477.142077001967,457.014646508061,1997.98755580746,2018.11498630137,548500000
742,323,12.1794531963999,6.89627927282496,5.77437493251127,6.9247421221296,5.77056534180153,472.106460563611,459.927007367211,2000.89991666661,2013.07936986301,548500000
742,743,15.8917885099863,6.89627927282496,5.77437493251127,6.85319098548444,5.77841751066921,475.818795877197,459.927007367211,2000.89991666661,2016.7917051766,548500000
743,321,2.22739071381082,6.85319098548444,5.77841751066921,6.85346162609374,5.77770628047382,478.046186591008,475.818795877197,2016.7917051766,2019.01909589041,548500000
743,322,1.3232811247697,6.85319098548444,5.77841751066921,6.85273788105746,5.77657017710097,477.142077001967,475.818795877197,2016.7917051766,2018.11498630137,548500000
744,326,6.06285283306695,6.86198850074898,5.77771425502857,6.8546039256828,5.77513053806816,478.062624947172,471.999772114105,2012.97268141351,2019.03553424658,548500000
744,325,6.19435968238215,6.86198850074898,5.77771425502857,7.19354250988345,5.5816017317214,478.194131796488,471.999772114105,2012.97268141351,2019.16704109589,548500000
745,746,4.46757191968277,6.88814854415996,5.77164371639836,7.25534943762916,5.19587382392744,462.086128930064,457.618557010381,1998.59146630978,2003.05903822947,548500000
745,748,0.226211302721062,6.88814854415996,5.77164371639836,6.88827581150215,5.77845348126608,457.844768313102,457.618557010381,1998.59146630978,1998.81767761251,548500000
746,747,6.89361102432655,7.25534943762916,5.19587382392744,7.25439800786622,5.19571651073689,468.979739954391,462.086128930064,2003.05903822947,2009.95264925379,548500000
746,327,13.0884205623588,7.25534943762916,5.19587382392744,7.579115,5.696218,475.174549492423,462.086128930064,2003.05903822947,2016.14745879183,548500000
747,328,8.11576170511042,7.25439800786622,5.19571651073689,7.24983642060821,5.19736810248801,477.095501659501,468.979739954391,2009.95264925379,2018.0684109589,548500000
747,329,8.19247403387757,7.25439800786622,5.19571651073689,7.24700296009173,5.19108822219716,477.172213988268,468.979739954391,2009.95264925379,2018.14512328767,548500000
748,331,14.2233360861249,6.88827581150215,5.77845348126608,6.87224,5.75412,472.068104399227,457.844768313102,1998.81767761251,2013.04101369863,548500000
748,330,18.2233360861249,6.88827581150215,5.77845348126608,6.78645392246064,5.59102752936804,476.068104399227,457.844768313102,1998.81767761251,2017.04101369863,548500000
749,334,29.5799532962152,6.77684188464098,6.0772865835051,6.754196,6.054167,478.079063303337,448.499110007122,1989.47201930652,2019.05197260274,548500000
749,750,2.13065012557252,6.77684188464098,6.0772865835051,6.61353717058872,6.00557060264981,450.629760132694,448.499110007122,1989.47201930652,1991.6026694321,548500000
750,335,26.4356045405056,6.61353717058872,6.00557060264981,7.1924839008699,5.58182287736016,477.0653646732,450.629760132694,1991.6026694321,2018.0382739726,548500000
750,336,26.4903990610537,6.61353717058872,6.00557060264981,6.6152927397025,5.98879431840904,477.120159193748,450.629760132694,1991.6026694321,2018.09306849315,548500000
751,754,0.715711613232116,6.74836793157678,6.13604155667558,6.74248645922752,6.13325370720374,435.903481883195,435.187770269963,1976.16067956937,1976.8763911826,548500000
751,752,0.907068009948524,6.74836793157678,6.13604155667558,6.74936177229329,6.13709550640963,436.094838279912,435.187770269963,1976.16067956937,1977.06774757931,548500000
752,339,41.0472387220551,6.74936177229329,6.13709550640963,6.479748,5.898933,477.142077001967,436.094838279912,1977.06774757931,2018.11498630137,548500000
752,753,5.98329707425235,6.74936177229329,6.13709550640963,6.7494260178044,6.13351552489577,442.078135354164,436.094838279912,1977.06774757931,1983.05104465357,548500000
753,338,11.3024285270704,6.7494260178044,6.13351552489577,6.7514204070767,6.13070337241694,453.380563881235,442.078135354164,1983.05104465357,1994.35347318064,548500000
753,337,34.2009279491727,6.7494260178044,6.13351552489577,6.75028773985605,6.22022803501522,476.279063303337,442.078135354164,1983.05104465357,2017.25197260274,548500000
754,755,2.5235351231256,6.74248645922752,6.13325370720374,7.07584539777722,6.26407250316619,438.427017006321,435.903481883195,1976.8763911826,1979.39992630572,548500000
754,788,21.1973749360675,6.74248645922752,6.13325370720374,6.74934502502568,6.13757327250024,457.100856819263,435.903481883195,1976.8763911826,1998.07376611867,548500000
755,756,2.22771451194642,7.07584539777722,6.26407250316619,6.93228575417825,5.77876080930357,440.654731518267,438.427017006321,1979.39992630572,1981.62764081767,548500000
755,765,1.27611671432393,7.07584539777722,6.26407250316619,7.06709657305008,6.27008439874217,439.703133720645,438.427017006321,1979.39992630572,1980.67604302005,548500000
756,757,20.3453660631639,6.93228575417825,5.77876080930357,6.92713967223544,5.76899317966011,461.000097581431,440.654731518267,1981.62764081767,2001.97300688083,548500000
756,762,12.9297679761747,6.93228575417825,5.77876080930357,6.92859079578897,5.7767671540477,453.584499494442,440.654731518267,1981.62764081767,1994.55740879385,548500000
757,345,16.1228013383438,6.92713967223544,5.76899317966011,6.92514057629277,5.77163723213495,477.122898919775,461.000097581431,2001.97300688083,2018.09580821918,548500000
757,758,4.26409837643297,6.92713967223544,5.76899317966011,6.78029457425473,5.59236515737191,465.264195957864,461.000097581431,2001.97300688083,2006.23710525727,548500000
758,759,1.25141869809029,6.78029457425473,5.59236515737191,6.78033510930487,5.59060666380722,466.515614655955,465.264195957864,2006.23710525727,2007.48852395536,548500000
758,761,0.0578664284361814,6.78029457425473,5.59236515737191,6.77810262202888,5.58413054901869,465.322062386301,465.264195957864,2006.23710525727,2006.2949716857,548500000
759,340,11.514133578889,6.78033510930487,5.59060666380722,6.78048636382262,5.59196631607133,478.029748234844,466.515614655955,2007.48852395536,2019.00265753425,548500000
759,760,0.755404632035683,6.78033510930487,5.59060666380722,6.78061045118158,5.59108688095578,467.27101928799,466.515614655955,2007.48852395536,2008.24392858739,548500000
760,341,6.12859196055206,6.78061045118158,5.59108688095578,6.77961768398999,5.58525491324063,473.399611248542,467.27101928799,2008.24392858739,2014.37252054795,548500000
760,342,6.10393442630539,6.78061045118158,5.59108688095578,6.77967866806584,5.59161782701243,473.374953714296,467.27101928799,2008.24392858739,2014.3478630137,548500000
761,344,11.8665899581321,6.77810262202888,5.58413054901869,6.33783388208724,5.62355514525915,477.188652344433,465.322062386301,2006.2949716857,2018.16156164384,548500000
761,343,8.28576804032397,6.77810262202888,5.58413054901869,6.78481224781333,5.58653208401166,473.607830426625,465.322062386301,2006.2949716857,2014.58073972603,548500000
762,764,18.6606405935617,6.92859079578897,5.7767671540477,6.92547158273231,5.77834989607129,472.245140088004,453.584499494442,1994.55740879385,2013.21804938741,548500000
762,763,2.52143560685323,6.92859079578897,5.7767671540477,7.19092457688648,5.56749255274177,456.105935101295,453.584499494442,1994.55740879385,1997.0788444007,548500000
763,347,20.948470667795,7.19092457688648,5.56749255274177,7.182869,5.581471,477.05440576909,456.105935101295,1997.0788444007,2018.02731506849,548500000
763,346,21.9183336814936,7.19092457688648,5.56749255274177,7.19274962879593,5.58514138738083,478.024268782789,456.105935101295,1997.0788444007,2018.99717808219,548500000
764,348,5.82570403725093,6.92547158273231,5.77834989607129,6.92283658941346,5.77602143035076,478.070844125255,472.245140088004,2013.21804938741,2019.04375342466,548500000
764,349,2.98132197272502,6.92547158273231,5.77834989607129,7.09074078371577,4.79902192916275,475.226462060729,472.245140088004,2013.21804938741,2016.19937136013,548500000
765,766,11.3611027054641,7.06709657305008,6.27008439874217,7.07470916300398,6.26917645200817,451.064236426109,439.703133720645,1980.67604302005,1992.03714572551,548500000
765,770,1.28013448304065,7.06709657305008,6.27008439874217,7.06619283354297,6.26883559140574,440.983268203686,439.703133720645,1980.67604302005,1981.95617750309,548500000
766,354,22.981950164899,7.07470916300398,6.26917645200817,10.0727,8.9341,474.046186591008,451.064236426109,1992.03714572551,2015.01909589041,548500000
766,767,6.2743586549781,7.07470916300398,6.26917645200817,7.07114326088813,6.2715299813698,457.338595081087,451.064236426109,1992.03714572551,1998.31150438049,548500000
767,350,14.8966326058113,7.07114326088813,6.2715299813698,4.869632,7.019002,472.235227686898,457.338595081087,1998.31150438049,2013.2081369863,548500000
767,768,8.84919329359013,7.07114326088813,6.2715299813698,7.0755646421746,6.27487226417983,466.187788374677,457.338595081087,1998.31150438049,2007.16069767408,548500000
768,353,11.8912749286595,7.0755646421746,6.27487226417983,7.08076234183341,6.28177564017979,478.079063303337,466.187788374677,2007.16069767408,2019.05197260274,548500000
768,769,4.16070541139335,7.0755646421746,6.27487226417983,7.0650552630191,6.26511070516393,470.348493786071,466.187788374677,2007.16069767408,2011.32140308547,548500000
769,352,7.78262431178688,7.0650552630191,6.26511070516393,7.06460641359442,6.27065950582258,478.131118097857,470.348493786071,2011.32140308547,2019.10402739726,548500000
769,351,6.71961061315676,7.0650552630191,6.26511070516393,7.19312500930318,5.5894215968982,477.068104399227,470.348493786071,2011.32140308547,2018.04101369863,548500000
770,779,0.843634610623205,7.06619283354297,6.26883559140574,7.06612906023935,6.26781088050289,441.826902814309,440.983268203686,1981.95617750309,1982.79981211371,548500000
770,771,1.4595337417209,7.06619283354297,6.26883559140574,7.06162424827702,6.26602653689193,442.442801945407,440.983268203686,1981.95617750309,1983.41571124481,548500000
771,772,2.21933051623941,7.06162424827702,6.26602653689193,7.06218551656144,6.26927580251296,444.662132461646,442.442801945407,1983.41571124481,1985.63504176105,548500000
771,777,1.62482284994053,7.06162424827702,6.26602653689193,7.06261616551771,6.2619423038289,444.067624795347,442.442801945407,1983.41571124481,1985.04053409475,548500000
772,773,15.5142576345341,7.06218551656144,6.26927580251296,7.06434533032394,6.26845214518612,460.17639009618,444.662132461646,1985.63504176105,2001.14929939558,548500000
772,360,33.5374787868964,7.06218551656144,6.26927580251296,7.06402506929373,6.27151645405215,478.199611248542,444.662132461646,1985.63504176105,2019.17252054795,548500000
773,355,17.9382896455131,7.06434533032394,6.26845214518612,7.0656046289575,6.26328893451476,478.114679741693,460.17639009618,2001.14929939558,2019.0875890411,548500000
773,774,0.717186714507292,7.06434533032394,6.26845214518612,7.08563540399755,6.28827804686952,460.893576810687,460.17639009618,2001.14929939558,2001.86648611009,548500000
774,359,17.1526097803207,7.08563540399755,6.28827804686952,7.08334813996625,6.28597813778541,478.046186591008,460.893576810687,2001.86648611009,2019.01909589041,548500000
774,775,0.159102709557214,7.08563540399755,6.28827804686952,7.08556632644908,6.28809286674129,461.052679520245,460.893576810687,2001.86648611009,2002.02558881965,548500000
775,358,17.0154248789828,7.08556632644908,6.28809286674129,7.08376323962385,6.28819217339463,478.068104399227,461.052679520245,2002.02558881965,2019.04101369863,548500000
775,776,7.15494468050123,7.08556632644908,6.28809286674129,7.08063656724352,6.28380532799164,468.207624200746,461.052679520245,2002.02558881965,2009.18053350015,548500000
776,357,9.82760348615283,7.08063656724352,6.28380532799164,7.08159984343376,6.28331925122227,478.035227686899,468.207624200746,2009.18053350015,2019.0081369863,548500000
776,356,9.85774047245399,7.08063656724352,6.28380532799164,7.08096866241593,6.28390038224119,478.0653646732,468.207624200746,2009.18053350015,2019.0382739726,548500000
777,778,4.61503674100624,7.06261616551771,6.2619423038289,7.06581114670177,6.26350326204688,448.682661536353,444.067624795347,1985.04053409475,1989.65557083576,548500000
777,363,30.9675804347807,7.06261616551771,6.2619423038289,6.74651416312668,6.22059533973626,475.035205230128,444.067624795347,1985.04053409475,2016.00811452953,548500000
778,361,28.481333273833,7.06581114670177,6.26350326204688,7.218593,6.334514,477.163994810186,448.682661536353,1989.65557083576,2018.13690410959,548500000
778,362,28.49503190397,7.06581114670177,6.26350326204688,7.06176863367759,6.26975834165609,477.177693440323,448.682661536353,1989.65557083576,2018.15060273973,548500000
779,780,0.161151596153935,7.06612906023935,6.26781088050289,7.0662778297551,6.26757073307963,441.988054410463,441.826902814309,1982.79981211371,1982.96096370987,548500000
779,786,5.25712102772232,7.06612906023935,6.26781088050289,7.06939808398954,6.26735489181491,447.084023842031,441.826902814309,1982.79981211371,1988.05693314143,548500000
780,782,2.30401733712487,7.0662778297551,6.26757073307963,7.06762216451186,6.26600387049841,444.292071747588,441.988054410463,1982.96096370987,1985.26498104699,548500000
780,781,19.4447418276499,7.0662778297551,6.26757073307963,7.06936879797127,6.26998086991432,461.432796238113,441.988054410463,1982.96096370987,2002.40570553752,548500000
781,365,16.6407876131695,7.06936879797127,6.26998086991432,7.07041279720376,6.27133012641912,478.073583851282,461.432796238113,2002.40570553752,2019.04649315069,548500000
781,364,16.7531163802927,7.06936879797127,6.26998086991432,7.0830404538633,6.28178802897198,478.185912618405,461.432796238113,2002.40570553752,2019.15882191781,548500000
782,784,1.28080102375061,7.06762216451186,6.26600387049841,7.06764083297022,6.26709212466329,445.572872771338,444.292071747588,1985.26498104699,1986.54578207074,548500000
782,783,31.2179127960858,7.06762216451186,6.26600387049841,7.08326841328142,6.28178818978052,475.509984543673,444.292071747588,1985.26498104699,2016.48289384308,548500000
783,366,2.6704486226772,7.08326841328142,6.28178818978052,7.08219564314557,6.28555000453249,478.180433166351,475.509984543673,2016.48289384308,2019.15334246575,548500000
783,367,1.5827773898004,7.08326841328142,6.28178818978052,7.08247398928601,6.28210827128587,477.092761933474,475.509984543673,2016.48289384308,2018.06567123288,548500000
784,785,28.0945000002733,7.06764083297022,6.26709212466329,7.06735493746622,6.26238440631275,473.667372771611,445.572872771338,1986.54578207074,2014.64028207101,548500000
784,368,31.5692042306287,7.06764083297022,6.26709212466329,7.06508397745805,6.27053539152582,477.142077001967,445.572872771338,1986.54578207074,2018.11498630137,548500000
785,369,3.4829234084377,7.06735493746622,6.26238440631275,7.113571,6.327094,477.150296180049,473.667372771611,2014.64028207101,2018.12320547945,548500000
785,370,3.38155354542389,7.06735493746622,6.26238440631275,7.06727276490581,6.26234105909033,477.048926317035,473.667372771611,2014.64028207101,2018.02183561644,548500000
786,787,8.93153665432003,7.06939808398954,6.26735489181491,7.06671435751229,6.26572617515174,456.015560496351,447.084023842031,1988.05693314143,1996.98846979575,548500000
786,373,29.7734883958744,7.06939808398954,6.26735489181491,7.088383,6.290372,476.857512237905,447.084023842031,1988.05693314143,2017.83042153731,548500000
787,371,22.0662425330132,7.06671435751229,6.26572617515174,7.06860456799945,6.2631094242821,478.081803029364,456.015560496351,1996.98846979575,2019.05471232877,548500000
787,372,22.1100781494514,7.06671435751229,6.26572617515174,7.07154390699569,6.26479249852647,478.125638645803,456.015560496351,1996.98846979575,2019.09854794521,548500000
788,375,20.9535489498275,6.74934502502568,6.13757327250024,6.74809800798914,6.13400951790304,478.05440576909,457.100856819263,1998.07376611867,2019.02731506849,548500000
788,374,21.054918812841,6.74934502502568,6.13757327250024,6.7383734203358,6.21976409245434,478.155775632104,457.100856819263,1998.07376611867,2019.12868493151,548500000
789,792,0.1011855374852,6.7067162902028,6.32738482614834,6.70699852314505,6.32744561149605,437.60069384447,437.499508306985,1978.47241760639,1978.57360314387,548500000
789,790,22.5650296526666,6.7067162902028,6.32738482614834,6.71006370193654,6.3273715234616,460.064537959651,437.499508306985,1978.47241760639,2001.03744725905,548500000
790,791,13.6539646428622,6.71006370193654,6.3273715234616,6.71127797204084,6.3285219991679,473.718502602514,460.064537959651,2001.03744725905,2014.69141190192,548500000
790,376,17.9816486313567,6.71006370193654,6.3273715234616,6.71577547314671,6.33005584344977,478.046186591008,460.064537959651,2001.03744725905,2019.01909589041,548500000
791,377,1.43145672597481,6.71127797204084,6.3285219991679,6.74622722502348,6.22072674781756,475.149959328488,473.718502602514,2014.69141190192,2016.12286862789,548500000
791,378,3.42357439945337,6.71127797204084,6.3285219991679,6.71391976892574,6.33060897438369,477.142077001967,473.718502602514,2014.69141190192,2018.11498630137,548500000
792,793,13.6360547954688,6.70699852314505,6.32744561149605,6.70756317236992,6.3269728292771,451.236748639939,437.60069384447,1978.57360314387,1992.20965793934,548500000
792,799,4.84830430701687,6.70699852314505,6.32744561149605,6.70815363387345,6.32761893970943,442.448998151487,437.60069384447,1978.57360314387,1983.42190745089,548500000
793,797,1.72049069209829,6.70756317236992,6.3269728292771,6.70914395758444,6.3291113986058,452.957239332037,451.236748639939,1992.20965793934,1993.93014863144,548500000
793,794,12.7783912744012,6.70756317236992,6.3269728292771,6.70950127134561,6.32732720804557,464.01513991434,451.236748639939,1992.20965793934,2004.98804921374,548500000
794,379,13.1159781835175,6.70950127134561,6.32732720804557,6.70736004375731,6.32997813687569,477.131118097857,464.01513991434,2004.98804921374,2018.10402739726,548500000
794,795,4.91757897599301,6.70950127134561,6.32732720804557,6.71548983956785,6.32849794338288,468.932718890333,464.01513991434,2004.98804921374,2009.90562818974,548500000
795,796,5.9666615367969,6.71548983956785,6.32849794338288,6.71539660733732,6.33161851566544,474.89938042713,468.932718890333,2009.90562818974,2015.87228972653,548500000
795,380,9.27237181026408,6.71548983956785,6.32849794338288,6.71173048591957,6.32619191524565,478.205090700597,468.932718890333,2009.90562818974,2019.178,548500000
796,381,3.1742034241522,6.71539660733732,6.33161851566544,6.7169780802849,6.32824366127639,478.073583851282,474.89938042713,2015.87228972653,2019.04649315069,548500000
796,382,3.17146369812485,6.71539660733732,6.33161851566544,6.71170696217492,6.32604190983626,478.070844125255,474.89938042713,2015.87228972653,2019.04375342466,548500000
797,798,15.1123314267585,6.70914395758444,6.3291113986058,6.71469571124312,6.3281083181269,468.069570758796,452.957239332037,1993.93014863144,2009.0424800582,548500000
797,385,25.157440409656,6.70914395758444,6.3291113986058,6.73439236261824,6.22153277919943,478.114679741693,452.957239332037,1993.93014863144,2019.0875890411,548500000
798,383,9.05606788700693,6.71469571124312,6.3281083181269,6.71247452121319,6.32844625929754,477.125638645803,468.069570758796,2009.0424800582,2018.09854794521,548500000
798,384,9.08894459933567,6.71469571124312,6.3281083181269,6.71696950653664,6.3317804768126,477.158515358131,468.069570758796,2009.0424800582,2018.13142465753,548500000
799,800,14.4046597992963,6.70815363387345,6.32761893970943,6.70951538296885,6.3286006710132,456.853657950783,442.448998151487,1983.42190745089,1997.82656725019,548500000
799,390,24.6765839870955,6.70815363387345,6.32761893970943,6.71642768562667,6.33020529863614,467.125582138582,442.448998151487,1983.42190745089,2008.09849143799,548500000
800,389,21.3267752155675,6.70951538296885,6.3286006710132,7.06303332564941,6.26858648985685,478.180433166351,456.853657950783,1997.82656725019,2019.15334246575,548500000
800,801,15.2831312579494,6.70951538296885,6.3286006710132,6.71209379941226,6.32760657837963,472.136789208733,456.853657950783,1997.82656725019,2013.10969850814,548500000
801,802,0.662991726566637,6.71209379941226,6.32760657837963,6.71426608004391,6.33185655988571,472.799780935299,472.136789208733,2013.10969850814,2013.7726902347,548500000
801,388,5.07104121789205,6.71209379941226,6.32760657837963,6.71063762112925,6.32490282977306,477.207830426625,472.136789208733,2013.10969850814,2018.18073972603,548500000
802,386,5.31763853242125,6.71426608004391,6.33185655988571,6.71677959745545,6.33326723494566,478.11741946772,472.799780935299,2013.7726902347,2019.09032876712,548500000
802,387,4.41078921735277,6.71426608004391,6.33185655988571,6.71170519744165,6.32942826782448,477.210570152652,472.799780935299,2013.7726902347,2018.18347945206,548500000
803,814,22.0109147268856,6.66745067820015,6.38193978390839,6.50068980320248,6.60967841583524,443.901425955777,421.890511228891,1962.86342052829,1984.87433525518,548500000
803,804,0.862897924750605,6.66745067820015,6.38193978390839,6.66543636178995,6.37974548425519,422.753409153642,421.890511228891,1962.86342052829,1963.72631845304,548500000
804,805,12.9432468371464,6.66543636178995,6.37974548425519,6.66395657482553,6.38094438622184,435.696655990788,422.753409153642,1963.72631845304,1976.66956529019,548500000
804,806,30.183732544413,6.66543636178995,6.37974548425519,6.75291148863725,6.13359973639286,452.937141698055,422.753409153642,1963.72631845304,1993.91005099746,548500000
805,391,41.3988456687128,6.66395657482553,6.38094438622184,6.66209647434168,6.38044624195503,477.095501659501,435.696655990788,1976.66956529019,2018.0684109589,548500000
805,392,41.3796675865211,6.66395657482553,6.38094438622184,7.098654,6.678859,477.076323577309,435.696655990788,1976.66956529019,2018.04923287671,548500000
806,807,4.57514501145196,6.75291148863725,6.13359973639286,6.75266395155159,6.13817622630607,457.512286709507,452.937141698055,1993.91005099746,1998.48519600891,548500000
806,811,0.198470254219522,6.75291148863725,6.13359973639286,6.75263909109611,6.13371073311652,453.135611952274,452.937141698055,1993.91005099746,1994.10852125168,548500000
807,393,19.5311601554739,6.75266395155159,6.13817622630607,6.505376,6.207318,477.043446864981,457.512286709507,1998.48519600891,2018.01635616438,548500000
807,808,2.55939373588544,6.75266395155159,6.13817622630607,6.75231802945716,6.13829771727089,460.071680445392,457.512286709507,1998.48519600891,2001.0445897448,548500000
808,809,0.719370806602136,6.75231802945716,6.13829771727089,6.75255437298365,6.13650488579172,460.791051251994,460.071680445392,2001.0445897448,2001.7639605514,548500000
808,810,5.71202179862409,6.75231802945716,6.13829771727089,6.75367718206007,6.13781573518466,465.783702244016,460.071680445392,2001.0445897448,2006.75661154342,548500000
809,394,17.3017106814794,6.75255437298365,6.13650488579172,6.75222494097981,6.13747345371784,478.092761933474,460.791051251994,2001.7639605514,2019.06567123288,548500000
809,395,16.4085599965479,6.75255437298365,6.13650488579172,6.75268218482716,6.13765125146266,477.199611248542,460.791051251994,2001.7639605514,2018.17252054795,548500000
810,397,7.30905968945745,6.75367718206007,6.13781573518466,6.74675115566874,6.22512759461501,473.092761933474,465.783702244016,2006.75661154342,2014.06567123288,548500000
810,396,12.3090596894574,6.75367718206007,6.13781573518466,6.75094230423788,6.13827085613776,478.092761933474,465.783702244016,2006.75661154342,2019.06567123288,548500000
811,813,4.64286088363434,6.75263909109611,6.13371073311652,6.75286062520192,6.13292597485764,457.778472835909,453.135611952274,1994.10852125168,1998.75138213531,548500000
811,812,22.4839982279323,6.75263909109611,6.13371073311652,6.75225433238942,6.13408270839816,475.619610180207,453.135611952274,1994.10852125168,2016.59251947961,548500000
812,398,1.47589147929442,6.75225433238942,6.13408270839816,6.74979831599804,6.13471771083503,477.095501659501,475.619610180207,2016.59251947961,2018.0684109589,548500000
812,399,1.50328873956845,6.75225433238942,6.13408270839816,6.75286427801487,6.13503170410541,477.122898919775,475.619610180207,2016.59251947961,2018.09580821918,548500000
813,401,20.4156589605789,6.75286062520192,6.13292597485764,7.19843641896263,5.58438672710694,478.194131796488,457.778472835909,1998.75138213531,2019.16704109589,548500000
813,400,14.0436176401206,6.75286062520192,6.13292597485764,6.74603712108149,6.12875870056519,471.822090476029,457.778472835909,1998.75138213531,2012.79499977543,548500000
814,402,27.5299541377389,6.50068980320248,6.60967841583524,6.19532498684703,6.7242817477747,471.431380093516,443.901425955777,1984.87433525518,2012.40428939292,548500000
814,815,20.7375911587984,6.50068980320248,6.60967841583524,6.45477818192005,6.72850065107181,464.639017114575,443.901425955777,1984.87433525518,2005.61192641398,548500000
815,403,12.5030598873917,6.45477818192005,6.72850065107181,6.452608,6.726605,477.142077001967,464.639017114575,2005.61192641398,2018.11498630137,548500000
815,404,12.4647037230082,6.45477818192005,6.72850065107181,6.452245,6.728375,477.103720837583,464.639017114575,2005.61192641398,2018.07663013699,548500000
816,817,8.40607634815095,6.65717146463165,6.38399946366385,6.65324553170011,6.38147678313739,449.45538537176,441.049309023609,1982.02221832301,1990.42829467116,548500000
816,818,1.59137157818521,6.65717146463165,6.38399946366385,6.65323254781791,6.3747123094468,442.640680601795,441.049309023609,1982.02221832301,1983.6135899012,548500000
817,405,28.5771025891106,6.65324553170011,6.38147678313739,6.65587626584435,6.37849234200633,478.032487960871,449.45538537176,1990.42829467116,2019.00539726027,548500000
817,406,21.850311661646,6.65324553170011,6.38147678313739,6.797072,6.664688,471.305697033406,449.45538537176,1990.42829467116,2012.27860633281,548500000
818,407,35.5452320166107,6.65323254781791,6.3747123094468,6.19605149643975,6.73257309352546,478.185912618405,442.640680601795,1983.6135899012,2019.15882191781,548500000
818,408,34.5507114686656,6.65323254781791,6.3747123094468,7.11083542237581,6.74751113911871,477.19139207046,442.640680601795,1983.6135899012,2018.16430136986,548500000
819,410,31.9760296391631,6.1938677486959,6.72322877045659,6.19378731601307,6.72514535696289,477.155775632104,445.179745992941,1986.15265529234,2018.12868493151,548500000
819,409,32.8883584062865,6.1938677486959,6.72322877045659,7.272099,6.346321,478.068104399227,445.179745992941,1986.15265529234,2019.04101369863,548500000
561,602,133.05364648452,8.99249574169782,9.24089907666074,9.78417927371266,8.81034990391742,269.43756286572,136.3839163812,1677.3568256806,1810.41047216512,548500000
561,562,138.948114771533,8.99249574169782,9.24089907666074,8.98829425054656,9.24161642742651,275.332031152733,136.3839163812,1677.3568256806,1816.30494045214,548500000
562,563,50.6140183702101,8.98829425054656,9.24161642742651,8.99304613499091,9.23832257141216,325.946049522943,275.332031152733,1816.30494045214,1866.91895882235,548500000
562,584,19.6770607234169,8.98829425054656,9.24161642742651,8.9138169389786,9.3656313809326,295.00909187615,275.332031152733,1816.30494045214,1835.98200117555,548500000
563,564,36.0825864714369,8.99304613499091,9.23832257141216,8.89003707271507,9.53449738739872,362.02863599438,325.946049522943,1866.91895882235,1903.00154529378,548500000
563,581,66.7405136490759,8.99304613499091,9.23832257141216,9.74897442088478,9.55999169105466,392.686563172019,325.946049522943,1866.91895882235,1933.65947247142,548500000
564,565,12.8824889654089,8.89003707271507,9.53449738739872,10.3004024769163,9.85038081483079,374.911124959789,362.02863599438,1903.00154529378,1915.88403425919,548500000
564,150,113.050285082742,8.89003707271507,9.53449738739872,8.87931,9.53879,475.078921077122,362.02863599438,1903.00154529378,2016.05183037653,548500000
565,566,6.67732653049565,10.3004024769163,9.85038081483079,9.38215956359852,9.1208389245532,381.588451490285,374.911124959789,1915.88403425919,1922.56136078969,548500000
565,567,15.1226724038492,10.3004024769163,9.85038081483079,10.3124751519246,9.84509805750622,390.033797363638,374.911124959789,1915.88403425919,1931.00670666304,548500000
566,151,59.4575003616764,9.38215956359852,9.1208389245532,9.91436205057675,8.88715756547898,441.045951851961,381.588451490285,1922.56136078969,1982.01886115136,548500000
566,152,93.4467537398429,9.38215956359852,9.1208389245532,9.383,9.133,475.035205230128,381.588451490285,1922.56136078969,2016.00811452953,548500000
567,570,20.5868924096343,10.3124751519246,9.84509805750622,10.309596451737,9.84659536862574,410.620689773273,390.033797363638,1931.00670666304,1951.59359907268,548500000
567,568,10.0911184625728,10.3124751519246,9.84509805750622,10.3156422825869,9.84331673356874,400.124915826211,390.033797363638,1931.00670666304,1941.09782512561,548500000
568,153,74.9212183656654,10.3156422825869,9.84331673356874,10.006978,9.544584,475.046134191876,400.124915826211,1941.09782512561,2016.01904349128,548500000
568,569,53.0362860445712,10.3156422825869,9.84331673356874,10.3111781793542,9.84688933633264,453.161201870782,400.124915826211,1941.09782512561,1994.13411117019,548500000
569,154,20.9123819804998,10.3111781793542,9.84688933633264,10.3095077336146,9.8475132332633,474.073583851282,453.161201870782,1994.13411117019,2015.04649315069,548500000
569,155,19.7589573229655,10.3111781793542,9.84688933633264,10.3113678682012,9.84526887944726,472.920159193748,453.161201870782,1994.13411117019,2013.89306849315,548500000
570,572,11.7523334688641,10.309596451737,9.84659536862574,10.3095049818014,9.83847177842891,422.373023242137,410.620689773273,1951.59359907268,1963.34593254154,548500000
570,571,32.4783320331241,10.309596451737,9.84659536862574,9.99162570883262,9.23636758408315,443.099021806397,410.620689773273,1951.59359907268,1984.0719311058,548500000
571,157,34.0211373873512,9.99162570883262,9.23636758408315,9.983,9.233,477.120159193748,443.099021806397,1984.0719311058,2018.09306849315,548500000
571,156,34.1005894421457,9.99162570883262,9.23636758408315,10.03284,9.386606,477.199611248542,443.099021806397,1984.0719311058,2018.17252054795,548500000
572,575,20.0830867583722,10.3095049818014,9.83847177842891,10.3198744239634,9.84719486416469,442.456110000509,422.373023242137,1963.34593254154,1983.42901929991,548500000
572,573,40.9495974475112,10.3095049818014,9.83847177842891,10.3093832531766,9.84471726013028,463.322620689648,422.373023242137,1963.34593254154,2004.29552998905,548500000
573,574,8.78738745791001,10.3093832531766,9.84471726013028,9.99913476567109,9.51079698545029,472.110008147558,463.322620689648,2004.29552998905,2013.08291744696,548500000
573,160,9.62767549040122,10.3093832531766,9.84471726013028,10.3107627967407,9.84333936092576,472.950296180049,463.322620689648,2004.29552998905,2013.92320547945,548500000
574,159,2.87590447084731,9.99913476567109,9.51079698545029,9.99934,9.51518,474.985912618405,472.110008147558,2013.08291744696,2015.95882191781,548500000
574,158,5.02110995029953,9.99913476567109,9.51079698545029,9.960813,9.502202,477.131118097857,472.110008147558,2013.08291744696,2018.10402739726,548500000
575,576,12.5575867589598,10.3198744239634,9.84719486416469,10.3183718387596,9.84565245719408,455.013696759469,442.456110000509,1983.42901929991,1995.98660605887,548500000
575,578,7.87326332326922,10.3198744239634,9.84719486416469,10.0742042269641,9.78618918369811,450.329373323778,442.456110000509,1983.42901929991,1991.30228262318,548500000
576,577,7.86108538603274,10.3183718387596,9.84565245719408,10.3124351588519,9.8357524923841,462.874782145501,455.013696759469,1995.98660605887,2003.8476914449,548500000
576,163,17.9475583246901,10.3183718387596,9.84565245719408,10.3145627763752,9.8436269148199,472.961255084159,455.013696759469,1995.98660605887,2013.93416438356,548500000
577,162,9.33852773317792,10.3124351588519,9.8357524923841,10.3183380234542,9.84495367405811,472.213309878679,462.874782145501,2003.8476914449,2013.18621917808,548500000
577,161,11.4645551304382,10.3124351588519,9.8357524923841,9.59970571278766,9.61287209407238,474.33933727594,462.874782145501,2003.8476914449,2015.31224657534,548500000
578,579,9.12817231411034,10.0742042269641,9.78618918369811,10.0942338311293,9.77721419724176,459.457545637888,450.329373323778,1991.30228262318,2000.43045493729,548500000
578,167,24.8888920156393,10.0742042269641,9.78618918369811,9.59439500350121,9.61713815310964,475.218265339417,450.329373323778,1991.30228262318,2016.19117463882,548500000
579,580,9.85228157280167,10.0942338311293,9.77721419724176,10.0944703287364,9.77307548646372,469.30982721069,459.457545637888,2000.43045493729,2010.28273651009,548500000
579,166,17.5722025969552,10.0942338311293,9.77721419724176,10.0895444253829,9.76543423747116,477.029748234844,459.457545637888,2000.43045493729,2018.00265753425,548500000
580,164,5.74723594293505,10.0944703287364,9.77307548646372,10.0945784488607,9.76895388386667,475.057063153625,469.30982721069,2010.28273651009,2016.02997245303,548500000
580,165,5.87838348391847,10.0944703287364,9.77307548646372,10.675453,9.122348,475.188210694609,469.30982721069,2010.28273651009,2016.16111999401,548500000
581,582,22.1692967240511,9.74897442088478,9.55999169105466,7.32606742170741,9.00277709162548,414.85585989607,392.686563172019,1933.65947247142,1955.82876919547,548500000
581,171,82.4060191072888,9.74897442088478,9.55999169105466,9.755908,9.553992,475.092582279308,392.686563172019,1933.65947247142,2016.06549157871,548500000
582,583,33.3140539437062,7.32606742170741,9.00277709162548,10.2648162138656,10.3259617184225,448.169913839776,414.85585989607,1955.82876919547,1989.14282313918,548500000
582,168,63.2752582017872,7.32606742170741,9.00277709162548,7.336619,9.002272,478.131118097857,414.85585989607,1955.82876919547,2019.10402739726,548500000
583,169,26.9308651608432,10.2648162138656,10.3259617184225,10.2659436899319,10.3326438363063,475.10077900062,448.169913839776,1989.14282313918,2016.07368830002,548500000
583,170,26.1283275457521,10.2648162138656,10.3259617184225,10.2731853891014,10.332298214656,474.298241385529,448.169913839776,1989.14282313918,2015.27115068493,548500000
584,172,180.075293681847,8.9138169389786,9.3656313809326,7.213958,10.183256,475.084385557997,295.00909187615,1835.98200117555,2016.0572948574,548500000
584,585,38.8465054511958,8.9138169389786,9.3656313809326,8.33534252713248,8.43232053353969,333.855597327346,295.00909187615,1835.98200117555,1874.82850662675,548500000
585,591,104.980522880823,8.33534252713248,8.43232053353969,8.49498996670538,8.52051384507107,438.836120208169,333.855597327346,1874.82850662675,1979.80902950757,548500000
585,586,73.3590334820409,8.33534252713248,8.43232053353969,8.31986382892604,8.45061936003756,407.214630809387,333.855597327346,1874.82850662675,1948.18754010879,548500000
586,178,69.8616927679227,8.31986382892604,8.45061936003756,5.79449,7.03589,477.076323577309,407.214630809387,1948.18754010879,2018.04923287671,548500000
586,587,8.60581263649407,8.31986382892604,8.45061936003756,8.31786230266686,8.45654924718377,415.820443445881,407.214630809387,1948.18754010879,1956.79335274528,548500000
587,173,59.3595705274164,8.31786230266686,8.45654924718377,7.565864,7.917972,475.180013973297,415.820443445881,1956.79335274528,2016.1529232727,548500000
587,588,30.0978877831928,8.31786230266686,8.45654924718377,8.32310909648046,8.45700438878701,445.918331229074,415.820443445881,1956.79335274528,1986.89124052848,548500000
588,589,20.763804587165,8.32310909648046,8.45700438878701,7.63006350794364,8.40011437418643,466.682135816239,445.918331229074,1986.89124052848,2007.65504511564,548500000
588,177,29.2070379354804,8.32310909648046,8.45700438878701,8.325363,8.450158,475.125369164554,445.918331229074,1986.89124052848,2016.09827846396,548500000
589,590,3.27995254183343,7.63006350794364,8.40011437418643,7.63062818999644,8.39921607273877,469.962088358072,466.682135816239,2007.65504511564,2010.93499765748,548500000
589,176,5.1700093045996,7.63006350794364,8.40011437418643,7.63456656682195,8.39961002523101,471.852145120838,466.682135816239,2007.65504511564,2012.82505442024,548500000
590,174,0.87313932882655,7.63062818999644,8.39921607273877,7.63281136685013,8.3988487753855,470.835227686899,469.962088358072,2010.93499765748,2011.8081369863,548500000
590,175,0.875879054853907,7.63062818999644,8.39921607273877,7.63056461907981,8.40001304243303,470.837967412926,469.962088358072,2010.93499765748,2011.81087671233,548500000
591,595,0.0768652518313289,8.49498996670538,8.52051384507107,8.49498404815548,8.5208452921466,438.91298546,438.836120208169,1979.80902950757,1979.8858947594,548500000
591,592,9.17086528826446,8.49498996670538,8.52051384507107,8.4970997645767,8.52083505935617,448.006985496434,438.836120208169,1979.80902950757,1988.97989479584,548500000
592,593,24.2272652988386,8.4970997645767,8.52083505935617,8.49569763565269,8.51947715127436,472.234250795272,448.006985496434,1988.97989479584,2013.20716009468,548500000
592,179,24.0665983548485,8.4970997645767,8.52083505935617,8.49744220507281,8.52177529520516,472.073583851282,448.006985496434,1988.97989479584,2013.04649315069,548500000
593,594,1.13639895317382,8.49569763565269,8.51947715127436,8.49556405562592,8.51955763860192,473.370649748446,472.234250795272,2013.20716009468,2014.34355904785,548500000
593,182,2.7872782614894,8.49569763565269,8.51947715127436,8.49911637083147,8.5251867865069,475.021529056762,472.234250795272,2013.20716009468,2015.99443835616,548500000
594,180,2.71937245900042,8.49556405562592,8.51955763860192,8.49517533890368,8.51898568652615,476.090022207446,473.370649748446,2014.34355904785,2017.06293150685,548500000
594,181,1.74652269479659,8.49556405562592,8.51955763860192,8.49141003311755,8.52083351500807,475.117172443243,473.370649748446,2014.34355904785,2016.09008174265,548500000
595,596,1.04812982742159,8.49498404815548,8.5208452921466,8.49408191514125,8.52158495510517,439.961115287422,438.91298546,1979.8858947594,1980.93402458683,548500000
595,601,7.64426634936916,8.49498404815548,8.5208452921466,8.49492963639898,8.52136426178326,446.55725180937,438.91298546,1979.8858947594,1987.53016110877,548500000
596,600,3.91951092139718,8.49408191514125,8.52158495510517,8.49640438110575,8.52088234013809,443.880626208819,439.961115287422,1980.93402458683,1984.85353550822,548500000
596,597,10.6525260622615,8.49408191514125,8.52158495510517,8.49600644455028,8.52143707108457,450.613641349684,439.961115287422,1980.93402458683,1991.58655064909,548500000
597,599,3.33818390049992,8.49600644455028,8.52143707108457,8.49577565813143,8.52316575146227,453.951825250184,450.613641349684,1991.58655064909,1994.92473454959,548500000
597,598,2.16603341394484,8.49600644455028,8.52143707108457,8.49734120382389,8.52645192876112,452.779674763628,450.613641349684,1991.58655064909,1993.75258406303,548500000
598,184,22.299246313494,8.49734120382389,8.52645192876112,8.49884472174934,8.51984274942481,475.078921077122,452.779674763628,1993.75258406303,2016.05183037653,548500000
598,183,22.4440550566632,8.49734120382389,8.52645192876112,8.49860601778311,8.52411203613694,475.223729820292,452.779674763628,1993.75258406303,2016.19663911969,548500000
599,185,1.91530127808982,8.49577565813143,8.52316575146227,9.91355014753208,8.8919906745716,455.867126528273,453.951825250184,1994.92473454959,1996.84003582768,548500000
599,186,17.2309209635508,8.49577565813143,8.52316575146227,8.49647314559462,8.52206055522637,471.182746213734,453.951825250184,1994.92473454959,2012.15565551314,548500000
600,188,29.1984370945176,8.49640438110575,8.52088234013809,8.49509003319864,8.52073796916548,473.079063303337,443.880626208819,1984.85353550822,2014.05197260274,548500000
600,187,31.1409028479424,8.49640438110575,8.52088234013809,8.4,8.55,475.021529056762,443.880626208819,1984.85353550822,2015.99443835616,548500000
601,189,12.7074616174794,8.49492963639898,8.52136426178326,9.91289400743785,8.88656007151849,459.264713426849,446.55725180937,1987.53016110877,2000.23762272625,548500000
601,190,28.5927075191187,8.49492963639898,8.52136426178326,8.49914766197296,8.52253962918332,475.149959328488,446.55725180937,1987.53016110877,2016.12286862789,548500000
602,603,137.965704009087,9.78417927371266,8.81034990391742,11.0909723538767,7.68803219842992,407.403266874807,269.43756286572,1810.41047216512,1948.37617617421,548500000
602,604,60.7424194081553,9.78417927371266,8.81034990391742,9.77395717314269,8.80860280320688,330.179982273875,269.43756286572,1810.41047216512,1871.15289157328,548500000
603,192,66.6977142367495,11.0909723538767,7.68803219842992,11.0870288446671,7.68759190777458,474.100981111556,407.403266874807,1948.37617617421,2015.07389041096,548500000
603,191,29.48327884763,11.0909723538767,7.68803219842992,11.0873929353093,7.68416351047635,436.886545722437,407.403266874807,1948.37617617421,1977.85945502184,548500000
604,605,31.5188622584726,9.77395717314269,8.80860280320688,9.77564261352392,8.80739524618001,361.698844532348,330.179982273875,1871.15289157328,1902.67175383175,548500000
604,608,37.2101486842284,9.77395717314269,8.80860280320688,9.91925116042512,8.87732493242859,367.390130958104,330.179982273875,1871.15289157328,1908.36304025751,548500000
605,607,25.9918811645971,9.77564261352392,8.80739524618001,9.78160722704712,8.28121277771027,387.690725696945,361.698844532348,1902.67175383175,1928.66363499635,548500000
605,606,29.4987431969243,9.77564261352392,8.80739524618001,9.73598949780423,8.8822442667194,391.197587729272,361.698844532348,1902.67175383175,1932.17049702868,548500000
606,193,44.6509281288856,9.73598949780423,8.8822442667194,9.73535741577324,8.81282374726249,435.848515858158,391.197587729272,1932.17049702868,1976.82142515756,548500000
606,194,75.8321530199814,9.73598949780423,8.8822442667194,9.050211,7.396413,467.029740749253,391.197587729272,1932.17049702868,2008.00265004866,548500000
607,195,46.7927232465415,9.78160722704712,8.28121277771027,9.783333,8.283333,434.483448943486,387.690725696945,1928.66363499635,1975.45635824289,548500000
607,196,87.481091555041,9.78160722704712,8.28121277771027,10.523056,7.440278,475.171817251986,387.690725696945,1928.66363499635,2016.14472655139,548500000
608,202,106.656055632905,9.91925116042512,8.87732493242859,10.3156115930841,9.8413739469288,474.046186591008,367.390130958104,1908.36304025751,2015.01909589041,548500000
608,609,29.41985915584,9.91925116042512,8.87732493242859,9.90652296884275,8.88570626116121,396.809990113944,367.390130958104,1908.36304025751,1937.78289941335,548500000
609,197,75.3731827784344,9.90652296884275,8.88570626116121,9.91618736518843,8.89336103817895,472.183172892378,396.809990113944,1937.78289941335,2013.15608219178,548500000
609,610,25.3935734239579,9.90652296884275,8.88570626116121,9.91415552232952,8.88942533638638,422.203563537901,396.809990113944,1937.78289941335,1963.1764728373,548500000
610,612,6.72949694377212,9.91415552232952,8.88942533638638,9.74002577173175,8.81839060445296,428.933060481674,422.203563537901,1963.1764728373,1969.90596978108,548500000
610,611,4.64499842906718,9.91415552232952,8.88942533638638,9.91467904287741,8.88958622194402,426.848561966969,422.203563537901,1963.1764728373,1967.82147126637,548500000
611,199,45.2222821582861,9.91467904287741,8.88958622194402,7.732152,8.539144,472.070844125255,426.848561966969,1967.82147126637,2013.04375342466,548500000
611,198,25.4801231848168,9.91467904287741,8.88958622194402,9.91375885329651,8.88624277163889,452.328685151785,426.848561966969,1967.82147126637,1993.30159445119,548500000
612,200,6.0072343557943,9.74002577173175,8.81839060445296,9.73867130662906,8.81389114458936,434.940294837468,428.933060481674,1969.90596978108,1975.91320413687,548500000
612,201,45.1240850134441,9.74002577173175,8.81839060445296,9.74018465559197,8.80451286403297,474.057145495118,428.933060481674,1969.90596978108,2015.03005479452,548500000
