node1,node2,length,startLat,startLon,endLat,endLon,endNodeL,startNodeL,startYear,endYear,treeID
814,816,124.758038356915,7.6277773964842,4.61326071810698,7.67916575076406,4.61882595765404,349.764114755561,225.006076398646,1741.974020046,1866.73205840292,477100000
814,815,193.055451027169,7.6277773964842,4.61326071810698,7.8563038332562,5.17568722301815,418.061527425815,225.006076398646,1741.974020046,1935.02947107317,477100000
815,404,84.0142823514864,7.8563038332562,5.17568722301815,7.525829,5.762072,502.075809777302,418.061527425815,1935.02947107317,2019.04375342466,477100000
815,405,81.0059658607311,7.8563038332562,5.17568722301815,7.845422,5.182916,499.067493286547,418.061527425815,1935.02947107317,2016.0354369339,477100000
816,817,132.989690876663,7.67916575076406,4.61882595765404,7.68767278115285,4.62120973534759,482.753805632224,349.764114755561,1866.73205840292,1999.72174927958,477100000
816,818,79.4286971888941,7.67916575076406,4.61882595765404,7.68131355197774,4.61516340486459,429.192811944455,349.764114755561,1866.73205840292,1946.16075559181,477100000
817,407,9.08894959540159,7.68767278115285,4.62120973534759,7.68561960816702,4.61829173303735,491.842755227626,482.753805632224,1999.72174927958,2008.81069887498,477100000
817,406,9.46335129112903,7.68767278115285,4.62120973534759,7.68520459385122,4.61928731676832,492.217156923353,482.753805632224,1999.72174927958,2009.18510057071,477100000
818,819,29.5342372806461,7.68131355197774,4.61516340486459,7.6823458332469,4.61649948819468,458.727049225101,429.192811944455,1946.16075559181,1975.69499287246,477100000
818,408,63.0411611497525,7.68131355197774,4.61516340486459,7.68395818548289,4.61435449649749,492.233973094207,429.192811944455,1946.16075559181,2009.20191674156,477100000
819,410,36.5071107281124,7.6823458332469,4.61649948819468,7.67961408805638,4.61694031615839,495.234159953213,458.727049225101,1975.69499287246,2012.20210360057,477100000
819,409,33.0845006762162,7.6823458332469,4.61649948819468,7.68568904681139,4.61680177292813,491.811549901317,458.727049225101,1975.69499287246,2008.77949354867,477100000
413,414,59.7981057609279,5.93133787310999,7.84717017215793,6.0528991315742,7.80417663786555,359.649216402971,299.851110642043,1816.8190542894,1876.61716005033,477100000
413,423,51.2897663861309,5.93133787310999,7.84717017215793,5.92060162735374,7.85082842822553,351.140877028174,299.851110642043,1816.8190542894,1868.10882067553,477100000
414,415,73.5577180705959,6.0528991315742,7.80417663786555,6.06371885116158,7.81107600449779,433.206934473567,359.649216402971,1876.61716005033,1950.17487812092,477100000
414,417,50.9548977739908,6.0528991315742,7.80417663786555,5.48017502946941,7.03585270157082,410.604114176962,359.649216402971,1876.61716005033,1927.57205782432,477100000
415,3,65.931597064346,6.06371885116158,7.81107600449779,6.0767,8.0701,499.138531537913,433.206934473567,1950.17487812092,2016.10647518527,477100000
415,416,8.84329400818812,6.06371885116158,7.81107600449779,6.06375139747953,7.81440455192773,442.050228481755,433.206934473567,1950.17487812092,1959.01817212911,477100000
416,1,30.5166117881559,6.06375139747953,7.81440455192773,6.75249904015634,6.13142219613912,472.566840269911,442.050228481755,1959.01817212911,1989.53478391727,477100000
416,2,59.0721566380127,6.06375139747953,7.81440455192773,6.065463,7.81309,501.122385119768,442.050228481755,1959.01817212911,2018.09032876712,477100000
417,418,47.1042389341347,5.48017502946941,7.03585270157082,5.47851972238583,7.0355258377897,457.708353111096,410.604114176962,1927.57205782432,1974.67629675845,477100000
417,422,14.5402795703469,5.48017502946941,7.03585270157082,5.48397252145398,7.03754207597585,425.144393747309,410.604114176962,1927.57205782432,1942.11233739466,477100000
418,419,8.75219133786803,5.47851972238583,7.0355258377897,5.47558453430245,7.03653887767179,466.460544448964,457.708353111096,1974.67629675845,1983.42848809632,477100000
418,4,41.3946593011333,5.47851972238583,7.0355258377897,5.48377003798974,7.03778277594673,499.10301241223,457.708353111096,1974.67629675845,2016.07095605959,477100000
419,5,29.6618406708032,5.47558453430245,7.03653887767179,6.452667,7.510333,496.122385119768,466.460544448964,1983.42848809632,2013.09032876712,477100000
419,420,13.3616093178703,5.47558453430245,7.03653887767179,4.77480063985141,6.9990610862761,479.822153766835,466.460544448964,1983.42848809632,1996.79009741419,477100000
420,6,16.4837929967686,4.77480063985141,6.9990610862761,4.865528,7.013852,496.305946763603,479.822153766835,1996.79009741419,2013.27389041096,477100000
420,421,4.55956527784383,4.77480063985141,6.9990610862761,4.77446535365405,7.00026146741939,484.381719044679,479.822153766835,1996.79009741419,2001.34966269203,477100000
421,7,10.7895993784799,4.77446535365405,7.00026146741939,4.77149,7.01435,495.171318423159,484.381719044679,2001.34966269203,2012.13926207051,477100000
421,8,14.6967032036165,4.77446535365405,7.00026146741939,5.033333,7.916667,499.078422248295,484.381719044679,2001.34966269203,2016.04636589565,477100000
422,10,47.3182677209191,5.48397252145398,7.03754207597585,5.48317958640007,7.0353944454292,472.462661468228,425.144393747309,1942.11233739466,1989.43060511558,477100000
422,9,47.8840043858686,5.48397252145398,7.03754207597585,5.48588976258767,7.03987976263446,473.028398133177,425.144393747309,1942.11233739466,1989.99634178053,477100000
423,435,35.2303633908376,5.92060162735374,7.85082842822553,6.16785252147099,6.7566238537967,386.371240419012,351.140877028174,1868.10882067553,1903.33918406637,477100000
423,424,84.4886577701263,5.92060162735374,7.85082842822553,5.95189146293252,7.85266556143928,435.6295347983,351.140877028174,1868.10882067553,1952.59747844566,477100000
424,11,65.435316074892,5.95189146293252,7.85266556143928,5.967,7.867,501.064850873192,435.6295347983,1952.59747844566,2018.03279452055,477100000
424,425,18.2000227450286,5.95189146293252,7.85266556143928,6.32128472304857,8.09988863260082,453.829557543329,435.6295347983,1952.59747844566,1970.79750119068,477100000
425,426,12.8710058198869,6.32128472304857,8.09988863260082,6.32347065001117,8.10151186914442,466.700563363216,453.829557543329,1970.79750119068,1983.66850701057,477100000
425,22,47.2681700421921,6.32128472304857,8.09988863260082,6.556183,8.303293,501.097727585521,453.829557543329,1970.79750119068,2018.06567123288,477100000
426,427,8.5199791201358,6.32347065001117,8.10151186914442,6.33121851799011,8.10237623408635,475.220542483352,466.700563363216,1983.66850701057,1992.18848613071,477100000
426,12,34.4464792907984,6.32347065001117,8.10151186914442,6.3284501307556,8.10082041562745,501.147042654014,466.700563363216,1983.66850701057,2018.11498630137,477100000
427,428,3.30280616090396,6.33121851799011,8.10237623408635,6.32618733469109,8.10170491444848,478.523348644256,475.220542483352,1992.18848613071,1995.49129229161,477100000
427,21,25.8717056501147,6.33121851799011,8.10237623408635,6.032415,7.850118,501.092248133466,475.220542483352,1992.18848613071,2018.06019178082,477100000
428,431,1.30700067746664,6.32618733469109,8.10170491444848,6.32815969920345,8.10020854554459,479.830349321722,478.523348644256,1995.49129229161,1996.79829296908,477100000
428,429,4.39208691738479,6.32618733469109,8.10170491444848,6.32873249657919,8.10274637883872,482.91543556164,478.523348644256,1995.49129229161,1999.883379209,477100000
429,13,18.2069495581274,6.32873249657919,8.10274637883872,6.3298218976127,8.09698200080471,501.122385119768,482.91543556164,1999.883379209,2018.09032876712,477100000
429,430,7.63937728587251,6.32873249657919,8.10274637883872,6.33378825384091,8.10558402297139,490.554812847513,482.91543556164,1999.883379209,2007.52275649487,477100000
430,14,5.50347636653565,6.33378825384091,8.10558402297139,9.8,8.866667,496.058289214048,490.554812847513,2007.52275649487,2013.0262328614,477100000
430,15,6.84154487499445,6.33378825384091,8.10558402297139,6.3354459562343,8.10481758859521,497.396357722507,490.554812847513,2007.52275649487,2014.36430136986,477100000
431,432,2.28612750916969,6.32815969920345,8.10020854554459,6.32820082460495,8.1034566116294,482.116476830892,479.830349321722,1996.79829296908,1999.08442047825,477100000
431,16,16.2673782637988,6.32815969920345,8.10020854554459,6.33451953791785,8.10078624684006,496.097727585521,479.830349321722,1996.79829296908,2013.06567123288,477100000
432,17,19.0168671929852,6.32820082460495,8.1034566116294,6.1878,8.1189,501.133344023877,482.116476830892,1999.08442047825,2018.10128767123,477100000
432,433,6.40361964708682,6.32820082460495,8.1034566116294,6.32760800620945,8.10851770694829,488.520096477979,482.116476830892,1999.08442047825,2005.48804012533,477100000
433,20,12.6351653541177,6.32760800620945,8.10851770694829,6.128725,8.00679,501.155261832096,488.520096477979,2005.48804012533,2018.12320547945,477100000
433,434,3.11330640256859,6.32760800620945,8.10851770694829,6.33207931056143,8.09812562924919,491.633402880547,488.520096477979,2005.48804012533,2008.6013465279,477100000
434,19,9.47802333511074,6.33207931056143,8.09812562924919,6.340038,8.129261,501.111426215658,491.633402880547,2008.6013465279,2018.07936986301,477100000
434,18,9.49994114332983,6.33207931056143,8.09812562924919,6.33051714067075,8.09607123069906,501.133344023877,491.633402880547,2008.6013465279,2018.10128767123,477100000
435,436,45.491819567677,6.16785252147099,6.7566238537967,6.17403871925229,6.77297914300851,431.863059986689,386.371240419012,1903.33918406637,1948.83100363404,477100000
435,443,38.2963765030319,6.16785252147099,6.7566238537967,6.19646041602625,6.76150435200366,424.667616922043,386.371240419012,1903.33918406637,1941.6355605694,477100000
436,438,7.95834226942099,6.17403871925229,6.77297914300851,8.89113718772851,11.3527711810325,439.82140225611,431.863059986689,1948.83100363404,1956.78934590347,477100000
436,437,23.5574469246981,6.17403871925229,6.77297914300851,6.15875860090352,6.78431394126963,455.420506911387,431.863059986689,1948.83100363404,1972.38845055874,477100000
437,24,1.74370301395425,6.15875860090352,6.78431394126963,6.16979267550837,6.7869113735307,457.164209925341,455.420506911387,1972.38845055874,1974.1321535727,477100000
437,23,1.72741228365953,6.15875860090352,6.78431394126963,6.16240506319545,6.78209633221215,457.147919195046,455.420506911387,1972.38845055874,1974.1158628424,477100000
438,439,18.786799960625,8.89113718772851,11.3527711810325,8.89247488853619,11.3531739999971,458.608202216735,439.82140225611,1956.78934590347,1975.57614586409,477100000
438,442,32.6524016096085,8.89113718772851,11.3527711810325,8.8951087989398,11.3512233986921,472.473803865718,439.82140225611,1956.78934590347,1989.44174751307,477100000
439,440,12.2393711041273,8.89247488853619,11.3531739999971,8.88854569074291,11.3543358816446,470.847573320862,458.608202216735,1975.57614586409,1987.81551696822,477100000
439,441,28.8052424290752,8.89247488853619,11.3531739999971,8.89519980693126,11.3532062081003,487.41344464581,458.608202216735,1975.57614586409,2004.38138829317,477100000
440,25,30.2775515249332,8.88854569074291,11.3543358816446,8.89718034941841,11.362046360053,501.125124845795,470.847573320862,1987.81551696822,2018.09306849315,477100000
440,26,24.2882259766136,8.88854569074291,11.3543358816446,8.89078607149554,11.3564531408427,495.135799297475,470.847573320862,1987.81551696822,2012.10374294483,477100000
441,27,8.79387198080711,8.89519980693126,11.3532062081003,8.89625004817469,11.3532102786291,496.207316626617,487.41344464581,2004.38138829317,2013.17526027397,477100000
441,28,10.7692144465607,8.89519980693126,11.3532062081003,8.89795499794569,11.3569747458281,498.18265909237,487.41344464581,2004.38138829317,2015.15060273973,477100000
442,30,22.6674599126319,8.8951087989398,11.3512233986921,8.89670257375037,11.3593555968192,495.14126377835,472.473803865718,1989.44174751307,2012.10920742571,477100000
442,29,26.5690992568942,8.8951087989398,11.3512233986921,7.251211,9.976395,499.042903122612,472.473803865718,1989.44174751307,2016.01084676997,477100000
443,444,7.68776575609304,6.19646041602625,6.76150435200366,6.6718062788007,6.38623299485588,432.355382678136,424.667616922043,1941.6355605694,1949.32332632549,477100000
443,612,54.9155134726901,6.19646041602625,6.76150435200366,6.19759175047947,6.7107893883226,479.583130394734,424.667616922043,1941.6355605694,1996.55107404209,477100000
444,445,9.22618766440908,6.6718062788007,6.38623299485588,6.67937432110954,6.37913410296204,441.581570342546,432.355382678136,1949.32332632549,1958.5495139899,477100000
444,609,31.4042731091918,6.6718062788007,6.38623299485588,6.67238898456017,6.38272862181503,463.759655787328,432.355382678136,1949.32332632549,1980.72759943468,477100000
445,446,5.51909587601398,6.67937432110954,6.37913410296204,6.67293529740389,6.38003724792555,447.10066621856,441.581570342546,1958.5495139899,1964.06860986592,477100000
445,459,6.36527735862392,6.67937432110954,6.37913410296204,6.71238179506363,6.33514195688472,447.946847701169,441.581570342546,1958.5495139899,1964.91479134853,477100000
446,447,1.59018766931374,6.67293529740389,6.38003724792555,6.67312564139188,6.38022382549274,448.690853887873,447.10066621856,1964.06860986592,1965.65879753523,477100000
446,451,30.4077431898496,6.67293529740389,6.38003724792555,6.75374416058779,6.13408122571144,477.508409408409,447.10066621856,1964.06860986592,1994.47635305577,477100000
447,448,24.4264724513236,6.67312564139188,6.38022382549274,6.47300754850803,6.75107753621426,473.117326339197,448.690853887873,1965.65879753523,1990.08526998655,477100000
447,450,18.6190450379429,6.67312564139188,6.38022382549274,6.67158211913221,6.37873953999534,467.309898925816,448.690853887873,1965.65879753523,1984.27784257317,477100000
448,31,22.3190194063661,6.47300754850803,6.75107753621426,6.19532498684703,6.7242817477747,495.436345745563,473.117326339197,1990.08526998655,2012.40428939292,477100000
448,449,16.6281146423686,6.47300754850803,6.75107753621426,6.45250495425935,6.72674856821799,489.745440981565,473.117326339197,1990.08526998655,2006.71338462892,477100000
449,33,11.3632455080652,6.45250495425935,6.72674856821799,6.452245,6.728375,501.108686489631,489.745440981565,2006.71338462892,2018.07663013699,477100000
449,32,11.4016016724487,6.45250495425935,6.72674856821799,6.452608,6.726605,501.147042654014,489.745440981565,2006.71338462892,2018.11498630137,477100000
450,34,33.7905683857322,6.67158211913221,6.37873953999534,6.66209647434168,6.38044624195503,501.100467311548,467.309898925816,1984.27784257317,2018.0684109589,477100000
450,35,33.7713903035405,6.67158211913221,6.37873953999534,7.098654,6.678859,501.081289229357,467.309898925816,1984.27784257317,2018.04923287671,477100000
451,36,24.6906880401256,6.75374416058779,6.13408122571144,7.19843641896263,5.58438672710694,502.199097448535,477.508409408409,1994.47635305577,2019.16704109589,477100000
451,452,1.54587907904678,6.75374416058779,6.13408122571144,6.75470889286102,6.13400192756275,479.054288487456,477.508409408409,1994.47635305577,1996.02223213481,477100000
452,453,1.27074297309232,6.75470889286102,6.13400192756275,6.75594284199275,6.13650713084595,480.325031460548,479.054288487456,1996.02223213481,1997.2929751079,477100000
452,455,4.90990758419197,6.75470889286102,6.13400192756275,6.7517063787723,6.13904737134069,483.964196071648,479.054288487456,1996.02223213481,2000.932139719,477100000
453,454,19.9039610116636,6.75594284199275,6.13650713084595,6.75236552718681,6.13485460323161,500.228992472212,480.325031460548,1997.2929751079,2017.19693611957,477100000
453,39,15.5020246675283,6.75594284199275,6.13650713084595,6.74603712108149,6.12875870056519,495.827056128077,480.325031460548,1997.2929751079,2012.79499977543,477100000
454,37,0.871474839336448,6.75236552718681,6.13485460323161,6.74979831599804,6.13471771083503,501.100467311548,500.228992472212,2017.19693611957,2018.0684109589,477100000
454,38,0.898872099610477,6.75236552718681,6.13485460323161,6.75286427801487,6.13503170410541,501.127864571822,500.228992472212,2017.19693611957,2018.09580821918,477100000
455,456,1.07587422004458,6.7517063787723,6.13904737134069,6.74971850757576,6.13832860358356,485.040070291693,483.964196071648,2000.932139719,2002.00801393905,477100000
455,40,17.0842164453799,6.7517063787723,6.13904737134069,6.505376,6.207318,501.048412517028,483.964196071648,2000.932139719,2018.01635616438,477100000
456,457,0.411829143772263,6.74971850757576,6.13832860358356,6.74988882133169,6.13805823331118,485.451899435465,485.040070291693,2002.00801393905,2002.41984308282,477100000
456,458,5.65307183021241,6.74971850757576,6.13832860358356,6.75122473152301,6.13764842973171,490.693142121905,485.040070291693,2002.00801393905,2007.66108576926,477100000
457,42,16.6458281500562,6.74988882133169,6.13805823331118,6.75222494097981,6.13747345371784,502.097727585521,485.451899435465,2002.41984308282,2019.06567123288,477100000
457,41,15.7526774651247,6.74988882133169,6.13805823331118,6.75268218482716,6.13765125146266,501.20457690059,485.451899435465,2002.41984308282,2018.17252054795,477100000
458,44,6.40458546361607,6.75122473152301,6.13764842973171,6.74675115566874,6.22512759461501,497.097727585521,490.693142121905,2007.66108576926,2014.06567123288,477100000
458,43,11.4045854636161,6.75122473152301,6.13764842973171,6.75094230423788,6.13827085613776,502.097727585521,490.693142121905,2007.66108576926,2019.06567123288,477100000
459,460,1.4364171151791,6.71238179506363,6.33514195688472,7.07156414870122,6.26867208153025,449.383264816349,447.946847701169,1964.91479134853,1966.3512084637,477100000
459,595,18.8436149163835,6.71238179506363,6.33514195688472,6.70716089887663,6.32835666157051,466.790462617553,447.946847701169,1964.91479134853,1983.75840626491,477100000
460,462,1.61323680918509,7.07156414870122,6.26867208153025,7.07000082399904,6.27073112271271,450.996501625534,449.383264816349,1966.3512084637,1967.96444527289,477100000
460,461,20.6365870528615,7.07156414870122,6.26867208153025,7.06491764124411,6.27865078222213,470.01985186921,449.383264816349,1966.3512084637,1986.98779551657,477100000
461,46,31.1217113327493,7.06491764124411,6.27865078222213,7.06180221539114,6.2674934241524,501.141563201959,470.01985186921,1986.98779551657,2018.10950684932,477100000
461,45,31.1326702368589,7.06491764124411,6.27865078222213,6.947775,5.91429,501.152522106069,470.01985186921,1986.98779551657,2018.12046575342,477100000
462,593,35.8353203104758,7.07000082399904,6.27073112271271,7.10867189253704,6.74520869531101,486.83182193601,450.996501625534,1967.96444527289,2003.79976558337,477100000
462,463,2.25618973376279,7.07000082399904,6.27073112271271,7.06559653322921,6.26751135895418,453.252691359296,450.996501625534,1967.96444527289,1970.22063500665,477100000
463,464,0.777920654763982,7.06559653322921,6.26751135895418,7.06533870943539,6.26551963629134,454.03061201406,453.252691359296,1970.22063500665,1970.99855566142,477100000
463,508,1.02548203264465,7.06559653322921,6.26751135895418,6.7473056226674,6.13898745507144,454.278173391941,453.252691359296,1970.22063500665,1971.2461170393,477100000
464,465,9.22505986854763,7.06533870943539,6.26551963629134,7.06674434541265,6.26663303200702,463.255671882608,454.03061201406,1970.99855566142,1980.22361552996,477100000
464,47,48.124649818036,7.06533870943539,6.26551963629134,7.06235031202206,6.26667830250209,502.155261832096,454.03061201406,1970.99855566142,2019.12320547945,477100000
465,466,12.0341388529506,7.06674434541265,6.26663303200702,6.9385363153423,5.78449116024703,475.289810735559,463.255671882608,1980.22361552996,1992.25775438291,477100000
465,48,38.7954803604472,7.06674434541265,6.26663303200702,7.06871343712549,6.26454772356534,502.051152243055,463.255671882608,1980.22361552996,2019.01909589041,477100000
466,469,2.70024183878474,6.9385363153423,5.78449116024703,6.93497838730734,5.7841287686808,477.990052574343,475.289810735559,1992.25775438291,1994.9579962217,477100000
466,467,1.587001365673,6.9385363153423,5.78449116024703,6.93971821546087,5.78448687378415,476.876812101232,475.289810735559,1992.25775438291,1993.84475574859,477100000
467,49,22.0017374020976,6.93971821546087,5.78448687378415,6.92401180105669,5.77620599448396,498.878549503329,476.876812101232,1993.84475574859,2015.84649315069,477100000
467,468,0.962847944155321,6.93971821546087,5.78448687378415,6.93802437121865,5.77973022055815,477.839660045387,476.876812101232,1993.84475574859,1994.80760369274,477100000
468,51,23.3512182250655,6.93802437121865,5.77973022055815,6.8463708444716,5.59806097052904,501.190878270453,477.839660045387,1994.80760369274,2018.15882191781,477100000
468,50,24.2142319236956,6.93802437121865,5.77973022055815,7.457113,5.799837,502.053891969083,477.839660045387,1994.80760369274,2019.02183561644,477100000
469,472,5.48109919654614,6.93497838730734,5.7841287686808,7.19715717247281,5.58734392921185,483.47115177089,477.990052574343,1994.9579962217,2000.43909541825,477100000
469,470,3.63563216837563,6.93497838730734,5.7841287686808,6.92916376002934,5.78112685601868,481.625684742719,477.990052574343,1994.9579962217,1998.59362839007,477100000
470,471,9.65531403834628,6.92916376002934,5.78112685601868,6.92540617295436,5.77473219166282,491.280998781065,481.625684742719,1998.59362839007,2008.24894242842,477100000
470,52,19.5186181852677,6.92916376002934,5.78112685601868,6.93116702113414,5.77073406384608,501.144302927987,481.625684742719,1998.59362839007,2018.11224657534,477100000
471,54,6.35645483185305,6.92540617295436,5.77473219166282,6.92636571152607,5.77629964561078,497.637453612918,491.280998781065,2008.24894242842,2014.60539726027,477100000
471,53,6.89344113322283,6.92540617295436,5.77473219166282,6.92283371898302,5.77734481992318,498.174439914288,491.280998781065,2008.24894242842,2015.14238356164,477100000
472,473,6.33204516689993,7.19715717247281,5.58734392921185,7.19710777904972,5.58869823678097,489.803196937789,483.47115177089,2000.43909541825,2006.77114058515,477100000
472,491,4.10905729976968,7.19715717247281,5.58734392921185,7.19676874254862,5.58752598489064,487.580209070659,483.47115177089,2000.43909541825,2004.54815271801,477100000
473,474,0.476307091556535,7.19710777904972,5.58869823678097,7.20130435283208,5.58052206112051,490.279504029346,489.803196937789,2006.77114058515,2007.2474476767,477100000
473,490,3.48072447350063,7.19710777904972,5.58869823678097,7.19409068254187,5.59177471887396,493.28392141129,489.803196937789,2006.77114058515,2010.25186505865,477100000
474,71,10.8757578027504,7.20130435283208,5.58052206112051,7.20164417536143,5.58480655806727,501.155261832096,490.279504029346,2007.2474476767,2018.12320547945,477100000
474,475,1.3217997752039,7.20130435283208,5.58052206112051,7.20395939717472,5.58021919897165,491.60130380455,490.279504029346,2007.2474476767,2008.56924745191,477100000
475,476,0.189037884114937,7.20395939717472,5.58021919897165,7.20658400962585,5.5826265256071,491.790341688665,491.60130380455,2008.56924745191,2008.75828533602,477100000
475,70,10.5457388494642,7.20395939717472,5.58021919897165,7.20222727716589,5.58477259027567,502.147042654014,491.60130380455,2008.56924745191,2019.11498630137,477100000
476,477,1.71735989872437,7.20658400962585,5.5826265256071,7.19327923470694,5.58715594339187,493.507701587389,491.790341688665,2008.75828533602,2010.47564523475,477100000
476,480,2.66185549300533,7.20658400962585,5.5826265256071,7.20390370645432,5.5841829818925,494.45219718167,491.790341688665,2008.75828533602,2011.42014082903,477100000
477,478,3.67224910162482,7.19327923470694,5.58715594339187,7.19718110713886,5.58731801248928,497.179950689014,493.507701587389,2010.47564523475,2014.14789433637,477100000
477,58,7.54071092963868,7.19327923470694,5.58715594339187,7.19603469704397,5.58767113113469,501.048412517028,493.507701587389,2010.47564523475,2018.01635616438,477100000
478,479,0.110962266249965,7.19718110713886,5.58731801248928,7.19649996486241,5.58734316790731,497.290912955264,497.179950689014,2014.14789433637,2014.25885660262,477100000
478,55,3.95887278691802,7.19718110713886,5.58731801248928,7.19380193763916,5.5850346713394,501.138823475932,497.179950689014,2014.14789433637,2018.10676712329,477100000
479,57,4.78763654806528,7.19649996486241,5.58734316790731,7.20155439598344,5.58949001380366,502.078549503329,497.290912955264,2014.25885660262,2019.04649315069,477100000
479,56,3.77119819190091,7.19649996486241,5.58734316790731,7.20156820850631,5.58159522677569,501.062111147165,497.290912955264,2014.25885660262,2018.03005479452,477100000
480,481,0.0694949573520605,7.20390370645432,5.5841829818925,7.20372809812326,5.58413887966516,494.521692139022,494.45219718167,2011.42014082903,2011.48963578638,477100000
480,69,6.68114684220693,7.20390370645432,5.5841829818925,7.20220094513337,5.58303718064176,501.133344023877,494.45219718167,2011.42014082903,2018.10128767123,477100000
481,482,0.4062034233022,7.20372809812326,5.58413887966516,7.19777052788562,5.58893309212272,494.927895562324,494.521692139022,2011.48963578638,2011.89583920968,477100000
481,487,1.08154598200435,7.20372809812326,5.58413887966516,7.20214203599257,5.58695181517348,495.603238121027,494.521692139022,2011.48963578638,2012.57118176838,477100000
482,59,7.16435257114186,7.19777052788562,5.58893309212272,7.19702057075159,5.58256240153155,502.092248133466,494.927895562324,2011.89583920968,2019.06019178082,477100000
482,483,0.108604970020551,7.19777052788562,5.58893309212272,7.19744974187208,5.58872787430401,495.036500532345,494.927895562324,2011.89583920968,2012.0044441797,477100000
483,484,1.93390437449255,7.19744974187208,5.58872787430401,7.19875569969525,5.58892641649436,496.970404906838,495.036500532345,2012.0044441797,2013.93834855419,477100000
483,60,6.11876129975144,7.19744974187208,5.58872787430401,7.62692,5.21561,501.155261832096,495.036500532345,2012.0044441797,2018.12320547945,477100000
484,61,1.76841856909442,7.19875569969525,5.58892641649436,7.1989188153774,5.58424431462821,498.738823475932,496.970404906838,2013.93834855419,2015.70676712329,477100000
484,485,0.189850095027469,7.19875569969525,5.58892641649436,7.19712910348443,5.58799695581002,497.160255001865,496.970404906838,2013.93834855419,2014.12819864922,477100000
485,64,3.91555477543691,7.19712910348443,5.58799695581002,7.19256559776366,5.58540255975335,501.075809777302,497.160255001865,2014.12819864922,2018.04375342466,477100000
485,486,0.180137534493492,7.19712910348443,5.58799695581002,7.1969715919424,5.58769138870215,497.340392536358,497.160255001865,2014.12819864922,2014.30833618371,477100000
486,62,4.7874720354639,7.1969715919424,5.58769138870215,7.19602461972908,5.5878681247014,502.127864571822,497.340392536358,2014.30833618371,2019.09580821918,477100000
486,63,4.75459532313515,7.1969715919424,5.58769138870215,7.19644196881451,5.58767022737632,502.094987859494,497.340392536358,2014.30833618371,2019.06293150685,477100000
487,65,5.55202371106983,7.20214203599257,5.58695181517348,7.19685973839732,5.58975384037659,501.155261832096,495.603238121027,2012.57118176838,2018.12320547945,477100000
487,488,0.529874297986876,7.20214203599257,5.58695181517348,7.20318237827067,5.58677050690125,496.133112419013,495.603238121027,2012.57118176838,2013.10105606637,477100000
488,68,6.05776585143906,7.20318237827067,5.58677050690125,7.20056451410134,5.58200793662373,502.190878270453,496.133112419013,2013.10105606637,2019.15882191781,477100000
488,489,0.587095783131184,7.20318237827067,5.58677050690125,7.20342968438943,5.58722643508644,496.720208202145,496.133112419013,2013.10105606637,2013.6881518495,477100000
489,66,5.48710842447225,7.20342968438943,5.58722643508644,7.20136723351589,5.58789402934301,502.207316626617,496.720208202145,2013.6881518495,2019.17526027397,477100000
489,67,5.38847828748602,7.20342968438943,5.58722643508644,7.1958719756085,5.58884027227673,502.108686489631,496.720208202145,2013.6881518495,2019.07663013699,477100000
490,73,7.84394316053229,7.19409068254187,5.59177471887396,7.19451459659427,5.59139598100506,501.127864571822,493.28392141129,2010.25186505865,2018.09580821918,477100000
490,72,7.85490206464194,7.19409068254187,5.59177471887396,7.19334157300292,5.58924931017623,501.138823475932,493.28392141129,2010.25186505865,2018.10676712329,477100000
491,506,1.94562717869826,7.19676874254862,5.58752598489064,7.19634391039949,5.58735206923488,489.525836249357,487.580209070659,2004.54815271801,2006.49377989671,477100000
491,492,0.431493945030377,7.19676874254862,5.58752598489064,7.19663672568941,5.58773716344263,488.01170301569,487.580209070659,2004.54815271801,2004.97964666305,477100000
492,493,0.150536224414029,7.19663672568941,5.58773716344263,7.19693316072331,5.58821866203066,488.162239240104,488.01170301569,2004.97964666305,2005.13018288746,477100000
492,499,1.33922439688841,7.19663672568941,5.58773716344263,7.19611582015803,5.58790890126856,489.350927412578,488.01170301569,2004.97964666305,2006.31887105993,477100000
493,494,0.651295675199831,7.19693316072331,5.58821866203066,7.19583910043799,5.58559017850403,488.813534915303,488.162239240104,2005.13018288746,2005.78147856266,477100000
493,80,12.9163102632256,7.19693316072331,5.58821866203066,8.84538,7.87839,501.078549503329,488.162239240104,2005.13018288746,2018.04649315069,477100000
494,496,1.16952154744401,7.19583910043799,5.58559017850403,7.19513428242321,5.58479347920033,489.983056462747,488.813534915303,2005.78147856266,2006.9510001101,477100000
494,495,4.54628326745011,7.19583910043799,5.58559017850403,7.19329482260649,5.58579330442148,493.359818182754,488.813534915303,2005.78147856266,2010.32776183011,477100000
495,75,7.76530666304145,7.19329482260649,5.58579330442148,7.19327078368727,5.58878646035224,501.125124845795,493.359818182754,2010.32776183011,2018.09306849315,477100000
495,74,8.72969022468535,7.19329482260649,5.58579330442148,7.19616876137863,5.58862842436787,502.089508407439,493.359818182754,2010.32776183011,2019.05745205479,477100000
496,497,7.83381526398776,7.19513428242321,5.58479347920033,7.20143434424851,5.58402423853903,497.816871726735,489.983056462747,2006.9510001101,2014.78481537409,477100000
496,79,10.3694656433216,7.19513428242321,5.58479347920033,7.19382130116706,5.58668101165025,500.352522106069,489.983056462747,2006.9510001101,2017.32046575342,477100000
497,498,2.91563154216645,7.20143434424851,5.58402423853903,7.1998025080492,5.58232677149067,500.732503268902,497.816871726735,2014.78481537409,2017.70044691626,477100000
497,78,3.33291065330646,7.20143434424851,5.58402423853903,7.19777251038761,5.584369880999,501.149782380042,497.816871726735,2014.78481537409,2018.1177260274,477100000
498,77,1.46111472757819,7.1998025080492,5.58232677149067,7.839884,5.857344,502.19361799648,500.732503268902,2017.70044691626,2019.16156164384,477100000
498,76,1.32960787826322,7.1998025080492,5.58232677149067,7.202272,5.381605,502.062111147165,500.732503268902,2017.70044691626,2019.03005479452,477100000
499,500,1.18088475711403,7.19611582015803,5.58790890126856,7.19861106542318,5.58957832301402,490.531812169692,489.350927412578,2006.31887105993,2007.49975581705,477100000
499,501,1.19761602638124,7.19611582015803,5.58790890126856,7.19740140548433,5.58755650057328,490.548543438959,489.350927412578,2006.31887105993,2007.51648708632,477100000
500,81,11.5494770596646,7.19861106542318,5.58957832301402,6.733367,5.401827,502.081289229357,490.531812169692,2007.49975581705,2019.04923287671,477100000
500,82,11.6481071966508,7.19861106542318,5.58957832301402,7.08483034273667,4.79443845878762,502.179919366343,490.531812169692,2007.49975581705,2019.1478630137,477100000
501,503,1.44117350733364,7.19740140548433,5.58755650057328,7.19706595882569,5.58786311440712,491.989716946293,490.548543438959,2007.51648708632,2008.95766059365,477100000
501,502,0.12985279103353,7.19740140548433,5.58755650057328,7.19520427948485,5.58747880283305,490.678396229993,490.548543438959,2007.51648708632,2007.64633987735,477100000
502,84,10.4713861500489,7.19520427948485,5.58747880283305,7.19844224386605,5.58469141660606,501.149782380042,490.678396229993,2007.64633987735,2018.1177260274,477100000
502,83,8.51751235710035,7.19520427948485,5.58747880283305,7.20061850948016,5.59007134304944,499.195908587093,490.678396229993,2007.64633987735,2016.16385223445,477100000
503,504,0.834021583219727,7.19706595882569,5.58786311440712,7.19752742742098,5.587745741149,492.823738529513,491.989716946293,2008.95766059365,2009.79168217687,477100000
503,505,0.246209811023284,7.19706595882569,5.58786311440712,7.19684644583685,5.58622212145053,492.235926757316,491.989716946293,2008.95766059365,2009.20387040467,477100000
504,85,8.3233041245015,7.19752742742098,5.587745741149,7.19338388725402,5.58307196333667,501.147042654014,492.823738529513,2009.79168217687,2018.11498630137,477100000
504,86,9.27398905600839,7.19752742742098,5.587745741149,7.20018820250094,5.59043195987282,502.097727585521,492.823738529513,2009.79168217687,2019.06567123288,477100000
505,88,7.84536247204046,7.19684644583685,5.58622212145053,7.19600945977269,5.58519451000692,500.081289229357,492.235926757316,2009.20387040467,2017.04923287671,477100000
505,87,8.8344035679308,7.19684644583685,5.58622212145053,7.20072327919715,5.59047101616728,501.070330325247,492.235926757316,2009.20387040467,2018.0382739726,477100000
506,91,12.5746310621909,7.19634391039949,5.58735206923488,7.19711522434991,5.58714871710854,502.100467311548,489.525836249357,2006.49377989671,2019.0684109589,477100000
506,507,2.15655943572224,7.19634391039949,5.58735206923488,7.19739752233085,5.58775951056823,491.68239568508,489.525836249357,2006.49377989671,2008.65033933244,477100000
507,89,10.3468387497564,7.19739752233085,5.58775951056823,7.19722465755738,5.58867816651893,502.029234434836,491.68239568508,2008.65033933244,2018.99717808219,477100000
507,90,10.4208113524962,7.19739752233085,5.58775951056823,6.33325346936822,5.62239897834786,502.103207037576,491.68239568508,2008.65033933244,2019.07115068493,477100000
508,509,1.58868286930225,6.7473056226674,6.13898745507144,6.74580514561548,6.13854850528091,455.866856261243,454.278173391941,1971.2461170393,1972.8347999086,477100000
508,547,7.47530058382791,6.7473056226674,6.13898745507144,6.74649017931447,6.13295394236269,461.753473975769,454.278173391941,1971.2461170393,1978.72141762313,477100000
509,510,1.21517575944689,6.74580514561548,6.13854850528091,6.74645784162184,6.13875285167529,457.08203202069,455.866856261243,1972.8347999086,1974.04997566805,477100000
509,545,0.632339888360676,6.74580514561548,6.13854850528091,6.75674684437809,6.13371195174724,456.499196149604,455.866856261243,1972.8347999086,1973.46713979696,477100000
510,511,2.56535997137183,6.74645784162184,6.13875285167529,6.75184903096083,6.12947223939665,459.647391992062,457.08203202069,1974.04997566805,1976.61533563942,477100000
510,544,28.2331791773163,6.74645784162184,6.13875285167529,6.75086548213792,6.13932243772224,485.315211198007,457.08203202069,1974.04997566805,2002.28315484536,477100000
511,535,4.3789103879069,6.75184903096083,6.12947223939665,6.93543140259931,5.76912969178705,464.026302379969,459.647391992062,1976.61533563942,1980.99424602732,477100000
511,512,1.19777936888533,6.75184903096083,6.12947223939665,7.07518982019025,6.27288197880311,460.845171360947,459.647391992062,1976.61533563942,1977.8131150083,477100000
512,513,1.86329610722054,7.07518982019025,6.27288197880311,7.07621015868297,6.27323747906773,462.708467468168,460.845171360947,1977.8131150083,1979.67641111552,477100000
512,531,14.387413598665,7.07518982019025,6.27288197880311,7.07188972536188,6.28340617408012,475.232584959612,460.845171360947,1977.8131150083,1992.20052860697,477100000
513,514,0.497177483782238,7.07621015868297,6.27323747906773,7.07489857279052,6.27270837094884,463.20564495195,462.708467468168,1979.67641111552,1980.17358859931,477100000
513,524,0.435775179314071,7.07621015868297,6.27323747906773,7.07695269637665,6.2777271927259,463.144242647482,462.708467468168,1979.67641111552,1980.11218629484,477100000
514,515,1.07921092746542,7.07489857279052,6.27270837094884,7.06766359632445,6.26549694292432,464.284855879416,463.20564495195,1980.17358859931,1981.25279952677,477100000
514,517,0.360451959127772,7.07489857279052,6.27270837094884,7.07438042826207,6.27263087956424,463.566096911078,463.20564495195,1980.17358859931,1980.53404055843,477100000
515,94,34.7553150027593,7.06766359632445,6.26549694292432,6.74651416312668,6.22059533973626,499.040170882175,464.284855879416,1981.25279952677,2016.00811452953,477100000
515,516,3.887659573821,7.06766359632445,6.26549694292432,7.06557022163015,6.26361919767368,468.172515453237,464.284855879416,1981.25279952677,1985.14045910059,477100000
516,92,33.0101436391338,7.06557022163015,6.26361919767368,7.06176863367759,6.26975834165609,501.18265909237,468.172515453237,1985.14045910059,2018.15060273973,477100000
516,93,32.9964450089968,7.06557022163015,6.26361919767368,7.218593,6.334514,501.168960462233,468.172515453237,1985.14045910059,2018.13690410959,477100000
517,518,1.2654301442695,7.07438042826207,6.27263087956424,7.07552428614226,6.27420897077191,464.831527055347,463.566096911078,1980.53404055843,1981.7994707027,477100000
517,523,33.4956979328757,7.07438042826207,6.27263087956424,7.07251924913708,6.2671439745243,497.061794843954,463.566096911078,1980.53404055843,2014.02973849131,477100000
518,521,2.17778085609081,7.07552428614226,6.27420897077191,7.07389938936524,6.27500389027382,467.009307911438,464.831527055347,1981.7994707027,1983.97725155879,477100000
518,519,3.63749111873113,7.07552428614226,6.27420897077191,7.07864710747115,6.27506303128003,468.469018174079,464.831527055347,1981.7994707027,1985.43696182143,477100000
519,520,12.0775499025295,7.07864710747115,6.27506303128003,7.0655649215991,6.26170842025037,480.546568076608,468.469018174079,1985.43696182143,1997.51451172396,477100000
519,97,32.0282478221828,7.07864710747115,6.27506303128003,7.088383,6.290372,500.497265996261,468.469018174079,1985.43696182143,2017.46520964362,477100000
520,96,21.5840362212417,7.0655649215991,6.26170842025037,7.07154390699569,6.26479249852647,502.13060429785,480.546568076608,1997.51451172396,2019.09854794521,477100000
520,95,21.5402006048035,7.0655649215991,6.26170842025037,7.06860456799945,6.2631094242821,502.086768681412,480.546568076608,1997.51451172396,2019.05471232877,477100000
521,522,33.0414413889267,7.07389938936524,6.27500389027382,7.08180503805963,6.28497114355724,500.050749300365,467.009307911438,1983.97725155879,2017.01869294772,477100000
521,100,34.1377347425758,7.07389938936524,6.27500389027382,7.06508397745805,6.27053539152582,501.147042654014,467.009307911438,1983.97725155879,2018.11498630137,477100000
522,99,1.04697828515606,7.08180503805963,6.28497114355724,7.08247398928601,6.28210827128587,501.097727585521,500.050749300365,2017.01869294772,2018.06567123288,477100000
522,98,2.13464951803286,7.08180503805963,6.28497114355724,7.08219564314557,6.28555000453249,502.185398818398,500.050749300365,2017.01869294772,2019.15334246575,477100000
523,101,4.09346698814275,7.07251924913708,6.2671439745243,7.113571,6.327094,501.155261832096,497.061794843954,2014.02973849131,2018.12320547945,477100000
523,102,3.99209712512893,7.07251924913708,6.2671439745243,7.06727276490581,6.26234105909033,501.053891969083,497.061794843954,2014.02973849131,2018.02183561644,477100000
524,529,1.57020577644245,7.07695269637665,6.2777271927259,7.0655146289473,6.26986400302169,464.714448423924,463.144242647482,1980.11218629484,1981.68239207128,477100000
524,525,16.1541763764377,7.07695269637665,6.2777271927259,7.08095958245155,6.27987840457831,479.29841902392,463.144242647482,1980.11218629484,1996.26636267128,477100000
525,107,22.7527332191355,7.08095958245155,6.27987840457831,7.08334813996625,6.28597813778541,502.051152243055,479.29841902392,1996.26636267128,2019.01909589041,477100000
525,526,3.21543776186788,7.08095958245155,6.27987840457831,7.08019218868085,6.28001085264136,482.513856785788,479.29841902392,1996.26636267128,1999.48180043314,477100000
526,527,2.71210928081654,7.08019218868085,6.28001085264136,7.08267896987369,6.27982726829295,485.225966066604,482.513856785788,1999.48180043314,2002.19390971396,477100000
526,106,19.6057886079527,7.08019218868085,6.28001085264136,7.0656046289575,6.26328893451476,502.11964539374,482.513856785788,1999.48180043314,2019.0875890411,477100000
527,528,10.0784260632213,7.08267896987369,6.27982726829295,7.07989315961783,6.28245506646099,495.304392129825,485.225966066604,2002.19390971396,2012.27233577718,477100000
527,105,16.8471039846704,7.08267896987369,6.27982726829295,7.08376323962385,6.28819217339463,502.073070051275,485.225966066604,2002.19390971396,2019.04101369863,477100000
528,103,6.76593819542151,7.07989315961783,6.28245506646099,7.08096866241593,6.28390038224119,502.070330325247,495.304392129825,2012.27233577718,2019.0382739726,477100000
528,104,6.73580120912035,7.07989315961783,6.28245506646099,7.08159984343376,6.28331925122227,502.040193338946,495.304392129825,2012.27233577718,2019.0081369863,477100000
529,530,17.1041577401745,7.0655146289473,6.26986400302169,7.06896801554655,6.26906858939097,481.818606164099,464.714448423924,1981.68239207128,1998.78654981145,477100000
529,108,37.490128476665,7.0655146289473,6.26986400302169,7.06402506929373,6.27151645405215,502.20457690059,464.714448423924,1981.68239207128,2019.17252054795,477100000
530,110,20.2599433392303,7.06896801554655,6.26906858939097,7.07041279720376,6.27133012641912,502.078549503329,481.818606164099,1998.78654981145,2019.04649315069,477100000
530,109,20.3722721063535,7.06896801554655,6.26906858939097,7.0830404538633,6.28178802897198,502.190878270453,481.818606164099,1998.78654981145,2019.15882191781,477100000
531,532,5.08342077957454,7.07188972536188,6.28340617408012,7.07343419087486,6.28416258509118,480.316005739187,475.232584959612,1992.20052860697,1997.28394938654,477100000
531,115,22.8185672834428,7.07188972536188,6.28340617408012,10.0727,8.9341,498.051152243055,475.232584959612,1992.20052860697,2015.01909589041,477100000
532,533,7.60490671096188,7.07343419087486,6.28416258509118,7.08164779168947,6.28189261227471,487.920912450149,480.316005739187,1997.28394938654,2004.8888560975,477100000
532,111,15.9241875997586,7.07343419087486,6.28416258509118,4.869632,7.019002,496.240193338946,480.316005739187,1997.28394938654,2013.2081369863,477100000
533,114,14.1631165052351,7.08164779168947,6.28189261227471,7.08076234183341,6.28177564017979,502.084028955384,487.920912450149,2004.8888560975,2019.05197260274,477100000
533,534,3.56594886078294,7.08164779168947,6.28189261227471,7.07940974102096,6.27524409094613,491.486861310932,487.920912450149,2004.8888560975,2008.45480495829,477100000
534,113,10.6492224389729,7.07940974102096,6.27524409094613,7.06460641359442,6.27065950582258,502.136083749905,491.486861310932,2008.45480495829,2019.10402739726,477100000
534,112,9.58620874034275,7.07940974102096,6.27524409094613,7.19312500930318,5.5894215968982,501.073070051275,491.486861310932,2008.45480495829,2018.04101369863,477100000
535,541,12.9027816883884,6.93543140259931,5.76912969178705,6.94552897458691,5.76753665684001,476.929084068357,464.026302379969,1980.99424602732,1993.89702771571,477100000
535,536,24.4339905446401,6.93543140259931,5.76912969178705,6.927650078704,5.7724517235147,488.460292924609,464.026302379969,1980.99424602732,2005.42823657197,477100000
536,121,12.6675716472133,6.927650078704,5.7724517235147,6.92514057629277,5.77163723213495,501.127864571822,488.460292924609,2005.42823657197,2018.09580821918,477100000
536,537,2.26206928890095,6.927650078704,5.7724517235147,6.78437763834297,5.58917697621164,490.72236221351,488.460292924609,2005.42823657197,2007.69030586087,477100000
537,538,1.34467130960398,6.78437763834297,5.58917697621164,6.74786991589507,5.60327598534713,492.067033523114,490.72236221351,2007.69030586087,2009.03497717047,477100000
537,120,6.89043386516166,6.78437763834297,5.58917697621164,6.78481224781333,5.58653208401166,497.612796078672,490.72236221351,2007.69030586087,2014.58073972603,477100000
538,539,0.769722535784307,6.74786991589507,5.60327598534713,6.78076443795671,5.59159124217079,492.836756058898,492.067033523114,2009.03497717047,2009.80469970625,477100000
538,119,9.12658447336586,6.74786991589507,5.60327598534713,6.33783388208724,5.62355514525915,501.19361799648,492.067033523114,2009.03497717047,2018.16156164384,477100000
539,116,9.19795782799255,6.78076443795671,5.59159124217079,6.78048636382262,5.59196631607133,502.034713886891,492.836756058898,2009.80469970625,2019.00265753425,477100000
539,540,1.51477965522856,6.78076443795671,5.59159124217079,6.78012428916015,5.59146300880523,494.351535714127,492.836756058898,2009.80469970625,2011.31947936148,477100000
540,117,3.02838365221602,6.78012428916015,5.59146300880523,6.77967866806584,5.59161782701243,497.379919366343,494.351535714127,2011.31947936148,2014.3478630137,477100000
540,118,3.05304118646269,6.78012428916015,5.59146300880523,6.77961768398999,5.58525491324063,497.40457690059,494.351535714127,2011.31947936148,2014.37252054795,477100000
541,543,18.8551800838771,6.94552897458691,5.76753665684001,6.92811233364545,5.77643606749067,495.784264152235,476.929084068357,1993.89702771571,2012.75220779959,477100000
541,542,4.80211109508969,6.94552897458691,5.76753665684001,7.18177917466946,5.58327414357231,481.731195163447,476.929084068357,1993.89702771571,1998.6991388108,477100000
542,123,19.3281762576904,7.18177917466946,5.58327414357231,7.182869,5.581471,501.059371421138,481.731195163447,1998.6991388108,2018.02731506849,477100000
542,122,20.298039271389,7.18177917466946,5.58327414357231,7.19274962879593,5.58514138738083,502.029234434836,481.731195163447,1998.6991388108,2018.99717808219,477100000
543,124,6.29154562506735,6.92811233364545,5.77643606749067,6.92283658941346,5.77602143035076,502.075809777302,495.784264152235,2012.75220779959,2019.04375342466,477100000
543,125,3.44716356054143,6.92811233364545,5.77643606749067,7.09074078371577,4.79902192916275,499.231427712776,495.784264152235,2012.75220779959,2016.19937136013,477100000
544,126,16.8455300861446,6.75086548213792,6.13932243772224,6.7383734203358,6.21976409245434,502.160741284151,485.315211198007,2002.28315484536,2019.12868493151,477100000
544,127,16.744160223131,6.75086548213792,6.13932243772224,6.74809800798914,6.13400951790304,502.059371421138,485.315211198007,2002.28315484536,2019.02731506849,477100000
545,130,44.6478465044101,6.75674684437809,6.13371195174724,6.479748,5.898933,501.147042654014,456.499196149604,1973.46713979696,2018.11498630137,477100000
545,546,14.5664818883429,6.75674684437809,6.13371195174724,6.75009054929437,6.1328876646956,471.065678037947,456.499196149604,1973.46713979696,1988.0336216853,477100000
546,129,6.38301154564479,6.75009054929437,6.1328876646956,6.7514204070767,6.13070337241694,477.448689583592,471.065678037947,1988.0336216853,1994.41663323095,477100000
546,128,29.2183509174371,6.75009054929437,6.1328876646956,6.75028773985605,6.22022803501522,500.284028955384,471.065678037947,1988.0336216853,2017.25197260274,477100000
547,591,10.2970369960766,6.74649017931447,6.13295394236269,6.74812725699558,6.13105580715087,472.050510971846,461.753473975769,1978.72141762313,1989.0184546192,477100000
547,548,1.48000858525913,6.74649017931447,6.13295394236269,6.74656115317953,6.13128787531265,463.233482561028,461.753473975769,1978.72141762313,1980.20142620838,477100000
548,566,1.12349321303926,6.74656115317953,6.13128787531265,6.74746081713891,6.13228354797366,464.356975774067,463.233482561028,1980.20142620838,1981.32491942142,477100000
548,549,1.2010237197311,6.74656115317953,6.13128787531265,6.74433722982443,6.13173597498004,464.434506280759,463.233482561028,1980.20142620838,1981.40244992812,477100000
549,553,2.32000402816246,6.74433722982443,6.13173597498004,6.74446184741744,6.13078924679814,466.754510308922,464.434506280759,1981.40244992812,1983.72245395628,477100000
549,550,1.71658463240073,6.74433722982443,6.13173597498004,6.74386959337379,6.13295349582334,466.15109091316,464.434506280759,1981.40244992812,1983.11903456052,477100000
550,552,4.81315778149651,6.74386959337379,6.13295349582334,6.93990712723475,5.98486042831822,470.964248694657,466.15109091316,1983.11903456052,1987.93219234201,477100000
550,551,22.9175529383372,6.74386959337379,6.13295349582334,6.74797207033214,6.13027288566983,489.068643851497,466.15109091316,1983.11903456052,2006.03658749885,477100000
551,131,12.0811385285445,6.74797207033214,6.13027288566983,6.74921393418815,6.12923290517176,501.149782380042,489.068643851497,2006.03658749885,2018.1177260274,477100000
551,132,6.75841227657937,6.74797207033214,6.13027288566983,6.75208034981398,6.12945591023419,495.827056128077,489.068643851497,2006.03658749885,2012.79499977543,477100000
552,133,31.1334788908645,6.93990712723475,5.98486042831822,6.9413836088133,5.98317460018465,502.097727585521,470.964248694657,1987.93219234201,2019.06567123288,477100000
552,134,30.2156706716863,6.93990712723475,5.98486042831822,6.93856196171581,5.98290853373725,501.179919366343,470.964248694657,1987.93219234201,2018.1478630137,477100000
553,554,1.8700564067308,6.74446184741744,6.13078924679814,6.74359679881319,6.13312825124348,468.624566715653,466.754510308922,1983.72245395628,1985.59251036301,477100000
553,565,22.9870058053431,6.74446184741744,6.13078924679814,6.74600558626275,6.13493162608462,489.741516114265,466.754510308922,1983.72245395628,2006.70945976162,477100000
554,555,3.00048020098064,6.74359679881319,6.13312825124348,6.74799158383286,6.13770043163048,471.625046916633,468.624566715653,1985.59251036301,1988.59299056399,477100000
554,556,0.56187302925467,6.74359679881319,6.13312825124348,6.74465003781357,6.13324318485813,469.186439744907,468.624566715653,1985.59251036301,1986.15438339226,477100000
555,136,29.4535025866961,6.74799158383286,6.13770043163048,6.997077,5.904454,501.078549503329,471.625046916633,1988.59299056399,2018.04649315069,477100000
555,135,30.4233656003947,6.74799158383286,6.13770043163048,7.456942,5.800781,502.048412517028,471.625046916633,1988.59299056399,2019.01635616438,477100000
556,557,0.73609656220065,6.74465003781357,6.13324318485813,6.74441730608351,6.13148642798829,469.922536307108,469.186439744907,1986.15438339226,1986.89047995446,477100000
556,146,21.9922921185159,6.74465003781357,6.13324318485813,6.74058471966375,6.22513187255917,491.178731863423,469.186439744907,1986.15438339226,2008.14667551078,477100000
557,559,0.887293551804248,6.74441730608351,6.13148642798829,6.74660251447421,6.13746005563449,470.809829858912,469.922536307108,1986.89047995446,1987.77777350627,477100000
557,558,24.8603581895971,6.74441730608351,6.13148642798829,6.75174830988764,6.13436739771474,494.782894496705,469.922536307108,1986.89047995446,2011.75083814406,477100000
558,137,6.38880569155579,6.75174830988764,6.13436739771474,6.75168410614839,6.1341935391577,501.171700188261,494.782894496705,2011.75083814406,2018.13964383562,477100000
558,138,7.26551802032289,6.75174830988764,6.13436739771474,6.75062324354323,6.13216951655277,502.048412517028,494.782894496705,2011.75083814406,2019.01635616438,477100000
559,560,3.86637446757629,6.74660251447421,6.13746005563449,6.63326699564636,6.02290864327374,474.676204326488,470.809829858912,1987.77777350627,1991.64414797384,477100000
559,563,1.92988484391923,6.74660251447421,6.13746005563449,6.74518525779691,6.13758150817112,472.739714702831,470.809829858912,1987.77777350627,1989.70765835019,477100000
560,561,13.607142416245,6.63326699564636,6.02290864327374,6.78072072798943,6.08148326821478,488.283346742733,474.676204326488,1991.64414797384,2005.25129039009,477100000
560,142,26.5064547658821,6.63326699564636,6.02290864327374,6.611239599683,5.9843540610743,501.18265909237,474.676204326488,1991.64414797384,2018.15060273973,477100000
561,139,6.54040824004802,6.78072072798943,6.08148326821478,6.78005686881805,6.08219680562589,494.823754982781,488.283346742733,2005.25129039009,2011.79169863014,477100000
561,562,0.685578870513757,6.78072072798943,6.08148326821478,6.78207127657823,6.08080101454254,488.968925613247,488.283346742733,2005.25129039009,2005.9368692606,477100000
562,140,5.28496635583551,6.78207127657823,6.08080101454254,6.77527981589644,6.08172621355232,494.253891969083,488.968925613247,2005.9368692606,2011.22183561644,477100000
562,141,5.28222662980815,6.78207127657823,6.08080101454254,6.77056528822073,6.07487469982676,494.251152243055,488.968925613247,2005.9368692606,2011.21909589041,477100000
563,564,18.9292323645801,6.74518525779691,6.13758150817112,6.7438491250914,6.13822701416809,491.668947067411,472.739714702831,1989.70765835019,2008.63689071477,477100000
563,145,28.4456841155665,6.74518525779691,6.13758150817112,6.713854,6.154398,501.185398818398,472.739714702831,1989.70765835019,2018.15334246575,477100000
564,144,10.445218874274,6.7438491250914,6.13822701416809,6.678119,3.51526,502.114165941685,491.668947067411,2008.63689071477,2019.08210958904,477100000
564,143,10.4561777783836,6.7438491250914,6.13822701416809,7.06857928585488,6.26559277966547,502.125124845795,491.668947067411,2008.63689071477,2019.09306849315,477100000
565,148,6.08554001381176,6.74600558626275,6.13493162608462,6.75362652647296,6.13750833038884,495.827056128077,489.741516114265,2006.70945976162,2012.79499977543,477100000
565,147,6.08554001381176,6.74600558626275,6.13493162608462,6.75354615526577,6.13300036642857,495.827056128077,489.741516114265,2006.70945976162,2012.79499977543,477100000
566,571,14.1566685001087,6.74746081713891,6.13228354797366,6.86674655758662,5.73142425878803,478.513644274176,464.356975774067,1981.32491942142,1995.48158792153,477100000
566,567,0.577318803580894,6.74746081713891,6.13228354797366,6.74138871906376,6.13098464953792,464.934294577648,464.356975774067,1981.32491942142,1981.902238225,477100000
567,568,0.354511754440409,6.74138871906376,6.13098464953792,6.76865542062486,6.09782977635046,465.288806332089,464.934294577648,1981.902238225,1982.25674997944,477100000
567,149,7.88438407620506,6.74138871906376,6.13098464953792,6.74524336893685,6.13734704373312,472.818678653853,464.934294577648,1981.902238225,1989.78662230121,477100000
568,569,8.96825382703424,6.76865542062486,6.09782977635046,6.7681159237964,6.08958565362142,474.257060159123,465.288806332089,1982.25674997944,1991.22500380648,477100000
568,153,28.9623459109666,6.76865542062486,6.09782977635046,6.77866735503516,6.07570858816996,494.251152243055,465.288806332089,1982.25674997944,2011.21909589041,477100000
569,570,4.4042290501167,6.7681159237964,6.08958565362142,6.615729258134,5.98978800521646,478.66128920924,474.257060159123,1991.22500380648,1995.6292328566,477100000
569,152,27.826968796261,6.7681159237964,6.08958565362142,6.754196,6.054167,502.084028955384,474.257060159123,1991.22500380648,2019.05197260274,477100000
570,150,22.4090411160073,6.615729258134,5.98978800521646,7.1924839008699,5.58182287736016,501.070330325247,478.66128920924,1995.6292328566,2018.0382739726,477100000
570,151,22.4638356365554,6.615729258134,5.98978800521646,6.6152927397025,5.98879431840904,501.125124845795,478.66128920924,1995.6292328566,2018.09306849315,477100000
571,572,6.54414826426641,6.86674655758662,5.73142425878803,6.88910295746275,5.70715673852472,485.057792538442,478.513644274176,1995.48158792153,2002.0257361858,477100000
571,578,0.501190731002097,6.86674655758662,5.73142425878803,6.86061448138586,5.73492864233786,479.014835005178,478.513644274176,1995.48158792153,1995.98277865253,477100000
572,160,14.0725422781587,6.88910295746275,5.70715673852472,6.92339547627528,5.7699485839562,499.130334816601,485.057792538442,2002.0257361858,2016.09827846396,477100000
572,573,6.38624507412046,6.88910295746275,5.70715673852472,7.19255789675541,5.59218196154402,491.444037612563,485.057792538442,2002.0257361858,2008.41198125992,477100000
573,574,6.94165197343392,7.19255789675541,5.59218196154402,7.19428667640579,5.58946189106615,498.385689585997,491.444037612563,2008.41198125992,2015.35363323335,477100000
573,577,5.35490955313624,7.19255789675541,5.59218196154402,7.19131822167774,5.59185907368612,496.798947165699,491.444037612563,2008.41198125992,2013.76689081305,477100000
574,576,1.52756004452739,7.19428667640579,5.58946189106615,7.19487412328235,5.58820345803162,499.913249630524,498.385689585997,2015.35363323335,2016.88119327788,477100000
574,575,0.968428298647344,7.19428667640579,5.58946189106615,7.19528789556373,5.58825344511958,499.354117884644,498.385689585997,2015.35363323335,2016.322061532,477100000
575,155,1.7216918926577,7.19528789556373,5.58825344511958,7.19473137159162,5.58461200813856,501.075809777302,499.354117884644,2016.322061532,2018.04375342466,477100000
575,154,2.74908915293172,7.19528789556373,5.58825344511958,7.19859292406344,5.59095222315304,502.103207037576,499.354117884644,2016.322061532,2019.07115068493,477100000
576,157,1.23653274951744,7.19487412328235,5.58820345803162,7.19641392536004,5.5834133259699,501.149782380042,499.913249630524,2016.88119327788,2018.1177260274,477100000
576,156,2.20639576321605,7.19487412328235,5.58820345803162,7.19845700440769,5.58918797876044,502.11964539374,499.913249630524,2016.88119327788,2019.0875890411,477100000
577,159,5.27138315954777,7.19131822167774,5.59185907368612,7.19281679948938,5.59116741290282,502.070330325247,496.798947165699,2013.76689081305,2019.0382739726,477100000
577,158,5.27686261160272,7.19131822167774,5.59185907368612,7.229293,5.580561,502.075809777302,496.798947165699,2013.76689081305,2019.04375342466,477100000
578,174,12.1603953455659,6.86061448138586,5.73492864233786,6.73929585849863,6.21886846800461,491.175230350744,479.014835005178,1995.98277865253,2008.1431739981,477100000
578,579,0.343321316655224,6.86061448138586,5.73492864233786,6.86095623174427,5.7382792977077,479.358156321833,479.014835005178,1995.98277865253,1996.32609996919,477100000
579,580,0.68316513234851,6.86095623174427,5.7382792977077,6.8731830061381,5.75435932026096,480.041321454182,479.358156321833,1996.32609996919,1997.00926510154,477100000
579,590,3.33718782195236,6.86095623174427,5.7382792977077,6.85051377883708,5.60322571669047,482.695344143786,479.358156321833,1996.32609996919,1999.66328779114,477100000
580,585,1.50502403165797,6.8731830061381,5.75435932026096,6.85195751100051,5.77893663189371,481.54634548584,480.041321454182,1997.00926510154,1998.5142891332,477100000
580,581,0.800883401466244,6.8731830061381,5.75435932026096,6.87332996173939,5.75423407861815,480.842204855648,480.041321454182,1997.00926510154,1997.810148503,477100000
581,165,19.2308651956264,6.87332996173939,5.75423407861815,6.78645392246064,5.59102752936804,500.073070051275,480.842204855648,1997.810148503,2017.04101369863,477100000
581,582,1.33259314276388,6.87332996173939,5.75423407861815,6.87201207762076,5.7538979807256,482.174797998412,480.842204855648,1997.810148503,1999.14274164577,477100000
582,164,13.8982720528625,6.87201207762076,5.7538979807256,6.87224,5.75412,496.073070051275,482.174797998412,1999.14274164577,2013.04101369863,477100000
582,583,4.14028834483742,6.87201207762076,5.7538979807256,7.58688676377911,5.69733197846366,486.315086343249,482.174797998412,1999.14274164577,2003.28302999061,477100000
583,584,6.64175919172844,7.58688676377911,5.69733197846366,7.251000417484,5.19490564704429,492.956845534978,486.315086343249,2003.28302999061,2009.92478918233,477100000
583,161,12.8644288012207,7.58688676377911,5.69733197846366,7.579115,5.696218,499.17951514447,486.315086343249,2003.28302999061,2016.14745879183,477100000
584,163,8.2203341053376,7.251000417484,5.19490564704429,7.24700296009173,5.19108822219716,501.177179640316,492.956845534978,2009.92478918233,2018.14512328767,477100000
584,162,8.14362177657045,7.251000417484,5.19490564704429,7.24983642060821,5.19736810248801,501.100467311548,492.956845534978,2009.92478918233,2018.0684109589,477100000
585,586,16.2292177202854,6.85195751100051,5.77893663189371,6.85362835133127,5.77660692769016,497.775563206125,481.54634548584,1998.5142891332,2014.74350685348,477100000
585,587,0.0330394646021084,6.85195751100051,5.77893663189371,6.85190871891694,5.77892098626078,481.579384950442,481.54634548584,1998.5142891332,1998.5473285978,477100000
586,167,4.29202739309434,6.85362835133127,5.77660692769016,6.8546039256828,5.77513053806816,502.06759059922,497.775563206125,2014.74350685348,2019.03553424658,477100000
586,166,4.42353424240954,6.85362835133127,5.77660692769016,7.19354250988345,5.5816017317214,502.199097448535,497.775563206125,2014.74350685348,2019.16704109589,477100000
587,588,3.80183067802045,6.85190871891694,5.77892098626078,6.8507433484191,5.77915087379582,485.381215628462,481.579384950442,1998.5473285978,2002.34915927582,477100000
587,171,19.5676577035721,6.85190871891694,5.77892098626078,6.33453219876515,5.61991762523679,501.147042654014,481.579384950442,1998.5473285978,2018.11498630137,477100000
588,589,15.4172875821493,6.8507433484191,5.77915087379582,6.85256545357519,5.77656776330223,500.798503210612,485.381215628462,2002.34915927582,2017.76644685797,477100000
588,170,10.7302105871956,6.8507433484191,5.77915087379582,6.9247421221296,5.77056534180153,496.111426215658,485.381215628462,2002.34915927582,2013.07936986301,477100000
589,168,1.25264903244352,6.85256545357519,5.77656776330223,6.85346162609374,5.77770628047382,502.051152243055,500.798503210612,2017.76644685797,2019.01909589041,477100000
589,169,0.34853944340239,6.85256545357519,5.77656776330223,6.85273788105746,5.77657017710097,501.147042654014,500.798503210612,2017.76644685797,2018.11498630137,477100000
590,173,19.3832053595435,6.85051377883708,5.60322571669047,7.19618794891038,5.58969682096169,502.078549503329,482.695344143786,1999.66328779114,2019.04649315069,477100000
590,172,19.4955341266668,6.85051377883708,5.60322571669047,6.85036482499416,5.60251398143593,502.190878270453,482.695344143786,1999.66328779114,2019.15882191781,477100000
591,177,23.7847418775425,6.74812725699558,6.13105580715087,6.75407457333167,6.13695069634527,495.835252849388,472.050510971846,1989.0184546192,2012.80319649674,477100000
591,592,0.809923223172966,6.74812725699558,6.13105580715087,6.74922315140271,6.1311125587451,472.860434195019,472.050510971846,1989.0184546192,1989.82837784237,477100000
592,175,28.2345536644751,6.74922315140271,6.1311125587451,6.71247359481384,6.33231985067514,501.094987859494,472.860434195019,1989.82837784237,2018.06293150685,477100000
592,176,22.966621933058,6.74922315140271,6.1311125587451,6.74823476778739,6.1333299934363,495.827056128077,472.860434195019,1989.82837784237,2012.79499977543,477100000
593,594,3.78611956322082,7.10867189253704,6.74520869531101,7.11355223027053,6.7419642828248,490.61794149923,486.83182193601,2003.79976558337,2007.58588514659,477100000
593,180,12.3367642467119,7.10867189253704,6.74520869531101,7.10957464445329,6.74635713912573,499.168586182721,486.83182193601,2003.79976558337,2016.13652983008,477100000
594,179,10.4578682780716,7.11355223027053,6.7419642828248,7.80207,6.74365,501.075809777302,490.61794149923,2007.58588514659,2018.04375342466,477100000
594,178,10.5592381410852,7.11355223027053,6.7419642828248,7.11314901596355,6.74265370262604,501.177179640316,490.61794149923,2007.58588514659,2018.14512328767,477100000
595,596,13.6807665660698,6.70716089887663,6.32835666157051,6.71217617042527,6.32639716861691,480.471229183623,466.790462617553,1983.75840626491,1997.43917283098,477100000
595,598,3.96640837705911,6.70716089887663,6.32835666157051,6.71134056933521,6.32930978637734,470.756870994612,466.790462617553,1983.75840626491,1987.72481464197,477100000
596,597,16.8561319599158,6.71217617042527,6.32639716861691,6.71397585145206,6.33076590887846,497.327361143539,480.471229183623,1997.43917283098,2014.29530479089,477100000
596,181,21.5799230594324,6.71217617042527,6.32639716861691,6.71577547314671,6.33005584344977,502.051152243055,480.471229183623,1997.43917283098,2019.01909589041,477100000
597,183,3.8196815104755,6.71397585145206,6.33076590887846,6.71391976892574,6.33060897438369,501.147042654014,497.327361143539,2014.29530479089,2018.11498630137,477100000
597,182,1.82756383699694,6.71397585145206,6.33076590887846,6.74622722502348,6.22072674781756,499.154924980536,497.327361143539,2014.29530479089,2016.12286862789,477100000
598,605,1.27829492396093,6.71134056933521,6.32930978637734,6.71625954825357,6.33135884063255,472.035165918573,470.756870994612,1987.72481464197,1989.00310956593,477100000
598,599,6.95119549151989,6.71134056933521,6.32930978637734,6.70752830018318,6.32552413733116,477.708066486132,470.756870994612,1987.72481464197,1994.67601013349,477100000
599,602,13.0695607392554,6.70752830018318,6.32552413733116,6.70795801696939,6.32848187145642,490.777627225387,477.708066486132,1994.67601013349,2007.74557087274,477100000
599,600,1.20171562837247,6.70752830018318,6.32552413733116,6.70733729490079,6.32476057823886,478.909782114504,477.708066486132,1994.67601013349,1995.87772576186,477100000
600,184,23.2098632792359,6.70733729490079,6.32476057823886,6.73439236261824,6.22153277919943,502.11964539374,478.909782114504,1995.87772576186,2019.0875890411,477100000
600,601,13.169317093417,6.70733729490079,6.32476057823886,6.7138282212814,6.32850080578535,492.079099207921,478.909782114504,1995.87772576186,2009.04704285528,477100000
601,185,9.05150508992827,6.7138282212814,6.32850080578535,6.71247452121319,6.32844625929754,501.13060429785,492.079099207921,2009.04704285528,2018.09854794521,477100000
601,186,9.08438180225702,6.7138282212814,6.32850080578535,6.71696950653664,6.3317804768126,501.163481010178,492.079099207921,2009.04704285528,2018.13142465753,477100000
602,603,3.70755474767153,6.70795801696939,6.32848187145642,6.7090673079441,6.32788947062071,494.485181973059,490.777627225387,2007.74557087274,2011.45312562041,477100000
602,187,10.3584565245173,6.70795801696939,6.32848187145642,6.70736004375731,6.32997813687569,501.136083749905,490.777627225387,2007.74557087274,2018.10402739726,477100000
603,604,4.07453980093888,6.7090673079441,6.32788947062071,6.71617820812281,6.32867343015134,498.559721773998,494.485181973059,2011.45312562041,2015.52766542135,477100000
603,188,7.72487437958537,6.7090673079441,6.32788947062071,6.71173048591957,6.32619191524565,502.210056352644,494.485181973059,2011.45312562041,2019.178,477100000
604,189,3.51882772933152,6.71617820812281,6.32867343015134,6.7169780802849,6.32824366127639,502.078549503329,498.559721773998,2015.52766542135,2019.04649315069,477100000
604,190,3.51608800330416,6.71617820812281,6.32867343015134,6.71170696217492,6.32604190983626,502.075809777302,498.559721773998,2015.52766542135,2019.04375342466,477100000
605,195,19.1443540707548,6.71625954825357,6.33135884063255,6.71642768562667,6.33020529863614,491.179519989328,472.035165918573,1989.00310956593,2008.14746363668,477100000
605,606,7.93677576344497,6.71625954825357,6.33135884063255,6.71976064515758,6.33251829505744,479.971941682018,472.035165918573,1989.00310956593,1996.93988532937,477100000
606,194,22.2134571363798,6.71976064515758,6.33251829505744,7.06303332564941,6.26858648985685,502.185398818398,479.971941682018,1996.93988532937,2019.15334246575,477100000
606,607,16.9243357512095,6.71976064515758,6.33251829505744,6.71216591491697,6.32861054127653,496.896277433228,479.971941682018,1996.93988532937,2013.86422108058,477100000
607,608,0.443327455211506,6.71216591491697,6.32861054127653,6.71232095861069,6.33084992307145,497.339604888439,496.896277433228,2013.86422108058,2014.30754853579,477100000
607,191,4.31925837147168,6.71216591491697,6.32861054127653,6.71170519744165,6.32942826782448,501.215535804699,496.896277433228,2013.86422108058,2018.18347945206,477100000
608,193,4.78278023132866,6.71232095861069,6.33084992307145,6.71677959745545,6.33326723494566,502.122385119768,497.339604888439,2014.30754853579,2019.09032876712,477100000
608,192,3.87319119023282,6.71232095861069,6.33084992307145,6.71063762112925,6.32490282977306,501.212796078672,497.339604888439,2014.30754853579,2018.18073972603,477100000
609,611,9.98822584525432,6.67238898456017,6.38272862181503,6.66003406113855,6.37555651886313,473.747881632583,463.759655787328,1980.72759943468,1990.71582527994,477100000
609,610,5.48751643888222,6.67238898456017,6.38272862181503,6.72357818237208,6.49956142134734,469.24717222621,463.759655787328,1980.72759943468,1986.21511587357,477100000
610,196,31.949185496297,6.72357818237208,6.49956142134734,7.11083542237581,6.74751113911871,501.196357722507,469.24717222621,1986.21511587357,2018.16430136986,477100000
610,197,32.943706044242,6.72357818237208,6.49956142134734,6.19605149643975,6.73257309352546,502.190878270453,469.24717222621,1986.21511587357,2019.15882191781,477100000
611,199,21.562781052871,6.66003406113855,6.37555651886313,6.797072,6.664688,495.310662685454,473.747881632583,1990.71582527994,2012.27860633281,477100000
611,198,28.2895719803356,6.66003406113855,6.37555651886313,6.65587626584435,6.37849234200633,502.037453612918,473.747881632583,1990.71582527994,2019.00539726027,477100000
612,201,21.5776108894175,6.19759175047947,6.7107893883226,6.19378731601307,6.72514535696289,501.160741284151,479.583130394734,1996.55107404209,2018.12868493151,477100000
612,200,22.489939656541,6.19759175047947,6.7107893883226,7.272099,6.346321,502.073070051275,479.583130394734,1996.55107404209,2019.04101369863,477100000
762,803,95.3881850684999,9.77221177282631,8.8179655998064,9.74555045731729,8.82404700086545,298.487892646953,203.099707578453,1720.06765122581,1815.45583629431,477100000
762,763,108.960183269098,9.77221177282631,8.8179655998064,9.76881000608999,8.81401737491634,312.059890847552,203.099707578453,1720.06765122581,1829.02783449491,477100000
763,764,9.51410581039966,9.76881000608999,8.81401737491634,8.96578156206041,8.85118127490249,321.573996657951,312.059890847552,1829.02783449491,1838.54194030531,477100000
763,782,27.2769450825165,9.76881000608999,8.81401737491634,9.43028118268106,9.15818754364753,339.336835930068,312.059890847552,1829.02783449491,1856.30477957742,477100000
764,369,177.515354552093,8.96578156206041,8.85118127490249,7.213958,10.183256,499.089351210044,321.573996657951,1838.54194030531,2016.0572948574,477100000
764,765,38.5022492643442,8.96578156206041,8.85118127490249,8.48914630744426,8.48072387368818,360.076245922296,321.573996657951,1838.54194030531,1877.04418956965,477100000
765,766,80.789461269934,8.48914630744426,8.48072387368818,8.47633057134322,8.45928142578448,440.865707192229,360.076245922296,1877.04418956965,1957.83365083959,477100000
765,771,104.394316371946,8.48914630744426,8.48072387368818,8.50098493701455,8.52204690014914,464.470562294241,360.076245922296,1877.04418956965,1981.4385059416,477100000
766,356,60.2155820371271,8.47633057134322,8.45928142578448,5.79449,7.03589,501.081289229357,440.865707192229,1957.83365083959,2018.04923287671,477100000
766,767,3.7496982311016,8.47633057134322,8.45928142578448,8.48121933874697,8.46158497756394,444.615405423331,440.865707192229,1957.83365083959,1961.58334907069,477100000
767,355,54.5695742020133,8.48121933874697,8.46158497756394,7.565864,7.917972,499.184979625344,444.615405423331,1961.58334907069,2016.1529232727,477100000
767,768,31.3357518079685,8.48121933874697,8.46158497756394,8.33280298637113,8.45480504352981,475.9511572313,444.615405423331,1961.58334907069,1992.91910087866,477100000
768,354,23.1791775853016,8.33280298637113,8.45480504352981,8.325363,8.450158,499.130334816601,475.9511572313,1992.91910087866,2016.09827846396,477100000
768,769,15.4890878595035,8.33280298637113,8.45480504352981,7.62292685517979,8.40398635966621,491.440245090803,475.9511572313,1992.91910087866,2008.40818873816,477100000
769,770,2.35447484872389,7.62292685517979,8.40398635966621,7.63155268492781,8.39997030221327,493.794719939527,491.440245090803,2008.40818873816,2010.76266358688,477100000
769,353,4.41686568208227,7.62292685517979,8.40398635966621,7.63456656682195,8.39961002523101,495.857110772885,491.440245090803,2008.40818873816,2012.82505442024,477100000
770,351,1.04547339941876,7.63155268492781,8.39997030221327,7.63281136685013,8.3988487753855,494.840193338946,493.794719939527,2010.76266358688,2011.8081369863,477100000
770,352,1.04821312544611,7.63155268492781,8.39997030221327,7.63056461907981,8.40001304243303,494.842933064973,493.794719939527,2010.76266358688,2011.81087671233,477100000
771,772,0.658259160727305,8.50098493701455,8.52204690014914,8.49767366085887,8.52210238133513,465.128821454968,464.470562294241,1981.4385059416,1982.09676510232,477100000
771,779,6.74786380659101,8.50098493701455,8.52204690014914,8.49966797668587,8.52255765817321,471.218426100832,464.470562294241,1981.4385059416,1988.18636974819,477100000
772,773,13.0388689316081,8.49767366085887,8.52210238133513,8.49742790216119,8.52252414285554,478.167690386577,465.128821454968,1982.09676510232,1995.13563403393,477100000
772,776,2.79060077740453,8.49767366085887,8.52210238133513,8.49752655665279,8.52254509775277,467.919422232373,465.128821454968,1982.09676510232,1984.88736587973,477100000
773,360,1.85334357499273,8.49742790216119,8.52252414285554,9.91355014753208,8.8919906745716,480.021033961569,478.167690386577,1995.13563403393,1996.98897760893,477100000
773,774,1.22712468644983,8.49742790216119,8.52252414285554,8.49784503475074,8.52368012981601,479.394815073026,478.167690386577,1995.13563403393,1996.36275872038,477100000
774,357,19.8338803993125,8.49784503475074,8.52368012981601,8.49860601778311,8.52411203613694,499.228695472339,479.394815073026,1996.36275872038,2016.19663911969,477100000
774,775,0.51111271217804,8.49784503475074,8.52368012981601,8.49709945037225,8.52392441112197,479.905927785204,479.394815073026,1996.36275872038,1996.87387143256,477100000
775,358,19.1779589439652,8.49709945037225,8.52392441112197,8.49884472174934,8.51984274942481,499.08388672917,479.905927785204,1996.87387143256,2016.05183037653,477100000
775,359,15.2817840805771,8.49709945037225,8.52392441112197,8.49647314559462,8.52206055522637,495.187711865782,479.905927785204,1996.87387143256,2012.15565551314,477100000
776,778,3.02049692222279,8.49752655665279,8.52254509775277,8.49593944738363,8.52156536561986,470.939919154596,467.919422232373,1984.88736587973,1987.90786280195,477100000
776,777,3.79034208882122,8.49752655665279,8.52254509775277,8.49743495627264,8.52158275299205,471.709764321194,467.919422232373,1984.88736587973,1988.67770796855,477100000
777,361,27.3167303876146,8.49743495627264,8.52158275299205,8.4,8.55,499.026494708809,471.709764321194,1988.67770796855,2015.99443835616,477100000
777,362,25.3742646341898,8.49743495627264,8.52158275299205,8.49509003319864,8.52073796916548,497.084028955384,471.709764321194,1988.67770796855,2014.05197260274,477100000
778,364,28.2150058259398,8.49593944738363,8.52156536561986,8.49914766197296,8.52253962918332,499.154924980536,470.939919154596,1987.90786280195,2016.12286862789,477100000
778,363,12.3297599243004,8.49593944738363,8.52156536561986,9.91289400743785,8.88656007151849,483.269679078896,470.939919154596,1987.90786280195,2000.23762272625,477100000
779,368,24.8601234024971,8.49966797668587,8.52255765817321,8.49744220507281,8.52177529520516,496.078549503329,471.218426100832,1988.18636974819,2013.04649315069,477100000
779,780,23.9587671199115,8.49966797668587,8.52255765817321,8.49917143060465,8.52482165170113,495.177193220744,471.218426100832,1988.18636974819,2012.1451368681,477100000
780,781,2.43745793907477,8.49917143060465,8.52482165170113,8.48970965568498,8.5211303058727,497.614651159818,495.177193220744,2012.1451368681,2014.58259480717,477100000
780,365,3.8493014880651,8.49917143060465,8.52482165170113,8.49911637083147,8.5251867865069,499.026494708809,495.177193220744,2012.1451368681,2015.99443835616,477100000
781,367,1.50748693547135,8.48970965568498,8.5211303058727,8.49141003311755,8.52083351500807,499.12213809529,497.614651159818,2014.58259480717,2016.09008174265,477100000
781,366,2.48033669967518,8.48970965568498,8.5211303058727,8.49517533890368,8.51898568652615,500.094987859494,497.614651159818,2014.58259480717,2017.06293150685,477100000
782,783,50.9558544780059,9.43028118268106,9.15818754364753,9.38314299801032,9.13057025928035,390.292690408074,339.336835930068,1856.30477957742,1907.26063405543,477100000
782,800,69.9529226544359,9.43028118268106,9.15818754364753,9.44799177897636,9.19683732619717,409.289758584504,339.336835930068,1856.30477957742,1926.25770223186,477100000
783,784,10.7602563298305,9.38314299801032,9.13057025928035,9.37996525419177,9.12811064909984,401.052946737905,390.292690408074,1907.26063405543,1918.02089038526,477100000
783,387,108.791196321095,9.38314299801032,9.13057025928035,8.87931,9.53879,499.08388672917,390.292690408074,1907.26063405543,2016.05183037653,477100000
784,799,32.0471387891583,9.37996525419177,9.12811064909984,9.38114901071931,9.13720168223107,433.100085527063,401.052946737905,1918.02089038526,1950.06802917442,477100000
784,785,16.370004815311,9.37996525419177,9.12811064909984,10.2974400806323,9.83682119447606,417.422951553216,401.052946737905,1918.02089038526,1934.39089520057,477100000
785,786,11.8583434106511,10.2974400806323,9.83682119447606,10.2988924575485,9.83436280056163,429.281294963867,417.422951553216,1934.39089520057,1946.24923861122,477100000
785,788,19.5881827911468,10.2974400806323,9.83682119447606,10.3074049744008,9.83991495779246,437.011134344363,417.422951553216,1934.39089520057,1953.97907799172,477100000
786,787,52.0267649466,10.2988924575485,9.83436280056163,10.3091400009959,9.84638108127389,481.308059910467,429.281294963867,1946.24923861122,1998.27600355782,477100000
786,370,69.7698048800569,10.2988924575485,9.83436280056163,10.006978,9.544584,499.051099843924,429.281294963867,1946.24923861122,2016.01904349128,477100000
787,371,16.7704895928626,10.3091400009959,9.84638108127389,10.3095077336146,9.8475132332633,498.078549503329,481.308059910467,1998.27600355782,2015.04649315069,477100000
787,372,15.6170649353283,10.3091400009959,9.84638108127389,10.3113678682012,9.84526887944726,496.925124845795,481.308059910467,1998.27600355782,2013.89306849315,477100000
788,798,29.1353379080009,10.3074049744008,9.83991495779246,9.98382800583119,9.23307159647831,466.146472252363,437.011134344363,1953.97907799172,1983.11441589972,477100000
788,789,5.04369481861486,10.3074049744008,9.83991495779246,10.3108552822194,9.83815780103767,442.054829162977,437.011134344363,1953.97907799172,1959.02277281033,477100000
789,790,43.1091687339301,10.3108552822194,9.83815780103767,10.3164246134807,9.84020014108608,485.163997896907,442.054829162977,1959.02277281033,2002.13194154426,477100000
789,792,26.3022567469666,10.3108552822194,9.83815780103767,10.3140143107379,9.84329212997256,468.357085909944,442.054829162977,1959.02277281033,1985.3250295573,477100000
790,791,6.68098461068395,10.3164246134807,9.84020014108608,9.98342285364938,9.4933170317087,491.844982507591,485.163997896907,2002.13194154426,2008.81292615495,477100000
790,375,11.791263935189,10.3164246134807,9.84020014108608,10.3107627967407,9.84333936092576,496.955261832096,485.163997896907,2002.13194154426,2013.92320547945,477100000
791,374,7.1458957628611,9.98342285364938,9.4933170317087,9.99934,9.51518,498.990878270452,491.844982507591,2008.81292615495,2015.95882191781,477100000
791,373,9.29110124231332,9.98342285364938,9.4933170317087,9.960813,9.502202,501.136083749905,491.844982507591,2008.81292615495,2018.10402739726,477100000
792,795,8.43384832161322,10.3140143107379,9.84329212997256,10.0918016612058,9.76547223406478,476.790934231557,468.357085909944,1985.3250295573,1993.75887787891,477100000
792,793,8.77797877050394,10.3140143107379,9.84329212997256,10.3128022496986,9.84404295586181,477.135064680448,468.357085909944,1985.3250295573,1994.1030083278,477100000
793,376,19.8311560557582,10.3128022496986,9.84404295586181,10.3145627763752,9.8436269148199,496.966220736206,477.135064680448,1994.1030083278,2013.93416438356,477100000
793,794,4.37082098416641,10.3128022496986,9.84404295586181,10.3157709155889,9.84635093728356,481.505885664614,477.135064680448,1994.1030083278,1998.47382931197,477100000
794,377,14.7123898661123,10.3157709155889,9.84635093728356,10.3183380234542,9.84495367405811,496.218275530727,481.505885664614,1998.47382931197,2013.18621917808,477100000
794,378,16.8384172633725,10.3157709155889,9.84635093728356,9.59970571278766,9.61287209407238,498.344302927987,481.505885664614,1998.47382931197,2015.31224657534,477100000
795,796,6.03114087622107,10.0918016612058,9.76547223406478,10.0927360284574,9.76647615360157,482.822075107778,476.790934231557,1993.75887787891,1999.79001875513,477100000
795,382,22.4322967599075,10.0918016612058,9.76547223406478,9.59439500350121,9.61713815310964,499.223230991465,476.790934231557,1993.75887787891,2016.19117463882,477100000
796,381,18.2126387791127,10.0927360284574,9.76647615360157,10.0895444253829,9.76543423747116,501.034713886891,482.822075107778,1999.79001875513,2018.00265753425,477100000
796,797,8.09385419127962,10.0927360284574,9.76647615360157,10.0960334204685,9.76596751016211,490.915929299058,482.822075107778,1999.79001875513,2007.88387294641,477100000
797,379,8.14609950661452,10.0960334204685,9.76596751016211,10.0945784488607,9.76895388386667,499.062028805672,490.915929299058,2007.88387294641,2016.02997245303,477100000
797,380,8.27724704759794,10.0960334204685,9.76596751016211,10.675453,9.122348,499.193176346656,490.915929299058,2007.88387294641,2016.16111999401,477100000
798,383,35.0581046482261,9.98382800583119,9.23307159647831,10.03284,9.386606,501.20457690059,466.146472252363,1983.11441589972,2018.17252054795,477100000
798,384,34.9786525934316,9.98382800583119,9.23307159647831,9.983,9.233,501.125124845795,466.146472252363,1983.11441589972,2018.09306849315,477100000
799,386,65.940085355112,9.38114901071931,9.13720168223107,9.383,9.133,499.040170882175,433.100085527063,1950.06802917442,2016.00811452953,477100000
799,385,31.9462082357456,9.38114901071931,9.13720168223107,9.91436205057675,8.88715756547898,465.046293762808,433.100085527063,1950.06802917442,1982.01423741016,477100000
800,801,32.0881103880884,9.44799177897636,9.19683732619717,9.4289236243728,9.22983489192377,441.377868972592,409.289758584504,1926.25770223186,1958.34581261995,477100000
800,391,89.8077893468512,9.44799177897636,9.19683732619717,9.755908,9.553992,499.097547931355,409.289758584504,1926.25770223186,2016.06549157871,477100000
801,802,28.07912230797,9.4289236243728,9.22983489192377,10.301012252551,10.3497684281711,469.456991280562,441.377868972592,1958.34581261995,1986.42493492792,477100000
801,388,60.7582147773122,9.4289236243728,9.22983489192377,7.336619,9.002272,502.136083749905,441.377868972592,1958.34581261995,2019.10402739726,477100000
802,389,29.6487533721044,10.301012252551,10.3497684281711,10.2659436899319,10.3326438363063,499.105744652667,469.456991280562,1986.42493492792,2016.07368830002,477100000
802,390,28.8462157570133,10.301012252551,10.3497684281711,10.2731853891014,10.332298214656,498.303207037576,469.456991280562,1986.42493492792,2015.27115068493,477100000
803,804,161.374361867515,9.74555045731729,8.82404700086545,11.0877831594148,7.68437520317001,459.862254514468,298.487892646953,1815.45583629431,1976.83019816182,477100000
803,805,59.8980593325132,9.74555045731729,8.82404700086545,9.75412795899288,8.83438704179586,358.385951979467,298.487892646953,1815.45583629431,1875.35389562682,477100000
804,392,1.03019174441902,11.0877831594148,7.68437520317001,11.0873929353093,7.68416351047635,460.892446258887,459.862254514468,1976.83019816182,1977.86038990624,477100000
804,393,38.2436922491352,11.0877831594148,7.68437520317001,11.0870288446671,7.68759190777458,498.105946763603,459.862254514468,1976.83019816182,2015.07389041096,477100000
805,806,62.2971893062743,9.75412795899288,8.83438704179586,9.73653250693533,8.84867662906085,420.683141285741,358.385951979467,1875.35389562682,1937.6510849331,477100000
805,809,34.8382730158285,9.75412795899288,8.83438704179586,9.7556577250088,8.82476943053185,393.224224995295,358.385951979467,1875.35389562682,1910.19216864265,477100000
806,808,26.5930844982841,9.73653250693533,8.84867662906085,9.73404236584176,8.8483025226924,447.276225784025,420.683141285741,1937.6510849331,1964.24416943138,477100000
806,807,13.3262646873369,9.73653250693533,8.84867662906085,9.75461019084772,8.31685506851256,434.009405973078,420.683141285741,1937.6510849331,1950.97734962043,477100000
807,395,65.1673769309553,9.75461019084772,8.31685506851256,10.523056,7.440278,499.176782904033,434.009405973078,1950.97734962043,2016.14472655139,477100000
807,394,24.2199798647704,9.75461019084772,8.31685506851256,9.783333,8.283333,458.229385837848,434.009405973078,1950.97734962043,1975.1973294852,477100000
808,396,12.7257757962278,9.73404236584176,8.8483025226924,9.73535741577324,8.81282374726249,460.002001580253,447.276225784025,1964.24416943138,1976.96994522761,477100000
808,397,43.7584806172757,9.73404236584176,8.8483025226924,9.050211,7.396413,491.034706401301,447.276225784025,1964.24416943138,2008.00265004866,477100000
809,810,23.5576264154278,9.7556577250088,8.82476943053185,9.75244691047217,8.82307100915949,416.781851410723,393.224224995295,1910.19216864265,1933.74979505808,477100000
809,403,104.82692724776,9.7556577250088,8.82476943053185,10.3156115930841,9.8413739469288,498.051152243055,393.224224995295,1910.19216864265,2015.01909589041,477100000
810,811,27.392091632507,9.75244691047217,8.82307100915949,9.73647776793966,8.8150563340893,444.17394304323,416.781851410723,1933.74979505808,1961.14188669059,477100000
810,398,79.4062871337023,9.75244691047217,8.82307100915949,9.91618736518843,8.89336103817895,496.188138544425,416.781851410723,1933.74979505808,2013.15608219178,477100000
811,812,17.4261411447989,9.73647776793966,8.8150563340893,9.73428653243967,8.80701544142392,461.600084188029,444.17394304323,1961.14188669059,1978.56802783538,477100000
811,399,14.3077951897726,9.73647776793966,8.8150563340893,9.73867130662906,8.81389114458936,458.481738233002,444.17394304323,1961.14188669059,1975.44968188036,477100000
812,813,0.736156222450234,9.73428653243967,8.80701544142392,9.73327396715139,8.8075219752672,462.336240410479,461.600084188029,1978.56802783538,1979.30418405783,477100000
812,402,34.4757255892731,9.73428653243967,8.80701544142392,7.732152,8.539144,496.075809777302,461.600084188029,1978.56802783538,2013.04375342466,477100000
813,401,35.7258707366859,9.73327396715139,8.8075219752672,9.74018465559197,8.80451286403297,498.062111147165,462.336240410479,1979.30418405783,2015.03005479452,477100000
813,400,14.3410184327191,9.73327396715139,8.8075219752672,9.91375885329651,8.88624277163889,476.677258843198,462.336240410479,1979.30418405783,1993.64520249055,477100000
