node1,node2,length,startLat,startLon,endLat,endLon,endNodeL,startNodeL,startYear,endYear,treeID
257,408,73.0177414907115,6.40288150232693,7.53653771943736,6.41600713087313,7.54355251406899,842.931421266677,769.913679775966,1758.22899407234,1831.24673556305,1046400000
257,258,69.3987479749129,6.40288150232693,7.53653771943736,6.39084862701058,7.53779181466904,839.312427750879,769.913679775966,1758.22899407234,1827.62774204725,1046400000
258,259,45.6136046136018,6.39084862701058,7.53779181466904,6.17589225280424,6.78561602794897,884.926032364481,839.312427750879,1827.62774204725,1873.24134666086,1046400000
258,397,129.808818406125,6.39084862701058,7.53779181466904,6.35460553569117,8.11383854341983,969.121246157004,839.312427750879,1827.62774204725,1957.43656045338,1046400000
259,260,79.7538726122968,6.17589225280424,6.78561602794897,6.16586364607335,6.79100882275676,964.679904976777,884.926032364481,1873.24134666086,1952.99521927315,1046400000
259,265,68.8094967013349,6.17589225280424,6.78561602794897,6.21006237131003,6.74679294114295,953.735529065816,884.926032364481,1873.24134666086,1942.05084336219,1046400000
260,6,21.1054841498846,6.16586364607335,6.79100882275676,6.166667,6.783333,985.785389126662,964.679904976777,1952.99521927315,1974.10070342304,1046400000
260,261,3.6713495751743,6.16586364607335,6.79100882275676,8.88929207777695,11.3575534840781,968.351254551952,964.679904976777,1952.99521927315,1956.66656884833,1046400000
261,262,15.5801126148442,8.88929207777695,11.3575534840781,8.89532634864014,11.352252577295,983.931367166796,968.351254551952,1956.66656884833,1972.24668146317,1046400000
261,264,36.9750822577286,8.88929207777695,11.3575534840781,8.89052541076389,11.3549628642555,1005.32633680968,968.351254551952,1956.66656884833,1993.64165110606,1046400000
262,1,40.9285788108007,8.89532634864014,11.352252577295,8.88872538594294,11.3543917175827,1024.8599459776,983.931367166796,1972.24668146317,2013.17526027397,1046400000
262,263,8.88203608675548,8.89532634864014,11.352252577295,8.8941972628979,11.3547676721001,992.813403253551,983.931367166796,1972.24668146317,1981.12871754993,1046400000
263,2,36.9643509432234,8.8941972628979,11.3547676721001,8.89608884961453,11.3583498585335,1029.77775419677,992.813403253551,1981.12871754993,2018.09306849315,1046400000
263,3,30.9750253949038,8.8941972628979,11.3547676721001,8.89088031098822,11.3567319293518,1023.78842864846,992.813403253551,1981.12871754993,2012.10374294483,1046400000
264,4,18.4675563196494,8.89052541076389,11.3549628642555,8.89682324940253,11.3606046137754,1023.79389312933,1005.32633680968,1993.64165110606,2012.10920742571,1046400000
264,5,22.3691956639117,8.89052541076389,11.3549628642555,7.251211,9.976395,1027.69553247359,1005.32633680968,1993.64165110606,2016.01084676997,1046400000
265,266,6.82886744377994,6.21006237131003,6.74679294114295,6.2028292635298,6.743236690216,960.564396509595,953.735529065816,1942.05084336219,1948.87971080597,1046400000
265,395,53.9485016065505,6.21006237131003,6.74679294114295,6.20658572749901,6.72701541168704,1007.68403067237,953.735529065816,1942.05084336219,1995.99934496874,1046400000
266,267,13.9848482437463,6.2028292635298,6.743236690216,6.19796069784291,6.73728168498371,974.549244753342,960.564396509595,1948.87971080597,1962.86455904972,1046400000
266,394,39.9903837394548,6.2028292635298,6.743236690216,6.21470723149782,6.75056910920191,1000.55478024905,960.564396509595,1948.87971080597,1988.87009454543,1046400000
267,272,6.2711637140692,6.19796069784291,6.73728168498371,6.71425622275048,6.32651012338694,980.820408467411,974.549244753342,1962.86455904972,1969.13572276379,1046400000
267,268,2.82117295811825,6.19796069784291,6.73728168498371,6.19719370719326,6.73118097767449,977.37041771146,974.549244753342,1962.86455904972,1965.68573200784,1046400000
268,270,22.5299988551085,6.19719370719326,6.73118097767449,6.20045241083665,6.72601427565904,999.900416566568,977.37041771146,1965.68573200784,1988.21573086294,1046400000
268,269,15.4155328185458,6.19719370719326,6.73118097767449,7.01978491430036,6.73709943092989,992.785950530006,977.37041771146,1965.68573200784,1981.10126482638,1046400000
269,8,36.9479680503306,7.01978491430036,6.73709943092989,7.098654,6.678859,1029.73391858034,992.785950530006,1981.10126482638,2018.04923287671,1046400000
269,7,36.9671461325223,7.01978491430036,6.73709943092989,6.65577560891479,6.38353171857904,1029.75309666253,992.785950530006,1981.10126482638,2018.0684109589,1046400000
270,11,24.1885585299743,6.20045241083665,6.72601427565904,6.2005248123172,6.73155160773482,1024.08897509654,999.900416566568,1988.21573086294,2012.40428939292,1046400000
270,271,15.123149727828,6.20045241083665,6.72601427565904,6.45248977747514,6.72709833391856,1015.0235662944,999.900416566568,1988.21573086294,2003.33888059077,1046400000
271,9,14.737749546214,6.45248977747514,6.72709833391856,6.452245,6.728375,1029.76131584061,1015.0235662944,2003.33888059077,2018.07663013699,1046400000
271,10,14.7761057105974,6.45248977747514,6.72709833391856,6.452608,6.726605,1029.79967200499,1015.0235662944,2003.33888059077,2018.11498630137,1046400000
272,273,2.63270979719107,6.71425622275048,6.32651012338694,6.71490283314909,6.32726489260638,983.453118264602,980.820408467411,1969.13572276379,1971.76843256098,1046400000
272,372,0.998390816196959,6.71425622275048,6.32651012338694,6.71453313852356,6.32566638162937,981.818799283608,980.820408467411,1969.13572276379,1970.13411357998,1046400000
273,316,0.0489821968577573,6.71490283314909,6.32726489260638,6.7150735436515,6.32722544296257,983.50210046146,983.453118264602,1971.76843256098,1971.81741475784,1046400000
273,274,1.55824432144078,6.71490283314909,6.32726489260638,6.71426396414368,6.32727015015251,985.011362586043,983.453118264602,1971.76843256098,1973.32667688242,1046400000
274,276,1.24113029441936,6.71426396414368,6.32727015015251,6.74988497994331,6.33783636638554,986.252492880462,985.011362586043,1973.32667688242,1974.56780717684,1046400000
274,275,2.78078460431533,6.71426396414368,6.32727015015251,6.71473864516028,6.32730242166155,987.792147190358,985.011362586043,1973.32667688242,1976.10746148673,1046400000
275,13,42.0130042666907,6.71473864516028,6.32730242166155,6.947775,5.91429,1029.80515145705,987.792147190358,1976.10746148673,2018.12046575342,1046400000
275,12,32.0461107936566,6.71473864516028,6.32730242166155,6.71067674043812,6.32495226557367,1019.83825798401,987.792147190358,1976.10746148673,2008.15357228039,1046400000
276,277,13.7791775398714,6.74988497994331,6.33783636638554,6.57563262803613,5.96865856361511,1000.03167042033,986.252492880462,1974.56780717684,1988.34698471671,1046400000
276,54,44.555398302614,6.74988497994331,6.33783636638554,7.06314473772938,6.26421719562928,1030.80789118308,986.252492880462,1974.56780717684,2019.12320547945,1046400000
277,53,30.6748508997288,6.57563262803613,5.96865856361511,7.457113,5.799837,1030.70652132006,1000.03167042033,1988.34698471671,2019.02183561644,1046400000
277,278,1.81178388745027,6.57563262803613,5.96865856361511,6.9279717575753,5.75965321930514,1001.84345430778,1000.03167042033,1988.34698471671,1990.15876860416,1046400000
278,280,2.44398598364662,6.9279717575753,5.75965321930514,6.93397312260379,5.76840851186029,1004.28744029143,1001.84345430778,1990.15876860416,1992.60275458781,1046400000
278,279,3.90616434136787,6.9279717575753,5.75965321930514,6.93391253986506,5.76407685243616,1005.74961864915,1001.84345430778,1990.15876860416,1994.06493294553,1046400000
279,14,21.7815602051573,6.93391253986506,5.76407685243616,6.93029005379749,5.77362980348359,1027.53117885431,1005.74961864915,1994.06493294553,2015.84649315069,1046400000
279,15,24.0938889722806,6.93391253986506,5.76407685243616,6.85219831943157,5.60143705865019,1029.84350762143,1005.74961864915,1994.06493294553,2018.15882191781,1046400000
280,283,5.63159090042963,6.93397312260379,5.76840851186029,7.19121295122977,5.58619029015916,1009.91903119186,1004.28744029143,1992.60275458781,1998.23434548824,1046400000
280,281,6.63343696999983,6.93397312260379,5.76840851186029,6.9309472770362,5.77185945597026,1010.92087726143,1004.28744029143,1992.60275458781,1999.23619155781,1046400000
281,282,17.9166349087136,6.9309472770362,5.77185945597026,6.92440966124493,5.77022432384124,1028.83751217014,1010.92087726143,1999.23619155781,2017.15282646652,1046400000
281,16,15.3692057024679,6.9309472770362,5.77185945597026,6.92770990373113,5.77876930795338,1026.2900829639,1010.92087726143,1999.23619155781,2014.60539726027,1046400000
282,17,1.90462558827479,6.92440966124493,5.77022432384124,6.92237998208703,5.76964755366078,1030.74213775842,1028.83751217014,2017.15282646652,2019.05745205479,1046400000
282,18,0.959420108822625,6.92440966124493,5.77022432384124,6.92485726566036,5.7730367363357,1029.79693227897,1028.83751217014,2017.15282646652,2018.11224657534,1046400000
283,299,3.59673372740265,7.19121295122977,5.58619029015916,7.19217549726177,5.5856899673534,1013.51576491926,1009.91903119186,1998.23434548824,2001.83107921564,1046400000
283,284,10.7057312130287,7.19121295122977,5.58619029015916,7.19338193819941,5.58540251495805,1020.62476240489,1009.91903119186,1998.23434548824,2008.94007670126,1046400000
284,285,0.847832286166573,7.19338193819941,5.58540251495805,7.19503140539676,5.58642785426285,1021.47259469106,1020.62476240489,2008.94007670126,2009.78790898743,1046400000
284,298,0.471610569440141,7.19338193819941,5.58540251495805,7.19314738770818,5.58607904980751,1021.09637297433,1020.62476240489,2008.94007670126,2009.4116872707,1046400000
285,286,0.324096771122099,7.19503140539676,5.58642785426285,7.19526485701329,5.58561838736874,1021.79669146218,1021.47259469106,2009.78790898743,2010.11200575855,1046400000
285,289,0.475283962465381,7.19503140539676,5.58642785426285,7.19519572665859,5.58662403379824,1021.94787865352,1021.47259469106,2009.78790898743,2010.2631929499,1046400000
286,287,3.94383248319392,7.19526485701329,5.58561838736874,7.19497588866007,5.5882381229354,1025.74052394537,1021.79669146218,2010.11200575855,2014.05583824175,1046400000
286,22,9.00298054281646,7.19526485701329,5.58561838736874,7.1975728827714,5.58641215858019,1030.79967200499,1021.79669146218,2010.11200575855,2019.11498630137,1046400000
287,19,3.97421655277332,7.19497588866007,5.5882381229354,7.1957563690716,5.58898820578412,1029.71474049814,1025.74052394537,2014.05583824175,2018.03005479452,1046400000
287,288,0.568208435243267,7.19497588866007,5.5882381229354,7.19450108507774,5.58718148873786,1026.30873238061,1025.74052394537,2014.05583824175,2014.62404667699,1046400000
288,21,4.42244647369443,7.19450108507774,5.58718148873786,7.19798237580792,5.58971461237411,1030.73117885431,1026.30873238061,2014.62404667699,2019.04649315069,1046400000
288,20,3.4827204462972,7.19450108507774,5.58718148873786,7.19521713031357,5.58551549728122,1029.79145282691,1026.30873238061,2014.62404667699,2018.10676712329,1046400000
289,292,0.120904429625481,7.19519572665859,5.58662403379824,7.19497878626825,5.58685554387906,1022.06878308315,1021.94787865352,2010.2631929499,2010.38409737952,1046400000
289,290,0.434355695738335,7.19519572665859,5.58662403379824,7.19208209737905,5.58426856145068,1022.38223434926,1021.94787865352,2010.2631929499,2010.69754864563,1046400000
290,25,7.42565683381714,7.19208209737905,5.58426856145068,7.62692,5.21561,1029.80789118308,1022.38223434926,2010.69754864563,2018.12320547945,1046400000
290,291,3.97855216585964,7.19208209737905,5.58426856145068,7.19289361562638,5.58377173901734,1026.36078651512,1022.38223434926,2010.69754864563,2014.67610081149,1046400000
291,23,3.44710466795751,7.19289361562638,5.58377173901734,7.19937538485265,5.58328084524703,1029.80789118308,1026.36078651512,2014.67610081149,2018.12320547945,1046400000
291,24,3.44710466795751,7.19289361562638,5.58377173901734,7.19254156709298,5.58532579851862,1029.80789118308,1026.36078651512,2014.67610081149,2018.12320547945,1046400000
292,293,2.92745000277651,7.19497878626825,5.58685554387906,7.19701528837666,5.58646127068342,1024.99623308592,1022.06878308315,2010.38409737952,2013.3115473823,1046400000
292,295,0.660378534291411,7.19497878626825,5.58685554387906,7.19732701173211,5.58729968926019,1022.72916161744,1022.06878308315,2010.38409737952,2011.04447591381,1046400000
293,294,0.280258588729013,7.19701528837666,5.58646127068342,7.19640364673742,5.58346839494978,1025.27649167465,1024.99623308592,2013.3115473823,2013.59180597103,1046400000
293,28,2.39521974098903,7.19701528837666,5.58646127068342,7.19704647723057,5.58734482438409,1027.39145282691,1024.99623308592,2013.3115473823,2015.70676712329,1046400000
294,27,5.50400224815045,7.19640364673742,5.58346839494978,7.19471202343731,5.58581905894364,1030.7804939228,1025.27649167465,2013.59180597103,2019.09580821918,1046400000
294,26,4.45194745362998,7.19640364673742,5.58346839494978,7.19759888116355,5.58241318280723,1029.72843912828,1025.27649167465,2013.59180597103,2018.04375342466,1046400000
295,32,8.01571586700845,7.19732701173211,5.58729968926019,7.19442936884528,5.58775334606547,1030.74487748445,1022.72916161744,2011.04447591381,2019.06019178082,1046400000
295,296,0.621159858225357,7.19732701173211,5.58729968926019,7.19758990827715,5.58629147153983,1023.35032147566,1022.72916161744,2011.04447591381,2011.66563577204,1046400000
296,29,7.49318614576933,7.19758990827715,5.58629147153983,7.2017630040973,5.58990338571574,1030.84350762143,1023.35032147566,2011.66563577204,2019.15882191781,1046400000
296,297,0.718624917918858,7.19758990827715,5.58629147153983,7.19659821944704,5.58296910160106,1024.06894639358,1023.35032147566,2011.66563577204,2012.38426068996,1046400000
297,31,6.69236944702861,7.19659821944704,5.58296910160106,7.19847435932204,5.58318664595817,1030.76131584061,1024.06894639358,2012.38426068996,2019.07663013699,1046400000
297,30,6.79099958401484,7.19659821944704,5.58296910160106,7.19282821133646,5.59096418976147,1030.8599459776,1024.06894639358,2012.38426068996,2019.17526027397,1046400000
298,34,8.68412094847326,7.19314738770818,5.58607904980751,7.19346269224119,5.59131736351604,1029.7804939228,1021.09637297433,2009.4116872707,2018.09580821918,1046400000
298,33,8.69507985258292,7.19314738770818,5.58607904980751,7.19460507621637,5.58776652025799,1029.79145282691,1021.09637297433,2009.4116872707,2018.10676712329,1046400000
299,300,1.57471091256023,7.19217549726177,5.5856899673534,7.19403608874846,5.58583598879263,1015.09047583182,1013.51576491926,2001.83107921564,2003.4057901282,1046400000
299,314,2.17453082192529,7.19217549726177,5.5856899673534,7.19241937005819,5.58746602243832,1015.69029574119,1013.51576491926,2001.83107921564,2004.00561003756,1046400000
300,309,1.71044879897557,7.19403608874846,5.58583598879263,7.19348319654897,5.58481422341565,1016.8009246308,1015.09047583182,2003.4057901282,2005.11623892717,1046400000
300,301,0.0793019639629939,7.19403608874846,5.58583598879263,7.19406710138529,5.58608260492216,1015.16977779579,1015.09047583182,2003.4057901282,2003.48509209216,1046400000
301,43,14.5614010585231,7.19406710138529,5.58608260492216,8.84538,7.87839,1029.73117885431,1015.16977779579,2003.48509209216,2018.04649315069,1046400000
301,302,2.79121551183209,7.19406710138529,5.58608260492216,7.1995101660247,5.58094956904144,1017.96099330762,1015.16977779579,2003.48509209216,2006.27630760399,1046400000
302,304,3.52796754344103,7.1995101660247,5.58094956904144,7.19727757740803,5.58423717415289,1021.48896085106,1017.96099330762,2006.27630760399,2009.80427514743,1046400000
302,303,3.103530264186,7.1995101660247,5.58094956904144,7.06896314682443,4.77443065302629,1021.0645235718,1017.96099330762,2006.27630760399,2009.37983786818,1046400000
303,35,9.66939500853239,7.06896314682443,4.77443065302629,6.733367,5.401827,1030.73391858034,1021.0645235718,2009.37983786818,2019.04923287671,1046400000
303,36,9.76802514551862,7.06896314682443,4.77443065302629,7.08718066626886,4.79806503325777,1030.83254871732,1021.0645235718,2009.37983786818,2019.1478630137,1046400000
304,305,0.223168599498555,7.19727757740803,5.58423717415289,7.19915881427511,5.58523858484325,1021.71212945056,1021.48896085106,2009.80427514743,2010.02744374693,1046400000
304,306,1.09032777018601,7.19727757740803,5.58423717415289,7.19867945050014,5.5845091257784,1022.57928862125,1021.48896085106,2009.80427514743,2010.89460291762,1046400000
305,38,8.09028228046387,7.19915881427511,5.58523858484325,7.1970279646936,5.58344224855202,1029.80241173102,1021.71212945056,2010.02744374693,2018.1177260274,1046400000
305,37,6.1364084875153,7.19915881427511,5.58523858484325,7.1987548003697,5.59119095371506,1027.84853793807,1021.71212945056,2010.02744374693,2016.16385223445,1046400000
306,307,2.0358970243857,7.19867945050014,5.5845091257784,7.19953431575793,5.58510518592429,1024.61518564563,1022.57928862125,2010.89460291762,2012.93049994201,1046400000
306,308,0.997502111258961,7.19867945050014,5.5845091257784,7.19809086833901,5.58440867718417,1023.5767907325,1022.57928862125,2010.89460291762,2011.89210502888,1046400000
307,39,4.11873293470564,7.19953431575793,5.58510518592429,7.19906286839396,5.58266652971255,1028.73391858034,1024.61518564563,2012.93049994201,2017.04923287671,1046400000
307,40,5.10777403059598,7.19953431575793,5.58510518592429,7.20046132329553,5.58458898353201,1029.72295967623,1024.61518564563,2012.93049994201,2018.0382739726,1046400000
308,42,6.22288127248986,7.19809086833901,5.58440867718417,7.20119152221106,5.5815548228656,1029.79967200499,1023.5767907325,2011.89210502888,2018.11498630137,1046400000
308,41,7.17356620399675,7.19809086833901,5.58440867718417,7.20042016638878,5.59145797161772,1030.7503569365,1023.5767907325,2011.89210502888,2019.06567123288,1046400000
309,310,4.28664238307312,7.19348319654897,5.58481422341565,7.19700034660797,5.59000599604309,1021.08756701387,1016.8009246308,2005.11623892717,2009.40288131025,1046400000
309,312,1.9022667752851,7.19348319654897,5.58481422341565,7.19884196820861,5.58979468688298,1018.70319140608,1016.8009246308,2005.11623892717,2007.01850570246,1046400000
310,46,8.69018718290317,7.19700034660797,5.59000599604309,7.2013024703919,5.59143929412665,1029.77775419677,1021.08756701387,2009.40288131025,2018.09306849315,1046400000
310,311,0.422239314910305,7.19700034660797,5.59000599604309,7.19267741404204,5.58490162920909,1021.50980632878,1021.08756701387,2009.40288131025,2009.82512062516,1046400000
311,44,8.27616704607494,7.19267741404204,5.58490162920909,7.20082586462885,5.58298876639396,1029.78597337486,1021.50980632878,2009.82512062516,2018.10128767123,1046400000
311,45,9.23233142963677,7.19267741404204,5.58490162920909,7.19324843786922,5.58216125147295,1030.74213775842,1021.50980632878,2009.82512062516,2019.05745205479,1046400000
312,49,10.3019600509653,7.19884196820861,5.58979468688298,7.20202289527232,5.58666237850551,1029.00515145705,1018.70319140608,2007.01850570246,2017.32046575342,1046400000
312,313,8.81127489793858,7.19884196820861,5.58979468688298,7.19642410342466,5.5920371913925,1027.51446630402,1018.70319140608,2007.01850570246,2015.8297806004,1046400000
313,48,3.33178104343746,7.19642410342466,5.5920371913925,7.839884,5.857344,1030.84624734746,1027.51446630402,2015.8297806004,2019.16156164384,1046400000
313,47,2.28794542699929,7.19642410342466,5.5920371913925,7.19731460544324,5.59113992852252,1029.80241173102,1027.51446630402,2015.8297806004,2018.1177260274,1046400000
314,52,15.0628009213401,7.19241937005819,5.58746602243832,7.19591926664257,5.59132048552401,1030.75309666253,1015.69029574119,2004.00561003756,2019.0684109589,1046400000
314,315,0.958850312138578,7.19241937005819,5.58746602243832,7.19507334692263,5.5871845177685,1016.64914605333,1015.69029574119,2004.00561003756,2004.9644603497,1046400000
315,51,14.0327177324893,7.19507334692263,5.5871845177685,7.19283989671271,5.58623407283444,1030.68186378582,1016.64914605333,2004.9644603497,2018.99717808219,1046400000
315,50,14.1066903352291,7.19507334692263,5.5871845177685,6.33444099945055,5.62609835515774,1030.75583638856,1016.64914605333,2004.9644603497,2019.07115068493,1046400000
316,111,46.2263386668219,6.7150735436515,6.32722544296257,7.80207,6.74365,1029.72843912828,983.50210046146,1971.81741475784,2018.04375342466,1046400000
316,317,3.05681446054447,6.7150735436515,6.32722544296257,6.74443300627037,6.228914124502,986.558914922004,983.50210046146,1971.81741475784,1974.87422921838,1046400000
317,318,2.63245894451685,6.74443300627037,6.228914124502,6.74493506499761,6.23021164624795,989.191373866521,986.558914922004,1974.87422921838,1977.5066881629,1046400000
317,346,6.09669527831343,6.74443300627037,6.228914124502,6.74006442857071,6.22651719048128,992.655610200318,986.558914922004,1974.87422921838,1980.97092449669,1046400000
318,344,0.55232152432982,6.74493506499761,6.23021164624795,6.75108784452317,6.22934991663332,989.743695390851,989.191373866521,1977.5066881629,1978.05900968723,1046400000
318,319,1.01666711603814,6.74493506499761,6.23021164624795,6.92590666546591,5.775407217318,990.208040982559,989.191373866521,1977.5066881629,1978.52335527894,1046400000
319,320,17.2940002670999,6.92590666546591,5.775407217318,6.9248095517599,5.76718576295345,1007.50204124966,990.208040982559,1978.52335527894,1995.81735554604,1046400000
319,323,1.94183966990006,6.92590666546591,5.775407217318,6.92492562529953,5.77250902411836,992.149880652459,990.208040982559,1978.52335527894,1980.46519494884,1046400000
320,321,17.4371750766927,6.9248095517599,5.76718576295345,6.92662350374458,5.76407435369171,1024.93921632635,1007.50204124966,1995.81735554604,2013.25453062273,1046400000
320,322,3.35434946734901,6.9248095517599,5.76718576295345,7.19281209094057,5.58509497642165,1010.85639071701,1007.50204124966,1995.81735554604,1999.17170501338,1046400000
321,55,5.78922280192984,6.92662350374458,5.76407435369171,6.92724656319168,5.77374653779867,1030.72843912828,1024.93921632635,2013.25453062273,2019.04375342466,1046400000
321,56,2.94484073740392,6.92662350374458,5.76407435369171,7.08545957172603,4.79601666143291,1027.88405706376,1024.93921632635,2013.25453062273,2016.19937136013,1046400000
322,58,19.8254730688078,7.19281209094057,5.58509497642165,7.19731072976323,5.58787918731846,1030.68186378582,1010.85639071701,1999.17170501338,2018.99717808219,1046400000
322,57,18.8556100551092,7.19281209094057,5.58509497642165,7.182869,5.581471,1029.71200077212,1010.85639071701,1999.17170501338,2018.02731506849,1046400000
323,328,0.589167162056938,6.92492562529953,5.77250902411836,7.09037522467353,6.29176727106309,992.739047814516,992.149880652459,1980.46519494884,1981.05436211089,1046400000
323,324,22.5975785436491,6.92492562529953,5.77250902411836,6.92525904445966,5.77301407023124,1014.74745919611,992.149880652459,1980.46519494884,2003.06277349248,1046400000
324,325,4.74717126160553,6.92525904445966,5.77301407023124,6.78477448478654,5.59305410021275,1019.49463045771,1014.74745919611,2003.06277349248,2007.80994475409,1046400000
324,63,15.0330347266938,6.92525904445966,5.77301407023124,6.92467812225638,5.77591638821476,1029.7804939228,1014.74745919611,2003.06277349248,2018.09580821918,1046400000
325,326,1.40543478700833,6.78477448478654,5.59305410021275,6.78468273098316,5.5948019184168,1020.90006524472,1019.49463045771,2007.80994475409,2009.2153795411,1046400000
325,327,0.00319792861452406,6.78477448478654,5.59305410021275,6.7806242121075,5.59136973057745,1019.49782838633,1019.49463045771,2007.80994475409,2007.8131426827,1046400000
326,59,5.15714100684713,6.78468273098316,5.5948019184168,6.78378758316774,5.59117229829529,1026.05720625157,1020.90006524472,2009.2153795411,2014.37252054795,1046400000
326,60,9.78727799314843,6.78468273098316,5.5948019184168,6.77948864575629,5.59361206480629,1030.68734323787,1020.90006524472,2009.2153795411,2019.00265753425,1046400000
327,62,6.76759704332305,6.7806242121075,5.59136973057745,6.78255079575478,5.59336020637418,1026.26542542965,1019.49782838633,2007.8131426827,2014.58073972603,1046400000
327,61,10.3484189611312,6.7806242121075,5.59136973057745,6.33618744734847,5.62277581666933,1029.84624734746,1019.49782838633,2007.8131426827,2018.16156164384,1046400000
328,329,1.9042291262157,7.09037522467353,6.29176727106309,7.09072851717085,6.29202630287312,994.643276940732,992.739047814516,1981.05436211089,1982.95859123711,1046400000
328,342,24.871445208725,7.09037522467353,6.29176727106309,7.09206274068088,6.28966467556021,1017.61049302324,992.739047814516,1981.05436211089,2005.92580731962,1046400000
329,335,0.280074835440608,7.09072851717085,6.29202630287312,7.0893477229717,6.29208563567488,994.923351776172,994.643276940732,1982.95859123711,1983.23866607255,1046400000
329,330,2.98265253260568,7.09072851717085,6.29202630287312,7.08989280853023,6.29183160320494,997.625929473338,994.643276940732,1982.95859123711,1985.94124376971,1046400000
330,332,10.72908031008,7.08989280853023,6.29183160320494,7.09116138006425,6.29072875098274,1008.35500978342,997.625929473338,1985.94124376971,1996.67032407979,1046400000
330,331,4.10984233191531,7.08989280853023,6.29183160320494,7.0882592606133,6.29106706318733,1001.73577180525,997.625929473338,1985.94124376971,1990.05108610163,1046400000
331,64,28.0858180079603,7.0882592606133,6.29106706318733,7.218593,6.334514,1029.82158981321,1001.73577180525,1990.05108610163,2018.13690410959,1046400000
331,65,28.0995166380973,7.0882592606133,6.29106706318733,7.06271063579991,6.26439392514661,1029.83528844335,1001.73577180525,1990.05108610163,2018.15060273973,1046400000
332,66,22.3926074270558,7.09116138006425,6.29072875098274,7.08715158092637,6.28526327155292,1030.74761721047,1008.35500978342,1996.67032407979,2019.06293150685,1046400000
332,333,1.09565800247285,7.09116138006425,6.29072875098274,7.09092004302978,6.29146714722446,1009.45066778589,1008.35500978342,1996.67032407979,1997.76598208227,1046400000
333,334,12.0064398157719,7.09092004302978,6.29146714722446,7.08502192632915,6.28790676512253,1021.45710760166,1009.45066778589,1997.76598208227,2009.77242189804,1046400000
333,69,21.2750316163639,7.09092004302978,6.29146714722446,7.08463701592936,6.28567407291832,1030.72569940225,1009.45066778589,1997.76598208227,2019.04101369863,1046400000
334,68,9.23571508826318,7.08502192632915,6.28790676512253,7.08164612219633,6.28614802603344,1030.69282268993,1021.45710760166,2009.77242189804,2019.0081369863,1046400000
334,67,9.26585207456434,7.08502192632915,6.28790676512253,7.08764331447751,6.28241165200751,1030.72295967623,1021.45710760166,2009.77242189804,2019.0382739726,1046400000
335,70,32.7694484569821,7.0893477229717,6.29208563567488,6.75468752084555,6.22017992371867,1027.69280023315,994.923351776172,1983.23866607255,2016.00811452953,1046400000
335,336,1.35907643348362,7.0893477229717,6.29208563567488,7.08760978247154,6.2932640424675,996.282428209656,994.923351776172,1983.23866607255,1984.59774250603,1046400000
336,337,0.462785464910596,7.08760978247154,6.2932640424675,7.08712701333375,6.2902741304106,996.745213674567,996.282428209656,1984.59774250603,1985.06052797094,1046400000
336,340,4.56940125914645,7.08760978247154,6.2932640424675,7.08782869012344,6.29204412662738,1000.8518294688,996.282428209656,1984.59774250603,1989.16714376518,1046400000
337,339,17.0124903545739,7.08712701333375,6.2902741304106,7.08491175981039,6.28247613079575,1013.75770402914,996.745213674567,1985.06052797094,2002.07301832552,1046400000
337,338,29.854547367278,7.08712701333375,6.2902741304106,7.079770786765,6.28714785914901,1026.59976104184,996.745213674567,1985.06052797094,2014.91507533822,1046400000
338,71,3.15059589465608,7.079770786765,6.28714785914901,7.0798142117915,6.2873778345267,1029.7503569365,1026.59976104184,2014.91507533822,2018.06567123288,1046400000
338,72,4.23826712753288,7.079770786765,6.28714785914901,7.07904239837763,6.28037200737254,1030.83802816938,1026.59976104184,2014.91507533822,2019.15334246575,1046400000
339,73,17.0858035922916,7.08491175981039,6.28247613079575,7.08428158842933,6.28288690094011,1030.84350762143,1013.75770402914,2002.07301832552,2019.15882191781,1046400000
339,74,16.9734748251684,7.08491175981039,6.28247613079575,7.06467573391672,6.26900047558229,1030.73117885431,1013.75770402914,2002.07301832552,2019.04649315069,1046400000
340,75,28.3918789951015,7.08782869012344,6.29204412662738,7.088383,6.290372,1029.2437084639,1000.8518294688,1989.16714376518,2017.55902276028,1046400000
340,341,13.1539608777162,7.08782869012344,6.29204412662738,7.06632040488087,6.26222371613946,1014.00579034652,1000.8518294688,1989.16714376518,2002.32110464289,1046400000
341,77,16.7336076858726,7.06632040488087,6.26222371613946,7.06271227408243,6.26876793434739,1030.73939803239,1014.00579034652,2002.32110464289,2019.05471232877,1046400000
341,76,16.7774433023108,7.06632040488087,6.26222371613946,7.06386404147309,6.26306227773901,1030.78323364883,1014.00579034652,2002.32110464289,2019.09854794521,1046400000
342,343,4.09941795376617,7.09206274068088,6.28966467556021,7.05607547352829,6.25292926767805,1021.70991097701,1017.61049302324,2005.92580731962,2010.02522527338,1046400000
342,78,13.1261652831225,7.09206274068088,6.28966467556021,7.08703466799818,6.27911043494636,1030.73665830636,1017.61049302324,2005.92580731962,2019.05197260274,1046400000
343,79,9.07880212387707,7.05607547352829,6.25292926767805,7.06507612260383,6.26523777485824,1030.78871310088,1021.70991097701,2010.02522527338,2019.10402739726,1046400000
343,80,8.01578842524694,7.05607547352829,6.25292926767805,7.20173502351048,5.59044805787802,1029.72569940225,1021.70991097701,2010.02522527338,2018.04101369863,1046400000
344,81,40.9929629155129,6.75108784452317,6.22934991663332,6.754196,6.054167,1030.73665830636,989.743695390851,1978.05900968723,2019.05197260274,1046400000
344,345,24.2241926930775,6.75108784452317,6.22934991663332,6.74064849816871,6.21882209714195,1013.96788808393,989.743695390851,1978.05900968723,2002.2832023803,1046400000
345,83,16.7441126881889,6.74064849816871,6.21882209714195,6.74804632518215,6.12973517952285,1030.71200077212,1013.96788808393,2002.2832023803,2019.02731506849,1046400000
345,82,16.8454825512025,6.74064849816871,6.21882209714195,6.74285775284606,6.22125116268021,1030.81337063513,1013.96788808393,2002.2832023803,2019.12868493151,1046400000
346,347,2.45776777632818,6.74006442857071,6.22651719048128,6.73955082941846,6.22342565999283,995.113377976646,992.655610200318,1980.97092449669,1983.42869227302,1046400000
346,360,1.47047274452947,6.74006442857071,6.22651719048128,6.73952819901913,6.22722878399027,994.126082944847,992.655610200318,1980.97092449669,1982.44139724122,1046400000
347,348,15.1989672431457,6.73955082941846,6.22342565999283,6.73920144768856,6.22443449449905,1010.31234521979,995.113377976646,1983.42869227302,1998.62765951617,1046400000
347,97,34.6342392338276,6.73955082941846,6.22342565999283,6.71568770023263,6.331453502306,1029.74761721047,995.113377976646,1983.42869227302,2018.06293150685,1046400000
348,349,0.129158740848968,6.73920144768856,6.22443449449905,7.19590242504297,5.58977758344003,1010.44150396064,1010.31234521979,1998.62765951617,1998.75681825702,1046400000
348,84,9.48866714686649,6.73920144768856,6.22443449449905,6.73640856818718,6.22380575292785,1019.80101236666,1010.31234521979,1998.62765951617,2008.11632666303,1046400000
349,350,0.198967000319076,7.19590242504297,5.58977758344003,7.19629391951313,5.58974091146321,1010.64047096096,1010.44150396064,1998.75681825702,1998.95578525734,1046400000
349,356,5.13453386739573,7.19590242504297,5.58977758344003,7.19743852015188,5.58833544250861,1015.57603782804,1010.44150396064,1998.75681825702,2003.89135212441,1046400000
350,351,0.672202140429533,7.19629391951313,5.58974091146321,7.19359063155243,5.58736024008376,1011.31267310139,1010.64047096096,1998.95578525734,1999.62798739777,1046400000
350,355,0.62377092360812,7.19629391951313,5.58974091146321,7.19476936213757,5.59011058647,1011.26424188457,1010.64047096096,1998.95578525734,1999.57955618094,1046400000
351,353,1.82099794946555,7.19359063155243,5.58736024008376,7.19057506509523,5.58478312803964,1013.13367105085,1011.31267310139,1999.62798739777,2001.44898534723,1046400000
351,352,2.68973459806368,7.19359063155243,5.58736024008376,6.98492465394741,5.77344172579062,1014.00240769945,1011.31267310139,1999.62798739777,2002.31772199583,1046400000
352,85,10.7232917028015,6.98492465394741,5.77344172579062,6.87224,5.75412,1024.72569940225,1014.00240769945,2002.31772199583,2013.04101369863,1046400000
352,86,10.761647867185,6.98492465394741,5.77344172579062,6.93120173002071,5.77686443810564,1024.76405556664,1014.00240769945,2002.31772199583,2013.07936986301,1046400000
353,89,17.7180557486599,7.19057506509523,5.58478312803964,7.19635477474167,5.58644267735171,1030.85172679951,1013.13367105085,2001.44898534723,2019.16704109589,1046400000
353,354,16.3142063376348,7.19057506509523,5.58478312803964,6.85189888046738,5.77884482256914,1029.44787738849,1013.13367105085,2001.44898534723,2017.76319168487,1046400000
354,88,0.351794616504386,6.85189888046738,5.77884482256914,6.85193043971175,5.77845409230485,1029.79967200499,1029.44787738849,2017.76319168487,2018.11498630137,1046400000
354,87,1.25590420554551,6.85189888046738,5.77884482256914,6.85094175864151,5.77729449104756,1030.70378159404,1029.44787738849,2017.76319168487,2019.01909589041,1046400000
355,90,19.4669369697413,7.19476936213757,5.59011058647,7.19558700783069,5.58817137374298,1030.73117885431,1011.26424188457,1999.57955618094,2019.04649315069,1046400000
355,91,19.5792657368646,7.19476936213757,5.59011058647,6.85256751531468,5.59817483448513,1030.84350762143,1011.26424188457,1999.57955618094,2019.15882191781,1046400000
356,92,12.2069263395447,7.19743852015188,5.58833544250861,6.92879666017206,5.77401085388108,1027.78296416758,1015.57603782804,2003.89135212441,2016.09827846396,1046400000
356,357,3.8117706008179,7.19743852015188,5.58833544250861,7.19661209449005,5.58781450727254,1019.38780842885,1015.57603782804,2003.89135212441,2007.70312272523,1046400000
357,93,11.3351512473726,7.19661209449005,5.58781450727254,7.20201659531702,5.58495069377593,1030.72295967623,1019.38780842885,2007.70312272523,2019.0382739726,1046400000
357,358,2.71363074153776,7.19661209449005,5.58781450727254,7.19599699027217,5.58102677090215,1022.10143917039,1019.38780842885,2007.70312272523,2010.41675346677,1046400000
358,359,5.93262383136794,7.19599699027217,5.58102677090215,7.19304670100485,5.58251598067601,1028.03406300176,1022.10143917039,2010.41675346677,2016.34937729814,1046400000
358,96,7.62699995788976,7.19599699027217,5.58102677090215,7.20185971907732,5.58658708671465,1029.72843912828,1022.10143917039,2010.41675346677,2018.04375342466,1046400000
359,95,2.73821174296023,7.19304670100485,5.58251598067601,7.19330615500896,5.58284989884439,1030.77227474472,1028.03406300176,2016.34937729814,2019.0875890411,1046400000
359,94,1.76834872926161,7.19304670100485,5.58251598067601,7.19433682713304,5.58929930177461,1029.80241173102,1028.03406300176,2016.34937729814,2018.1177260274,1046400000
360,371,2.62668234226081,6.73952819901913,6.22722878399027,6.75021780005582,6.22085020055808,996.752765287108,994.126082944847,1982.44139724122,1985.06807958348,1046400000
360,361,1.02499640835013,6.73952819901913,6.22722878399027,6.74419304290482,6.22523028603836,995.151079353197,994.126082944847,1982.44139724122,1983.46639364957,1046400000
361,362,0.332138793723601,6.74419304290482,6.22523028603836,6.74400747660021,6.2251961930128,995.483218146921,995.151079353197,1983.46639364957,1983.7985324433,1046400000
361,108,34.5718803230295,6.74419304290482,6.22523028603836,7.20162868634326,5.59103370197219,1029.72295967623,995.151079353197,1983.46639364957,2018.0382739726,1046400000
362,365,2.72646477881659,6.74400747660021,6.2251961930128,6.74185908308319,6.22474554323108,998.209682925737,995.483218146921,1983.7985324433,1986.52499722211,1046400000
362,363,3.1383944136562,6.74400747660021,6.2251961930128,6.74475324928758,6.22476697703893,998.621612560577,995.483218146921,1983.7985324433,1986.93692685695,1046400000
363,364,3.75027849663707,6.74475324928758,6.22476697703893,6.93903003732258,5.98791449862365,1002.37189105721,998.621612560577,1986.93692685695,1990.68720535359,1046400000
363,100,31.1780594444168,6.74475324928758,6.22476697703893,6.33050736698032,5.62720499639124,1029.79967200499,998.621612560577,1986.93692685695,2018.11498630137,1046400000
364,98,28.3784658792866,6.93903003732258,5.98791449862365,6.94209543256071,5.98571356461745,1030.7503569365,1002.37189105721,1990.68720535359,2019.06567123288,1046400000
364,99,27.4606576601085,6.93903003732258,5.98791449862365,6.93732686596056,5.98888996265268,1029.83254871732,1002.37189105721,1990.68720535359,2018.1478630137,1046400000
365,366,1.45545046709976,6.74185908308319,6.22474554323108,6.73850832246297,6.2270787081358,999.665133392837,998.209682925737,1986.52499722211,1987.98044768921,1046400000
365,369,0.201279725791494,6.74185908308319,6.22474554323108,6.82665303828692,6.18122154921032,998.410962651529,998.209682925737,1986.52499722211,1986.72627694791,1046400000
366,104,20.1174922209407,6.73850832246297,6.2270787081358,6.74321956251889,6.22545004495174,1019.78262561378,999.665133392837,1987.98044768921,2008.09793991015,1046400000
366,367,2.11343213353769,6.73850832246297,6.2270787081358,6.73984128769508,6.2247401076736,1001.77856552637,999.665133392837,1987.98044768921,1990.09387982275,1046400000
367,103,28.0567229169753,6.73984128769508,6.2247401076736,6.615948,5.986347,1029.83528844335,1001.77856552637,1990.09387982275,2018.15060273973,1046400000
367,368,24.2862019912809,6.73984128769508,6.2247401076736,6.7499679288652,6.13413130835305,1026.06476751766,1001.77856552637,1990.09387982275,2014.38008181403,1046400000
368,102,4.63627435035188,6.7499679288652,6.13413130835305,6.74980639282831,6.13242777870838,1030.70104186801,1026.06476751766,2014.38008181403,2019.01635616438,1046400000
368,101,3.75956202158479,6.7499679288652,6.13413130835305,6.74743865128725,6.13054215049201,1029.82432953924,1026.06476751766,2014.38008181403,2018.13964383562,1046400000
369,105,31.3202162027801,6.82665303828692,6.18122154921032,6.997077,5.904454,1029.73117885431,998.410962651529,1986.72627694791,2018.04649315069,1046400000
369,370,17.5992260838076,6.82665303828692,6.18122154921032,7.12885344207368,6.25401056295329,1016.01018873534,998.410962651529,1986.72627694791,2004.32550303171,1046400000
370,106,14.7675654614382,7.12885344207368,6.25401056295329,7.06239858536181,6.2671301146712,1030.77775419677,1016.01018873534,2004.32550303171,2019.09306849315,1046400000
370,107,14.7566065573286,7.12885344207368,6.25401056295329,6.678119,3.51526,1030.76679529267,1016.01018873534,2004.32550303171,2019.08210958904,1046400000
371,109,33.0852628822696,6.75021780005582,6.22085020055808,6.713854,6.154398,1029.83802816938,996.752765287108,1985.06807958348,2018.15334246575,1046400000
371,110,32.1838930192559,6.75021780005582,6.22085020055808,6.75116546447333,6.21959899334208,1028.93665830636,996.752765287108,1985.06807958348,2017.25197260274,1046400000
372,373,2.04435469706676,6.71453313852356,6.32566638162937,7.06102117771485,6.27025495654255,983.863153980675,981.818799283608,1970.13411357998,1972.17846827705,1046400000
372,382,13.731735256177,6.71453313852356,6.32566638162937,6.71721415990108,6.33444632745356,995.550534539785,981.818799283608,1970.13411357998,1983.86584883616,1046400000
373,374,9.95858949858741,7.06102117771485,6.27025495654255,7.06000906759837,6.26377334739249,993.821743479262,983.863153980675,1972.17846827705,1982.13705777564,1046400000
373,376,16.5501638396007,7.06102117771485,6.27025495654255,6.76592444398162,6.16543708179565,1000.41331782028,983.863153980675,1972.17846827705,1988.72863211665,1046400000
374,375,9.30505888460843,7.06000906759837,6.26377334739249,7.06880967343169,6.26401889594335,1003.12680236387,993.821743479262,1982.13705777564,1991.44211666025,1046400000
374,114,37.0354627723072,7.06000906759837,6.26377334739249,7.06334200472262,6.26572955106024,1030.85720625157,993.821743479262,1982.13705777564,2019.17252054795,1046400000
375,112,26.6673901890687,7.06880967343169,6.26401889594335,7.06837929412392,6.26592951250065,1029.79419255294,1003.12680236387,1991.44211666025,2018.10950684932,1046400000
375,113,26.5797189561919,7.06880967343169,6.26401889594335,7.0623117792244,6.26657420199458,1029.70652132006,1003.12680236387,1991.44211666025,2018.02183561644,1046400000
376,377,4.15017287168228,6.76592444398162,6.16543708179565,6.76119638353322,6.14518221522179,1004.56349069196,1000.41331782028,1988.72863211665,1992.87880498833,1046400000
376,115,30.4384089792392,6.76592444398162,6.16543708179565,7.20179738725049,5.58419055681976,1030.85172679951,1000.41331782028,1988.72863211665,2019.16704109589,1046400000
377,380,18.7213417642864,6.76119638353322,6.14518221522179,6.75421458907579,6.13072369968163,1023.28483245624,1004.56349069196,1992.87880498833,2011.60014675262,1046400000
377,378,6.86269689215353,6.76119638353322,6.14518221522179,6.76066373796325,6.14459408335512,1011.42618758411,1004.56349069196,1992.87880498833,1999.74150188049,1046400000
378,379,7.51475479374089,6.76066373796325,6.14459408335512,6.75776905661986,6.13937304900067,1018.94094237785,1011.42618758411,1999.74150188049,2007.25625667423,1046400000
378,116,18.4310186674581,6.76066373796325,6.14459408335512,6.75467132333868,6.13730624936553,1029.85720625157,1011.42618758411,1999.74150188049,2018.17252054795,1046400000
379,118,11.8094145586487,6.75776905661986,6.13937304900067,6.74968059658363,6.13210422265742,1030.7503569365,1018.94094237785,2007.25625667423,2019.06567123288,1046400000
379,117,6.80941455864869,6.75776905661986,6.13937304900067,6.75229484148239,6.21998296020853,1025.7503569365,1018.94094237785,2007.25625667423,2014.06567123288,1046400000
380,381,5.62255481079157,6.75421458907579,6.13072369968163,6.75371277851726,6.1304211058751,1028.90738726704,1023.28483245624,2011.60014675262,2017.22270156341,1046400000
380,119,6.52305872683217,6.75421458907579,6.13072369968163,7.113571,6.327094,1029.80789118308,1023.28483245624,2011.60014675262,2018.12320547945,1046400000
381,121,0.845709395492547,6.75371277851726,6.1304211058751,6.7533168927775,6.12931849930105,1029.75309666253,1028.90738726704,2017.22270156341,2018.0684109589,1046400000
381,120,0.873106655766576,6.75371277851726,6.1304211058751,6.75393416530124,6.13097176905984,1029.7804939228,1028.90738726704,2017.22270156341,2018.09580821918,1046400000
382,383,6.46322125566524,6.71721415990108,6.33444632745356,6.71349998089366,6.32924302818449,1002.01375579545,995.550534539785,1983.86584883616,1990.32907009183,1046400000
382,392,2.01325084459044,6.71721415990108,6.33444632745356,6.71587292815152,6.33531992671593,997.563785384375,995.550534539785,1983.86584883616,1985.87909968075,1046400000
383,389,11.1705071080326,6.71349998089366,6.32924302818449,6.71058717262978,6.33081112384084,1013.18426290348,1002.01375579545,1990.32907009183,2001.49957719986,1046400000
383,384,5.67962726903075,6.71349998089366,6.32924302818449,6.71673127244948,6.32518063430967,1007.69338306448,1002.01375579545,1990.32907009183,1996.00869736086,1046400000
384,385,9.66028436561303,6.71673127244948,6.32518063430967,6.71369339977262,6.32501637339613,1017.35366743009,1007.69338306448,1996.00869736086,2005.66898172647,1046400000
384,388,13.6996270656643,6.71673127244948,6.32518063430967,6.71645478875469,6.32721530263561,1021.39301013015,1007.69338306448,1996.00869736086,2009.70832442652,1046400000
385,387,3.13214552300194,6.71369339977262,6.32501637339613,6.7137739236552,6.3215369787371,1020.4858129531,1017.35366743009,2005.66898172647,2008.80112724947,1046400000
385,386,11.0236811523948,6.71369339977262,6.32501637339613,6.71191454636329,6.3259644364717,1028.37734858249,1017.35366743009,2005.66898172647,2016.69266287886,1046400000
386,122,1.41136451839576,6.71191454636329,6.3259644364717,6.70824658989737,6.3307006021358,1029.78871310088,1028.37734858249,2016.69266287886,2018.10402739726,1046400000
386,123,1.44424123072451,6.71191454636329,6.3259644364717,6.7140879103136,6.32657902249463,1029.82158981321,1028.37734858249,2016.69266287886,2018.13690410959,1046400000
387,125,10.2426261751858,6.7137739236552,6.3215369787371,6.71523551630728,6.32582323818771,1030.72843912828,1020.4858129531,2008.80112724947,2019.04375342466,1046400000
387,124,10.3768727505281,6.7137739236552,6.3215369787371,6.71244039161996,6.32952846572544,1030.86268570362,1020.4858129531,2008.80112724947,2019.178,1046400000
388,127,8.42310023101311,6.71645478875469,6.32721530263561,6.71433227269789,6.32565155854892,1029.81611036116,1021.39301013015,2009.70832442652,2018.13142465753,1046400000
388,126,8.39022351868436,6.71645478875469,6.32721530263561,6.71334707301718,6.32858269032628,1029.78323364883,1021.39301013015,2009.70832442652,2018.09854794521,1046400000
389,128,17.6537652658948,6.71058717262978,6.33081112384084,7.07021123817855,6.27109523189423,1030.83802816938,1013.18426290348,2001.49957719986,2019.15334246575,1046400000
389,390,13.7359392235596,6.71058717262978,6.33081112384084,6.71617807780265,6.33026126631475,1026.92020212704,1013.18426290348,2001.49957719986,2015.23551642342,1046400000
390,391,1.85245752656056,6.71617807780265,6.33026126631475,6.71514448657296,6.32979095294228,1028.7726596536,1026.92020212704,2015.23551642342,2017.08797394998,1046400000
390,131,2.94796302863663,6.71617807780265,6.33026126631475,6.70804390342761,6.33317537879883,1029.86816515568,1026.92020212704,2015.23551642342,2018.18347945206,1046400000
391,130,2.00235481714455,6.71514448657296,6.32979095294228,6.71656950759657,6.33277898832234,1030.77501447075,1028.7726596536,2017.08797394998,2019.09032876712,1046400000
391,129,1.09276577604871,6.71514448657296,6.32979095294228,6.71094780252779,6.32976866092619,1029.86542542965,1028.7726596536,2017.08797394998,2018.18073972603,1046400000
392,132,33.2084893603447,6.71587292815152,6.33531992671593,6.73466100940397,6.22634135490977,1030.77227474472,997.563785384375,1985.87909968075,2019.0875890411,1046400000
392,393,14.2111941319498,6.71587292815152,6.33531992671593,6.71350204270086,6.33324008517838,1011.77497951633,997.563785384375,1985.87909968075,2000.0902938127,1046400000
393,134,16.0325748151902,6.71350204270086,6.33324008517838,6.751025446131,6.21831871989634,1027.80755433152,1011.77497951633,2000.0902938127,2016.12286862789,1046400000
393,133,18.9288020777098,6.71350204270086,6.33324008517838,6.70946560600327,6.3332608629304,1030.70378159404,1011.77497951633,2000.0902938127,2019.01909589041,1046400000
394,136,30.288727372382,6.21470723149782,6.75056910920191,6.19600398118291,6.73225881862522,1030.84350762143,1000.55478024905,1988.87009454543,2019.15882191781,1046400000
394,135,30.1353027148478,6.21470723149782,6.75056910920191,6.65507881498782,6.38060772574976,1030.6900829639,1000.55478024905,1988.87009454543,2019.00539726027,1046400000
395,396,12.6196940416881,6.20658572749901,6.72701541168704,6.20156919286021,6.7323914468734,1020.30372471405,1007.68403067237,1995.99934496874,2008.61903901043,1046400000
395,139,23.0416687298884,6.20658572749901,6.72701541168704,7.272099,6.346321,1030.72569940225,1007.68403067237,1995.99934496874,2019.04101369863,1046400000
396,138,9.52060482518646,6.20156919286021,6.7323914468734,6.20065876643408,6.72877717816011,1029.82432953924,1020.30372471405,2008.61903901043,2018.13964383562,1046400000
396,137,9.5096459210768,6.20156919286021,6.7323914468734,6.19729023140339,6.72890796979721,1029.81337063513,1020.30372471405,2008.61903901043,2018.12868493151,1046400000
397,398,30.6831651094692,6.35460553569117,8.11383854341983,6.34859371357647,8.12100655408247,999.804411266473,969.121246157004,1957.43656045338,1988.11972556285,1046400000
397,140,60.5962340671682,6.35460553569117,8.11383854341983,5.967,7.867,1029.71748022417,969.121246157004,1957.43656045338,2018.03279452055,1046400000
398,399,4.61613777949975,6.34859371357647,8.12100655408247,6.34656749481881,8.11805659340862,1004.42054904597,999.804411266473,1988.11972556285,1992.73586334235,1046400000
398,141,29.9459456700277,6.34859371357647,8.12100655408247,6.556183,8.303293,1029.7503569365,999.804411266473,1988.11972556285,2018.06567123288,1046400000
399,400,5.36679491013757,6.34656749481881,8.11805659340862,6.33896227165597,8.11455060446464,1009.78734395611,1004.42054904597,1992.73586334235,1998.10265825249,1046400000
399,151,25.3791229590211,6.34656749481881,8.11805659340862,6.33268268209776,8.10421324746359,1029.79967200499,1004.42054904597,1992.73586334235,2018.11498630137,1046400000
400,401,2.96195550960095,6.33896227165597,8.11455060446464,6.34153669381042,8.1169388954269,1012.74929946571,1009.78734395611,1998.10265825249,2001.06461376209,1046400000
400,406,1.6482124178277,6.33896227165597,8.11455060446464,6.334086971642,8.09994136953909,1011.43555637394,1009.78734395611,1998.10265825249,1999.75087067031,1046400000
401,147,17.0366739091456,6.34153669381042,8.1169388954269,6.1878,8.1189,1029.78597337486,1012.74929946571,2001.06461376209,2018.10128767123,1046400000
401,402,5.36896074875277,6.34153669381042,8.1169388954269,6.33959299188592,8.11570031911255,1018.11826021446,1012.74929946571,2001.06461376209,2006.43357451084,1046400000
402,404,0.671636356751991,6.33959299188592,8.11570031911255,6.33943571731848,8.11580030990215,1018.78989657122,1018.11826021446,2006.43357451084,2007.10521086759,1046400000
402,403,10.8719297672336,6.33959299188592,8.11570031911255,6.10075759153336,7.99608714174426,1028.9901899817,1018.11826021446,2006.43357451084,2017.30550427807,1046400000
403,143,0.817701201378478,6.10075759153336,7.99608714174426,6.128725,8.00679,1029.80789118308,1028.9901899817,2017.30550427807,2018.12320547945,1046400000
403,142,1.82592037946055,6.10075759153336,7.99608714174426,5.889345,7.953555,1030.81611036116,1028.9901899817,2017.30550427807,2019.13142465753,1046400000
404,405,9.19604462430452,6.33943571731848,8.11580030990215,6.33731429580178,8.12692582744569,1027.98594119552,1018.78989657122,2007.10521086759,2016.3012554919,1046400000
404,146,10.9960768036408,6.33943571731848,8.11580030990215,6.33510758449873,8.10354604155226,1029.78597337486,1018.78989657122,2007.10521086759,2018.10128767123,1046400000
405,145,1.80825135741859,6.33731429580178,8.12692582744569,6.33104600078239,8.09675248847762,1029.79419255294,1027.98594119552,2016.3012554919,2018.10950684932,1046400000
405,144,1.7781143711172,6.33731429580178,8.12692582744569,6.340038,8.129261,1029.76405556664,1027.98594119552,2016.3012554919,2018.07936986301,1046400000
406,150,18.309321110508,6.334086971642,8.09994136953909,6.032415,7.850118,1029.74487748445,1011.43555637394,1999.75087067031,2018.06019178082,1046400000
406,407,0.9519699286279,6.334086971642,8.09994136953909,6.33447354613292,8.0995738863378,1012.38752630257,1011.43555637394,1999.75087067031,2000.70284059894,1046400000
407,149,12.3628306339348,6.33447354613292,8.0995738863378,6.33163049922557,8.09689972940909,1024.7503569365,1012.38752630257,2000.70284059894,2013.06567123288,1046400000
407,148,13.6614607709211,6.33447354613292,8.0995738863378,6.33407938874941,8.10330322874277,1026.04898707349,1012.38752630257,2000.70284059894,2014.36430136986,1046400000
408,410,140.745791834647,6.41600713087313,7.54355251406899,6.4450653995059,7.532016064144,983.677213101325,842.931421266677,1831.24673556305,1971.9925273977,1046400000
408,409,133.754356011427,6.41600713087313,7.54355251406899,6.09870161081722,8.08538408113469,976.685777278104,842.931421266677,1831.24673556305,1965.00109157448,1046400000
409,153,51.1053836107882,6.09870161081722,8.08538408113469,6.0767,8.0701,1027.79116088889,976.685777278104,1965.00109157448,2016.10647518527,1046400000
409,152,53.0892371926431,6.09870161081722,8.08538408113469,6.065463,7.81309,1029.77501447075,976.685777278104,1965.00109157448,2018.09032876712,1046400000
410,155,41.0978013694227,6.4450653995059,7.532016064144,6.452667,7.510333,1024.77501447075,983.677213101325,1971.9925273977,2013.09032876712,1046400000
410,154,44.0784286618848,6.4450653995059,7.532016064144,5.485,7.035,1027.75564176321,983.677213101325,1971.9925273977,2016.07095605959,1046400000
