node1,node2,length,startLat,startLon,endLat,endLon,endNodeL,startNodeL,startYear,endYear,treeID
419,429,68.0910369716726,6.01261346622562,7.83527543182343,6.01477581991316,7.86538427147358,345.472378229914,277.381341258242,1780.54685685907,1848.63789383074,472200000
419,420,55.1449321049169,6.01261346622562,7.83527543182343,6.01229885411716,7.82995799491218,332.526273363159,277.381341258242,1780.54685685907,1835.69178896399,472200000
420,421,117.165495358845,6.01229885411716,7.82995799491218,6.02188626365722,7.82982735209926,449.691768722003,332.526273363159,1835.69178896399,1952.85728432283,472200000
420,423,109.828363491097,6.01229885411716,7.82995799491218,5.48726222195145,7.03884232669082,442.354636854256,332.526273363159,1835.69178896399,1945.52015245509,472200000
421,8,63.2491908624353,6.02188626365722,7.82982735209926,6.0767,8.0701,512.940959584439,449.691768722003,1952.85728432283,2016.10647518527,472200000
421,422,10.2497608151952,6.02188626365722,7.82982735209926,6.02288357192652,7.82809762826811,459.941529537199,449.691768722003,1952.85728432283,1963.10704513803,472200000
422,9,54.983283629095,6.02288357192652,7.82809762826811,6.065463,7.81309,514.924813166294,459.941529537199,1963.10704513803,2018.09032876712,472200000
422,10,26.6776050756199,6.02288357192652,7.82809762826811,6.75249904015634,6.13142219613912,486.619134612819,459.941529537199,1963.10704513803,1989.78465021365,472200000
423,424,17.8684505387145,5.48726222195145,7.03884232669082,5.48779208195766,7.03752868307652,460.223087392971,442.354636854256,1945.52015245509,1963.3886029938,472200000
423,428,15.3089169142575,5.48726222195145,7.03884232669082,5.48984277644002,7.03973688063673,457.663553768514,442.354636854256,1945.52015245509,1960.82906936934,472200000
424,11,52.6823530657851,5.48779208195766,7.03752868307652,5.48377003798974,7.03778277594673,512.905440458756,460.223087392971,1963.3886029938,2016.07095605959,472200000
424,425,15.3230375473637,5.48779208195766,7.03752868307652,5.488992004721,7.03694009852155,475.546124940334,460.223087392971,1963.3886029938,1978.71164054116,472200000
425,12,34.3786882259594,5.488992004721,7.03694009852155,6.452667,7.510333,509.924813166294,475.546124940334,1978.71164054116,2013.09032876712,472200000
425,426,16.9114783667895,5.488992004721,7.03694009852155,4.77010360392483,7.0102739864956,492.457603307124,475.546124940334,1978.71164054116,1995.62311890795,472200000
426,427,3.71715586169937,4.77010360392483,7.0102739864956,4.77047067121077,7.01038941164144,496.174759168823,492.457603307124,1995.62311890795,1999.34027476965,472200000
426,13,17.6507715030056,4.77010360392483,7.0102739864956,4.865528,7.013852,510.108374810129,492.457603307124,1995.62311890795,2013.27389041096,472200000
427,14,16.706091125998,4.77047067121077,7.01038941164144,5.033333,7.916667,512.880850294821,496.174759168823,1999.34027476965,2016.04636589565,472200000
427,15,12.7989873008614,4.77047067121077,7.01038941164144,4.77149,7.01435,508.973746469684,496.174759168823,1999.34027476965,2012.13926207051,472200000
428,16,28.7977868969624,5.48984277644002,7.03973688063673,5.48588976258767,7.03987976263446,486.461340665476,457.663553768514,1960.82906936934,1989.62685626631,472200000
428,17,28.2577811059594,5.48984277644002,7.03973688063673,5.48317958640007,7.0353944454292,485.921334874473,457.663553768514,1960.82906936934,1989.0868504753,472200000
429,441,47.2569735202329,6.01477581991316,7.86538427147358,6.185908123665,6.75633298874773,392.729351750147,345.472378229914,1848.63789383074,1895.89486735098,472200000
429,430,104.400266066461,6.01477581991316,7.86538427147358,5.97467738392856,7.87216535264999,449.872644296376,345.472378229914,1848.63789383074,1953.03815989721,472200000
430,18,64.9946346233426,5.97467738392856,7.87216535264999,5.967,7.867,514.867278919718,449.872644296376,1953.03815989721,2018.03279452055,472200000
430,431,8.460982292915,5.97467738392856,7.87216535264999,6.34154477689956,8.09659600900963,458.333626589291,449.872644296376,1953.03815989721,1961.49914219012,472200000
431,29,56.5665290427563,6.34154477689956,8.09659600900963,6.556183,8.303293,514.900155632047,458.333626589291,1961.49914219012,2018.06567123288,472200000
431,432,21.2515341385453,6.34154477689956,8.09659600900963,6.33043015330472,8.10347413615667,479.585160727836,458.333626589291,1961.49914219012,1982.75067632867,472200000
432,19,35.3643099727041,6.33043015330472,8.10347413615667,6.3284501307556,8.10082041562745,514.94947070054,479.585160727836,1982.75067632867,2018.11498630137,472200000
432,433,11.4679726136374,6.33043015330472,8.10347413615667,6.33002024690254,8.0966648404088,491.053133341473,479.585160727836,1982.75067632867,1994.2186489423,472200000
433,437,0.256464700878528,6.33002024690254,8.0966648404088,6.32922882573565,8.09615509300849,491.309598042352,491.053133341473,1994.2186489423,1994.47511364318,472200000
433,434,4.23987158041539,6.33002024690254,8.0966648404088,6.32768088462998,8.10898174784682,495.293004921889,491.053133341473,1994.2186489423,1998.45852052272,472200000
434,20,19.6427671485143,6.32768088462998,8.10898174784682,6.1878,8.1189,514.935772070403,495.293004921889,1998.45852052272,2018.10128767123,472200000
434,435,8.82359662102476,6.32768088462998,8.10898174784682,6.33885211555334,8.10645581243075,504.116601542913,495.293004921889,1998.45852052272,2007.28211714374,472200000
435,436,3.66805251983055,6.33885211555334,8.10645581243075,6.33099889836378,8.10693020078757,507.784654062744,504.116601542913,2007.28211714374,2010.95016966357,472200000
435,23,10.8410883357089,6.33885211555334,8.10645581243075,6.128725,8.00679,514.957689878622,504.116601542913,2007.28211714374,2018.12320547945,472200000
436,22,7.12920019943995,6.33099889836378,8.10693020078757,6.340038,8.129261,514.913854262184,507.784654062744,2010.95016966357,2018.07936986301,472200000
436,21,7.15111800765903,6.33099889836378,8.10693020078757,6.33051714067075,8.09607123069906,514.935772070403,507.784654062744,2010.95016966357,2018.10128767123,472200000
437,438,1.75792424934319,6.32922882573565,8.09615509300849,6.33376678062679,8.09659301879443,493.067522291695,491.309598042352,1994.47511364318,1996.23303789252,472200000
437,24,23.5850781376404,6.32922882573565,8.09615509300849,6.032415,7.850118,514.894676179992,491.309598042352,1994.47511364318,2018.06019178082,472200000
438,25,16.8326333403519,6.33376678062679,8.09659301879443,6.33451953791785,8.10078624684006,509.900155632047,493.067522291695,1996.23303789252,2013.06567123288,472200000
438,439,3.27475651982555,6.33376678062679,8.09659301879443,6.33655864286803,8.10234061499779,496.342278811521,493.067522291695,1996.23303789252,1999.50779441235,472200000
439,26,18.582534354773,6.33655864286803,8.10234061499779,6.3298218976127,8.09698200080471,514.924813166294,496.342278811521,1999.50779441235,2018.09032876712,472200000
439,440,4.40575313454616,6.33655864286803,8.10234061499779,6.33451815473652,8.10123292414255,500.748031946067,496.342278811521,1999.50779441235,2003.9135475469,472200000
440,27,9.11509684928604,6.33451815473652,8.10123292414255,9.8,8.866667,509.863128795353,500.748031946067,2003.9135475469,2013.02864439618,472200000
440,28,10.4507538229665,6.33451815473652,8.10123292414255,6.3354459562343,8.10481758859521,511.198785769033,500.748031946067,2003.9135475469,2014.36430136986,472200000
441,449,41.8520972792666,6.185908123665,6.75633298874773,6.19961598758501,6.77038668549845,434.581449029414,392.729351750147,1895.89486735098,1937.74696463024,472200000
441,442,51.5194357904526,6.185908123665,6.75633298874773,6.16378145066976,6.7863036504756,444.2487875406,392.729351750147,1895.89486735098,1947.41430314143,472200000
442,443,25.8607801027576,6.16378145066976,6.7863036504756,6.16185666794401,6.78246765336739,470.109567643358,444.2487875406,1947.41430314143,1973.27508324419,472200000
442,444,5.05729442643992,6.16378145066976,6.7863036504756,8.89373596675735,11.3628676475664,449.30608196704,444.2487875406,1947.41430314143,1952.47159756787,472200000
443,30,1.29545148424555,6.16185666794401,6.78246765336739,6.16240506319545,6.78209633221215,471.405019127603,470.109567643358,1973.27508324419,1974.57053472843,472200000
443,31,0.891469497927169,6.16185666794401,6.78246765336739,6.16979267550837,6.7869113735307,471.001037141285,470.109567643358,1973.27508324419,1974.16655274211,472200000
444,445,17.0933042089368,8.89373596675735,11.3628676475664,8.89336824580905,11.3559045484279,466.399386175977,449.30608196704,1952.47159756787,1969.56490177681,472200000
444,448,38.6816580505142,8.89373596675735,11.3628676475664,8.89430178531885,11.3630392146173,487.987740017554,449.30608196704,1952.47159756787,1991.15325561838,472200000
445,446,10.1405178367382,8.89336824580905,11.3559045484279,8.89373879344628,11.3583027021275,476.539904012715,466.399386175977,1969.56490177681,1979.70541961354,472200000
445,447,36.5395074999333,8.89336824580905,11.3559045484279,8.8955341100453,11.3544252394717,502.93889367591,466.399386175977,1969.56490177681,2006.10440927674,472200000
446,33,32.3983233312865,8.89373879344628,11.3583027021275,8.89078607149554,11.3564531408427,508.938227344001,476.539904012715,1979.70541961354,2012.10374294483,472200000
446,32,38.3876488796061,8.89373879344628,11.3583027021275,8.89718034941841,11.362046360053,514.927552892321,476.539904012715,1979.70541961354,2018.09306849315,472200000
447,34,7.07085099723284,8.8955341100453,11.3544252394717,8.89625004817469,11.3532102786291,510.009744673143,502.93889367591,2006.10440927674,2013.17526027397,472200000
447,35,9.04619346298639,8.8955341100453,11.3544252394717,8.89795499794569,11.3569747458281,511.985087138896,502.93889367591,2006.10440927674,2015.15060273973,472200000
448,36,24.8575911515841,8.89430178531885,11.3630392146173,7.251211,9.976395,512.845331169138,487.987740017554,1991.15325561838,2016.01084676997,472200000
448,37,20.9559518073218,8.89430178531885,11.3630392146173,8.89670257375037,11.3593555968192,508.943691824876,487.987740017554,1991.15325561838,2012.10920742571,472200000
449,450,6.75878753470232,6.19961598758501,6.77038668549845,6.66141338372831,6.3801464572162,441.340236564116,434.581449029414,1937.74696463024,1944.50575216495,472200000
449,618,59.3791150347478,6.19961598758501,6.77038668549845,6.18287608624529,6.72498105023983,493.960564064162,434.581449029414,1937.74696463024,1997.12607966499,472200000
450,615,36.8468558588227,6.66141338372831,6.3801464572162,6.66046022720549,6.38302834992915,478.187092422939,441.340236564116,1944.50575216495,1981.35260802377,472200000
450,451,13.1694888655186,6.66141338372831,6.3801464572162,6.66351895054039,6.37904737688878,454.509725429635,441.340236564116,1944.50575216495,1957.67524103046,472200000
451,465,7.87447226555695,6.66351895054039,6.37904737688878,6.72246494223422,6.34013264952257,462.384197695192,454.509725429635,1957.67524103046,1965.54971329602,472200000
451,452,4.86680653579037,6.66351895054039,6.37904737688878,6.66399031977739,6.37874002974147,459.376531965425,454.509725429635,1957.67524103046,1962.54204756626,472200000
452,463,30.3098046999898,6.66399031977739,6.37874002974147,6.10395591337088,6.52390717715321,489.686336665415,459.376531965425,1962.54204756626,1992.85185226625,472200000
452,453,0.141318820624669,6.66399031977739,6.37874002974147,6.66315123344246,6.37682167493641,459.51785078605,459.376531965425,1962.54204756626,1962.68336638688,472200000
453,454,13.2779109993158,6.66315123344246,6.37682167493641,6.65307439160534,6.36673386662711,472.795761785366,459.51785078605,1962.68336638688,1975.9612773862,472200000
453,455,28.5048918777622,6.66315123344246,6.37682167493641,6.7497642339906,6.13672292215329,488.022742663812,459.51785078605,1962.68336638688,1991.18825826464,472200000
454,39,42.0879554905169,6.65307439160534,6.36673386662711,7.098654,6.678859,514.883717275883,472.795761785366,1975.9612773862,2018.04923287671,472200000
454,38,42.1071335727086,6.65307439160534,6.36673386662711,6.66209647434168,6.38044624195503,514.902895358074,472.795761785366,1975.9612773862,2018.0684109589,472200000
455,456,0.679133900983974,6.7497642339906,6.13672292215329,6.75008788282817,6.13644615768599,488.701876564796,488.022742663812,1991.18825826464,1991.86739216563,472200000
455,48,21.6067415107903,6.7497642339906,6.13672292215329,6.74603712108149,6.12875870056519,509.629484174602,488.022742663812,1991.18825826464,2012.79499977543,472200000
456,457,23.9851286004783,6.75008788282817,6.13644615768599,6.75070576230054,6.13526801609497,512.687005165274,488.701876564796,1991.86739216563,2015.8525207661,472200000
456,458,1.89985506210623,6.75008788282817,6.13644615768599,6.75188693958163,6.13788097247101,490.601731626902,488.701876564796,1991.86739216563,1993.76724722773,472200000
457,40,2.21589019279988,6.75070576230054,6.13526801609497,6.74979831599804,6.13471771083503,514.902895358074,512.687005165274,2015.8525207661,2018.0684109589,472200000
457,41,2.24328745307391,6.75070576230054,6.13526801609497,6.75286427801487,6.13503170410541,514.930292618348,512.687005165274,2015.8525207661,2018.09580821918,472200000
458,459,4.39122336810491,6.75188693958163,6.13788097247101,6.75082672344231,6.13642512141035,494.992954995007,490.601731626902,1993.76724722773,1998.15847059584,472200000
458,47,25.3997938681584,6.75188693958163,6.13788097247101,7.19843641896263,5.58438672710694,516.001525495061,490.601731626902,1993.76724722773,2019.16704109589,472200000
459,460,6.17957884677819,6.75082672344231,6.13642512141035,6.75271556539345,6.13694423270494,501.172533841785,494.992954995007,1998.15847059584,2004.33804944262,472200000
459,42,19.8578855685465,6.75082672344231,6.13642512141035,6.505376,6.207318,514.850840563554,494.992954995007,1998.15847059584,2018.01635616438,472200000
460,461,0.0628143018457372,6.75271556539345,6.13694423270494,6.75375998713113,6.13865007341742,501.235348143631,501.172533841785,2004.33804944262,2004.40086374446,472200000
460,43,13.83447110533,6.75271556539345,6.13694423270494,6.75268218482716,6.13765125146266,515.007004947115,501.172533841785,2004.33804944262,2018.17252054795,472200000
461,462,4.64351655562025,6.75375998713113,6.13865007341742,6.75066923691483,6.13561308065747,505.878864699251,501.235348143631,2004.40086374446,2009.04438030008,472200000
461,46,14.6648074884157,6.75375998713113,6.13865007341742,6.75222494097981,6.13747345371784,515.900155632047,501.235348143631,2004.40086374446,2019.06567123288,472200000
462,45,5.02129093279548,6.75066923691483,6.13561308065747,6.74675115566874,6.22512759461501,510.900155632047,505.878864699251,2009.04438030008,2014.06567123288,472200000
462,44,10.0212909327955,6.75066923691483,6.13561308065747,6.75094230423788,6.13827085613776,515.900155632047,505.878864699251,2009.04438030008,2019.06567123288,472200000
463,464,14.1795106899768,6.10395591337088,6.52390717715321,6.44528669560736,6.73531233258341,503.865847355392,489.686336665415,1992.85185226625,2007.03136295622,472200000
463,49,19.5524371266739,6.10395591337088,6.52390717715321,6.19532498684703,6.7242817477747,509.238773792089,489.686336665415,1992.85185226625,2012.40428939292,472200000
464,50,11.0836233451482,6.44528669560736,6.73531233258341,6.452608,6.726605,514.94947070054,503.865847355392,2007.03136295622,2018.11498630137,472200000
464,51,11.0452671807647,6.44528669560736,6.73531233258341,6.452245,6.728375,514.911114536157,503.865847355392,2007.03136295622,2018.07663013699,472200000
465,466,2.04352540822812,6.72246494223422,6.34013264952257,7.07300677179256,6.27461638608424,464.42772310342,462.384197695192,1965.54971329602,1967.59323870425,472200000
465,601,16.1388676344958,6.72246494223422,6.34013264952257,6.71385643015441,6.32540394856652,478.523065329688,462.384197695192,1965.54971329602,1981.68858093052,472200000
466,468,1.65162307950519,7.07300677179256,6.27461638608424,7.07430898761157,6.27409497225351,466.079346182925,464.42772310342,1967.59323870425,1969.24486178376,472200000
466,467,17.4163389663275,7.07300677179256,6.27461638608424,7.07196084273947,6.27279744656126,481.844062069747,464.42772310342,1967.59323870425,1985.00957767058,472200000
467,53,33.0999291787379,7.07196084273947,6.27279744656126,7.06180221539114,6.2674934241524,514.943991248485,481.844062069747,1985.00957767058,2018.10950684932,472200000
467,52,33.1108880828475,7.07196084273947,6.27279744656126,6.947775,5.91429,514.954950152595,481.844062069747,1985.00957767058,2018.12046575342,472200000
468,471,1.22159320959551,7.07430898761157,6.27409497225351,7.07310273463007,6.27279944179705,467.300939392521,466.079346182925,1969.24486178376,1970.46645499335,472200000
468,469,35.7936448984166,7.07430898761157,6.27409497225351,7.11216627282952,6.74431318934479,501.872991081342,466.079346182925,1969.24486178376,2005.03850668217,472200000
469,470,2.90589144649879,7.11216627282952,6.74431318934479,7.11242225790773,6.74342886609208,504.778882527841,501.872991081342,2005.03850668217,2007.94439812867,472200000
469,56,11.0980231479056,7.11216627282952,6.74431318934479,7.10957464445329,6.74635713912573,512.971014229247,501.872991081342,2005.03850668217,2016.13652983008,472200000
470,54,10.2007251590009,7.11242225790773,6.74342886609208,7.11314901596355,6.74265370262604,514.979607686841,504.778882527841,2007.94439812867,2018.14512328767,472200000
470,55,10.0993552959873,7.11242225790773,6.74342886609208,7.80207,6.74365,514.878237823828,504.778882527841,2007.94439812867,2018.04375342466,472200000
471,557,1.07349357593835,7.07310273463007,6.27279944179705,7.07166807341508,6.27363782256853,468.374432968459,467.300939392521,1970.46645499335,1971.53994856929,472200000
471,472,1.31665953342996,7.07310273463007,6.27279944179705,6.74898385744415,6.1344884445789,468.617598925951,467.300939392521,1970.46645499335,1971.78311452678,472200000
472,473,3.13339446858535,6.74898385744415,6.1344884445789,6.75035712605341,6.13718384118161,471.750993394536,468.617598925951,1971.78311452678,1974.91650899537,472200000
472,511,4.53577205408818,6.74898385744415,6.1344884445789,6.74629236100768,6.13387461235479,473.153370980039,468.617598925951,1971.78311452678,1976.31888658087,472200000
473,476,2.49852298848972,6.75035712605341,6.13718384118161,6.75009857605736,6.14019270288364,474.249516383026,471.750993394536,1974.91650899537,1977.41503198386,472200000
473,474,2.80280495316742,6.75035712605341,6.13718384118161,6.75169013640926,6.13858358395502,474.553798347703,471.750993394536,1974.91650899537,1977.71931394853,472200000
474,475,2.13820176205361,6.75169013640926,6.13858358395502,6.75080805566616,6.14034832236135,476.692000109757,474.553798347703,1977.71931394853,1979.85751571059,472200000
474,57,40.3956723528367,6.75169013640926,6.13858358395502,6.479748,5.898933,514.94947070054,474.553798347703,1977.71931394853,2018.11498630137,472200000
475,58,14.9774286511923,6.75080805566616,6.14034832236135,6.7514204070767,6.13070337241694,491.669428760949,476.692000109757,1979.85751571059,1994.83494436178,472200000
475,59,37.394456892153,6.75080805566616,6.14034832236135,6.75028773985605,6.22022803501522,514.08645700191,476.692000109757,1979.85751571059,2017.25197260274,472200000
476,510,21.013826917342,6.75009857605736,6.14019270288364,6.74982330363707,6.13476876251514,495.263343300368,474.249516383026,1977.41503198386,1998.4288589012,472200000
476,477,0.881233430472655,6.75009857605736,6.14019270288364,6.75502374389866,6.14459399423537,475.130749813498,474.249516383026,1977.41503198386,1978.29626541433,472200000
477,487,4.20998608314862,6.75502374389866,6.14459399423537,6.78057554872569,6.10917536454171,479.340735896647,475.130749813498,1978.29626541433,1982.50625149748,472200000
477,478,0.125980543798839,6.75502374389866,6.14459399423537,6.93038409213961,5.77508681676258,475.256730357297,475.130749813498,1978.29626541433,1978.42224595813,472200000
478,479,24.4859938774317,6.93038409213961,5.77508681676258,6.9334045598677,5.77339309639325,499.742724234729,475.256730357297,1978.42224595813,2002.90823983556,472200000
478,484,19.6908939339888,6.93038409213961,5.77508681676258,6.92959350049682,5.77455450046598,494.947624291286,475.256730357297,1978.42224595813,1998.11313989212,472200000
479,65,15.1875683836194,6.9334045598677,5.77339309639325,6.92514057629277,5.77163723213495,514.930292618348,499.742724234729,2002.90823983556,2018.09580821918,472200000
479,480,4.55420596579447,6.9334045598677,5.77339309639325,6.77984296280159,5.59427543115344,504.296930200523,499.742724234729,2002.90823983556,2007.46244580135,472200000
480,481,0.221847975305968,6.77984296280159,5.59427543115344,6.78021496498896,5.59336648547845,504.518778175829,504.296930200523,2007.46244580135,2007.68429377666,472200000
480,482,0.430747028570554,6.77984296280159,5.59427543115344,6.77897243372519,5.5925836600192,504.727677229094,504.296930200523,2007.46244580135,2007.89319282992,472200000
481,61,6.8964459493683,6.78021496498896,5.59336648547845,6.78481224781333,5.58653208401166,511.415224125198,504.518778175829,2007.68429377666,2014.58073972603,472200000
481,60,10.4772678671765,6.78021496498896,5.59336648547845,6.33783388208724,5.62355514525915,514.996046043006,504.518778175829,2007.68429377666,2018.16156164384,472200000
482,483,1.4434163755955,6.77897243372519,5.5925836600192,6.77907789584132,5.59275604200199,506.171093604689,504.727677229094,2007.89319282992,2009.33660920552,472200000
482,64,11.1094647043229,6.77897243372519,5.5925836600192,6.78048636382262,5.59196631607133,515.837141933417,504.727677229094,2007.89319282992,2019.00265753425,472200000
483,63,5.03591134242609,6.77907789584132,5.59275604200199,6.77961768398999,5.58525491324063,511.207004947115,506.171093604689,2009.33660920552,2014.37252054795,472200000
483,62,5.01125380817942,6.77907789584132,5.59275604200199,6.77967866806584,5.59161782701243,511.182347412869,506.171093604689,2009.33660920552,2014.3478630137,472200000
484,486,16.4137305206309,6.92959350049682,5.77455450046598,6.9248217006691,5.77440967841308,511.361354811917,494.947624291286,1998.11313989212,2014.52687041275,472200000
484,485,5.32303776110833,6.92959350049682,5.77455450046598,7.19327822648147,5.58311665751679,500.270662052394,494.947624291286,1998.11313989212,2003.43617765322,472200000
485,66,15.5610004289677,7.19327822648147,5.58311665751679,7.19274962879593,5.58514138738083,515.831662481362,500.270662052394,2003.43617765322,2018.99717808219,472200000
485,67,14.5911374152691,7.19327822648147,5.58311665751679,7.182869,5.581471,514.861799467663,500.270662052394,2003.43617765322,2018.02731506849,472200000
486,68,4.51688301191089,6.9248217006691,5.77440967841308,6.92283658941346,5.77602143035076,515.878237823828,511.361354811917,2014.52687041275,2019.04375342466,472200000
486,69,1.67250094738498,6.9248217006691,5.77440967841308,7.09074078371577,4.79902192916275,513.033855759302,511.361354811917,2014.52687041275,2016.19937136013,472200000
487,488,0.15044419129439,6.78057554872569,6.10917536454171,7.074156500284,6.26979430497637,479.491180087941,479.340735896647,1982.50625149748,1982.65669568877,472200000
487,70,33.5018630320539,6.78057554872569,6.10917536454171,6.74651416312668,6.22059533973626,512.842598928701,479.340735896647,1982.50625149748,2016.00811452953,472200000
488,489,0.904461364764529,7.074156500284,6.26979430497637,7.07205922505225,6.26833757176712,480.395641452706,479.491180087941,1982.65669568877,1983.56115705354,472200000
488,506,11.5455329229658,7.074156500284,6.26979430497637,7.07078608769434,6.28245413346954,491.036713010907,479.491180087941,1982.65669568877,1994.20222861174,472200000
489,490,0.437693515234066,7.07205922505225,6.26833757176712,7.07186375360703,6.26600958963969,480.83333496794,480.395641452706,1983.56115705354,1983.99885056877,472200000
489,497,1.06122744491007,7.07205922505225,6.26833757176712,7.07125537798754,6.27073756562582,481.456868897616,480.395641452706,1983.56115705354,1984.62238449845,472200000
490,495,3.22174606839787,7.07186375360703,6.26600958963969,7.07397585024384,6.26817362923967,484.055081036338,480.83333496794,1983.99885056877,1987.22059663717,472200000
490,491,0.674760697702254,7.07186375360703,6.26600958963969,7.0716304609417,6.26644051185861,481.508095665642,480.83333496794,1983.99885056877,1984.67361126647,472200000
491,494,31.1388745293653,7.0716304609417,6.26644051185861,7.06887210693458,6.26653857852665,512.646970195007,481.508095665642,1984.67361126647,2015.81248579584,472200000
491,492,6.40241209120286,7.0716304609417,6.26644051185861,7.07304935816858,6.26376394390249,487.910507756845,481.508095665642,1984.67361126647,1991.07602335768,472200000
492,73,26.2970939537622,7.07304935816858,6.26376394390249,7.088383,6.290372,514.207601710607,487.910507756845,1991.07602335768,2017.37311731144,472200000
492,493,8.95891131465531,7.07304935816858,6.26376394390249,7.07308093864209,6.26432547234241,496.8694190715,487.910507756845,1991.07602335768,2000.03493467233,472200000
493,71,19.0197776564371,7.07308093864209,6.26432547234241,7.06860456799945,6.2631094242821,515.889196727937,496.8694190715,2000.03493467233,2019.05471232877,472200000
493,72,19.0636132728753,7.07308093864209,6.26432547234241,7.07154390699569,6.26479249852647,515.933032344376,496.8694190715,2000.03493467233,2019.09854794521,472200000
494,75,2.20934982060106,7.06887210693458,6.26653857852665,7.06727276490581,6.26234105909033,514.856320015609,512.646970195007,2015.81248579584,2018.02183561644,472200000
494,74,2.31071968361487,7.06887210693458,6.26653857852665,7.113571,6.327094,514.957689878622,512.646970195007,2015.81248579584,2018.12320547945,472200000
495,496,28.5478709683618,7.07397585024384,6.26817362923967,7.08455561580224,6.28512959868005,512.6029520047,484.055081036338,1987.22059663717,2015.76846760553,472200000
495,78,30.8943896642022,7.07397585024384,6.26817362923967,7.06508397745805,6.27053539152582,514.94947070054,484.055081036338,1987.22059663717,2018.11498630137,472200000
496,76,3.38487486022414,7.08455561580224,6.28512959868005,7.08219564314557,6.28555000453249,515.987826864924,512.6029520047,2015.76846760553,2019.15334246575,472200000
496,77,2.29720362734734,7.08455561580224,6.28512959868005,7.08247398928601,6.28210827128587,514.900155632047,512.6029520047,2015.76846760553,2018.06567123288,472200000
497,504,2.02333303706661,7.07125537798754,6.27073756562582,7.06993230934352,6.26887803687731,483.480201934683,481.456868897616,1984.62238449845,1986.64571753551,472200000
497,498,0.452759182850478,7.07125537798754,6.27073756562582,7.07330221656306,6.27165710412507,481.909628080466,481.456868897616,1984.62238449845,1985.0751436813,472200000
498,503,4.74611380899825,7.07330221656306,6.27165710412507,7.07264922150238,6.26555457946825,486.655741889465,481.909628080466,1985.0751436813,1989.82125749029,472200000
498,499,7.74792332318894,7.07330221656306,6.27165710412507,7.07358280941031,6.27358942360251,489.657551403655,481.909628080466,1985.0751436813,1992.82306700449,472200000
499,79,26.1960288859258,7.07358280941031,6.27358942360251,7.08334813996625,6.28597813778541,515.853580289581,489.657551403655,1992.82306700449,2019.01909589041,472200000
499,500,2.87378536655032,7.07358280941031,6.27358942360251,7.0736957550476,6.2711053359746,492.531336770206,489.657551403655,1992.82306700449,1995.69685237104,472200000
500,83,23.3907366700606,7.0736957550476,6.2711053359746,7.0656046289575,6.26328893451476,515.922073440266,492.531336770206,1995.69685237104,2019.0875890411,472200000
500,501,1.95227350614661,7.0736957550476,6.2711053359746,7.08459608588296,6.29005763059685,494.483610276352,492.531336770206,1995.69685237104,1997.64912587718,472200000
501,82,21.3918878214482,7.08459608588296,6.29005763059685,7.08376323962385,6.28819217339463,515.8754980978,494.483610276352,1997.64912587718,2019.04101369863,472200000
501,502,10.5968592250664,7.08459608588296,6.29005763059685,7.08057801640308,6.28354320903313,505.080469501419,494.483610276352,1997.64912587718,2008.24598510225,472200000
502,81,10.762151884053,7.08057801640308,6.28354320903313,7.08159984343376,6.28331925122227,515.842621385472,505.080469501419,2008.24598510225,2019.0081369863,472200000
502,80,10.7922888703542,7.08057801640308,6.28354320903313,7.08096866241593,6.28390038224119,515.872758371773,505.080469501419,2008.24598510225,2019.0382739726,472200000
503,84,28.3293452494317,7.07264922150238,6.26555457946825,7.06176863367759,6.26975834165609,514.985087138896,486.655741889465,1989.82125749029,2018.15060273973,472200000
503,85,28.3156466192947,7.07264922150238,6.26555457946825,7.218593,6.334514,514.971388508759,486.655741889465,1989.82125749029,2018.13690410959,472200000
504,86,32.5268030124329,7.06993230934352,6.26887803687731,7.06402506929373,6.27151645405215,516.007004947115,483.480201934683,1986.64571753551,2019.17252054795,472200000
504,505,13.1253960508559,7.06993230934352,6.26887803687731,7.07272263243313,6.2664951846505,496.605597985538,483.480201934683,1986.64571753551,1999.77111358637,472200000
505,88,19.2753795643167,7.07272263243313,6.2664951846505,7.07041279720376,6.27133012641912,515.880977549855,496.605597985538,1999.77111358637,2019.04649315069,472200000
505,87,19.38770833144,7.07272263243313,6.2664951846505,7.0830404538633,6.28178802897198,515.993306316978,496.605597985538,1999.77111358637,2019.15882191781,472200000
506,93,20.816867278674,7.07078608769434,6.28245413346954,10.0727,8.9341,511.853580289581,491.036713010907,1994.20222861174,2015.01909589041,472200000
506,507,3.53871842319683,7.07078608769434,6.28245413346954,7.08621284758119,6.28675538582086,494.575431434104,491.036713010907,1994.20222861174,1997.74094703493,472200000
507,89,15.4671899513676,7.08621284758119,6.28675538582086,4.869632,7.019002,510.042621385472,494.575431434104,1997.74094703493,2013.2081369863,472200000
507,508,10.3607298723896,7.08621284758119,6.28675538582086,7.07570812939914,6.28144149633912,504.936161306494,494.575431434104,1997.74094703493,2008.10167690732,472200000
508,509,2.99143007666654,7.07570812939914,6.28144149633912,7.06731577611406,6.27291729966097,507.92759138316,504.936161306494,2008.10167690732,2011.09310698399,472200000
508,92,10.9502956954164,7.07570812939914,6.28144149633912,7.08076234183341,6.28177564017979,515.88645700191,504.936161306494,2008.10167690732,2019.05197260274,472200000
509,91,8.01092041327053,7.06731577611406,6.27291729966097,7.06460641359442,6.27065950582258,515.938511796431,507.92759138316,2011.09310698399,2019.10402739726,472200000
509,90,6.9479067146404,7.06731577611406,6.27291729966097,7.19312500930318,5.5894215968982,514.8754980978,507.92759138316,2011.09310698399,2018.04101369863,472200000
510,95,20.5984561672958,6.74982330363707,6.13476876251514,6.74809800798914,6.13400951790304,515.861799467663,495.263343300368,1998.4288589012,2019.02731506849,472200000
510,94,20.6998260303094,6.74982330363707,6.13476876251514,6.7383734203358,6.21976409245434,515.963169330677,495.263343300368,1998.4288589012,2019.12868493151,472200000
511,534,2.20223666589627,6.74629236100768,6.13387461235479,6.7438614397869,6.13437390117363,475.355607645935,473.153370980039,1976.31888658087,1978.52112324677,472200000
511,512,0.526305229352602,6.74629236100768,6.13387461235479,6.74813730281777,6.13523702116109,473.679676209391,473.153370980039,1976.31888658087,1976.84519181022,472200000
512,513,0.0417223775540378,6.74813730281777,6.13523702116109,6.74820701232059,6.13525534588793,473.721398586945,473.679676209391,1976.84519181022,1976.88691418778,472200000
512,96,34.3739040801898,6.74813730281777,6.13523702116109,6.77866735503516,6.07570858816996,508.053580289581,473.679676209391,1976.84519181022,2011.21909589041,472200000
513,532,16.097058948429,6.74820701232059,6.13525534588793,6.75308917457888,6.12756927416527,489.818457535374,473.721398586945,1976.88691418778,1992.9839731362,472200000
513,514,0.961508911526884,6.74820701232059,6.13525534588793,6.74938776758183,6.13465056619142,474.682907498472,473.721398586945,1976.88691418778,1977.8484230993,472200000
514,515,4.35805745480841,6.74938776758183,6.13465056619142,6.75087729291087,6.13558060710784,479.040964953281,474.682907498472,1977.8484230993,1982.20648055411,472200000
514,528,1.10015802476771,6.74938776758183,6.13465056619142,6.74640693113547,6.13317589065511,475.78306552324,474.682907498472,1977.8484230993,1978.94858112407,472200000
515,516,0.489835898905909,6.75087729291087,6.13558060710784,6.75088045761252,6.13655137043877,479.530800852187,479.040964953281,1982.20648055411,1982.69631645302,472200000
515,527,31.4128492743129,6.75087729291087,6.13558060710784,6.74969412831909,6.13208608165659,510.453814227594,479.040964953281,1982.20648055411,2013.61932982842,472200000
516,517,0.461358104402251,6.75088045761252,6.13655137043877,6.74977716891999,6.13678663450367,479.992158956589,479.530800852187,1982.69631645302,1983.15767455742,472200000
516,108,25.4353059963555,6.75088045761252,6.13655137043877,6.74058471966375,6.22513187255917,504.966106848542,479.530800852187,1982.69631645302,2008.13162244937,472200000
517,518,0.755053197789813,6.74977716891999,6.13678663450367,6.77897901096203,6.08268450041076,480.747212154379,479.992158956589,1983.15767455742,1983.91272775521,472200000
517,523,0.966488313898559,6.74977716891999,6.13678663450367,6.74948605293948,6.13697436184865,480.958647270487,479.992158956589,1983.15767455742,1984.12416287132,472200000
518,519,7.76904660547073,6.77897901096203,6.08268450041076,6.77787972222406,6.08337295871971,488.516258759849,480.747212154379,1983.91272775521,1991.68177436068,472200000
518,522,8.22440889983405,6.77897901096203,6.08268450041076,6.76804130216355,6.09202577859986,488.971621054213,480.747212154379,1983.91272775521,1992.13713665504,472200000
519,100,26.4688283790469,6.77787972222406,6.08337295871971,6.611239599683,5.9843540610743,514.985087138896,488.516258759849,1991.68177436068,2018.15060273973,472200000
519,520,12.5273837635039,6.77787972222406,6.08337295871971,6.77773115961436,6.07831517787021,501.043642523353,488.516258759849,1991.68177436068,2004.20915812418,472200000
520,521,2.17622865598579,6.77773115961436,6.07831517787021,6.77617225731167,6.07637400548938,503.219871179339,501.043642523353,2004.20915812418,2006.38538678017,472200000
520,97,7.58254050595404,6.77773115961436,6.07831517787021,6.78005686881805,6.08219680562589,508.626183029307,501.043642523353,2004.20915812418,2011.79169863014,472200000
521,99,4.8364488362695,6.77617225731167,6.07637400548938,6.77527981589644,6.08172621355232,508.056320015609,503.219871179339,2006.38538678017,2011.22183561644,472200000
521,98,4.83370911024215,6.77617225731167,6.07637400548938,6.77056528822073,6.07487469982676,508.053580289581,503.219871179339,2006.38538678017,2011.21909589041,472200000
522,101,25.9093564956425,6.76804130216355,6.09202577859986,6.997077,5.904454,514.880977549855,488.971621054213,1992.13713665504,2018.04649315069,472200000
522,102,26.8792195093411,6.76804130216355,6.09202577859986,7.456942,5.800781,515.850840563554,488.971621054213,1992.13713665504,2019.01635616438,472200000
523,103,34.0291795944363,6.74948605293948,6.13697436184865,6.713854,6.154398,514.987826864924,480.958647270487,1984.12416287132,2018.15334246575,472200000
523,524,1.28719535377656,6.74948605293948,6.13697436184865,6.74969961206031,6.13867863485458,482.245842624264,480.958647270487,1984.12416287132,1985.41135822509,472200000
524,526,19.9155417210439,6.74969961206031,6.13867863485458,6.75169094919216,6.1360024712492,502.161384345308,482.245842624264,1985.41135822509,2005.32689994614,472200000
524,525,15.8407685670856,6.74969961206031,6.13867863485458,6.75129273974688,6.14079361984557,498.08661119135,482.245842624264,1985.41135822509,2001.25212679218,472200000
525,105,17.8299827968617,6.75129273974688,6.14079361984557,6.678119,3.51526,515.916593988211,498.08661119135,2001.25212679218,2019.08210958904,472200000
525,104,17.8409417009713,6.75129273974688,6.14079361984557,7.06857928585488,6.26559277966547,515.927552892321,498.08661119135,2001.25212679218,2019.09306849315,472200000
526,106,7.46809982929454,6.75169094919216,6.1360024712492,6.75354615526577,6.13300036642857,509.629484174602,502.161384345308,2005.32689994614,2012.79499977543,472200000
526,107,7.46809982929454,6.75169094919216,6.1360024712492,6.75362652647296,6.13750833038884,509.629484174602,502.161384345308,2005.32689994614,2012.79499977543,472200000
527,109,4.52031400719313,6.74969412831909,6.13208608165659,6.75168410614839,6.1341935391577,514.974128234787,510.453814227594,2013.61932982842,2018.13964383562,472200000
527,110,5.39702633596023,6.74969412831909,6.13208608165659,6.75062324354323,6.13216951655277,515.850840563554,510.453814227594,2013.61932982842,2019.01635616438,472200000
528,529,8.70072858573531,6.74640693113547,6.13317589065511,6.94321734290362,5.98145173035744,484.483794108975,475.78306552324,1978.94858112407,1987.64930970981,472200000
528,530,4.14728242156664,6.74640693113547,6.13317589065511,6.7419034284861,6.13394924802602,479.930347944807,475.78306552324,1978.94858112407,1983.09586354564,472200000
529,111,31.4163615230716,6.94321734290362,5.98145173035744,6.9413836088133,5.98317460018465,515.900155632047,484.483794108975,1987.64930970981,2019.06567123288,472200000
529,112,30.4985533038935,6.94321734290362,5.98145173035744,6.93856196171581,5.98290853373725,514.982347412869,484.483794108975,1987.64930970981,2018.1478630137,472200000
530,113,6.58335549203947,6.7419034284861,6.13394924802602,6.74524336893685,6.13734704373312,486.513703436846,479.930347944807,1983.09586354564,1989.67921903768,472200000
530,531,26.2853276994941,6.7419034284861,6.13394924802602,6.75070346169349,6.12907407835113,506.215675644301,479.930347944807,1983.09586354564,2009.38119124513,472200000
531,114,8.73653478226686,6.75070346169349,6.12907407835113,6.74921393418815,6.12923290517176,514.952210426568,506.215675644301,2009.38119124513,2018.1177260274,472200000
531,115,3.41380853030171,6.75070346169349,6.12907407835113,6.75208034981398,6.12945591023419,509.629484174602,506.215675644301,2009.38119124513,2012.79499977543,472200000
532,116,26.0679994665355,6.75308917457888,6.12756927416527,6.754196,6.054167,515.88645700191,489.818457535374,1992.9839731362,2019.05197260274,472200000
532,533,2.15026176166181,6.75308917457888,6.12756927416527,6.75824551666259,6.12731295098252,491.968719297036,489.818457535374,1992.9839731362,1995.13423489787,472200000
533,117,22.9588335952848,6.75824551666259,6.12731295098252,6.6152927397025,5.98879431840904,514.927552892321,491.968719297036,1995.13423489787,2018.09306849315,472200000
533,118,22.9040390747367,6.75824551666259,6.12731295098252,7.1924839008699,5.58182287736016,514.872758371773,491.968719297036,1995.13423489787,2018.0382739726,472200000
534,555,3.19831657319425,6.7438614397869,6.13437390117363,6.74454746663608,6.13415042714546,478.553924219129,475.355607645935,1978.52112324677,1981.71943981996,472200000
534,535,16.1489125763277,6.7438614397869,6.13437390117363,6.86042656274347,5.75982427195396,491.504520222263,475.355607645935,1978.52112324677,1994.67003582309,472200000
535,549,8.76270659354624,6.86042656274347,5.75982427195396,6.92061401743854,5.76717795290866,500.267226815809,491.504520222263,1994.67003582309,2003.43274241664,472200000
535,536,0.564902457742917,6.86042656274347,5.75982427195396,6.8607455706379,5.77023210674205,492.069422680006,491.504520222263,1994.67003582309,1995.23493828084,472200000
536,537,0.150079026900862,6.8607455706379,5.77023210674205,6.86079112160273,5.77017858507018,492.219501706906,492.069422680006,1995.23493828084,1995.38501730774,472200000
536,119,12.9185900407976,6.8607455706379,5.77023210674205,6.73929585849863,6.21886846800461,504.988012720803,492.069422680006,1995.23493828084,2008.15352832163,472200000
537,538,0.240832336616926,6.86079112160273,5.77017858507018,6.86166660752118,5.77084103535872,492.460334043523,492.219501706906,1995.38501730774,1995.62584964435,472200000
537,548,2.93905823477106,6.86079112160273,5.77017858507018,6.85936801141267,5.77043549803544,495.158559941678,492.219501706906,1995.38501730774,1998.32407554251,472200000
538,543,1.48890982360407,6.86166660752118,5.77084103535872,6.8615421831889,5.76863710002019,493.949243867128,492.460334043523,1995.62584964435,1997.11475946796,472200000
538,539,3.14330335261238,6.86166660752118,5.77084103535872,6.85723787844714,5.74716191581202,495.603637396136,492.460334043523,1995.62584964435,1998.76915299697,472200000
539,540,0.190520261549214,6.85723787844714,5.74716191581202,6.8601544836491,5.75068186312493,495.794157657685,495.603637396136,1998.76915299697,1998.95967325852,472200000
539,120,18.2718607016647,6.85723787844714,5.74716191581202,6.78645392246064,5.59102752936804,513.8754980978,495.603637396136,1998.76915299697,2017.04101369863,472200000
540,541,6.68335877705046,6.8601544836491,5.75068186312493,7.57312417376325,5.70009485090104,502.477516434735,495.794157657685,1998.95967325852,2005.64303203557,472200000
540,121,14.0813404401155,6.8601544836491,5.75068186312493,6.87224,5.75412,509.8754980978,495.794157657685,1998.95967325852,2013.04101369863,472200000
541,122,10.5044267562606,7.57312417376325,5.70009485090104,7.579115,5.696218,512.981943190996,502.477516434735,2005.64303203557,2016.14745879183,472200000
541,542,8.72622491604376,7.57312417376325,5.70009485090104,7.24897574898682,5.19258944239499,511.203741350779,502.477516434735,2005.64303203557,2014.36925695161,472200000
542,123,3.69915400729503,7.24897574898682,5.19258944239499,7.24983642060821,5.19736810248801,514.902895358074,511.203741350779,2014.36925695161,2018.0684109589,472200000
542,124,3.77586633606217,7.24897574898682,5.19258944239499,7.24700296009173,5.19108822219716,514.979607686841,511.203741350779,2014.36925695161,2018.14512328767,472200000
543,544,16.6989506282418,6.8615421831889,5.76863710002019,6.85902692945454,5.76624047942436,510.648194495369,493.949243867128,1997.11475946796,2013.8137100962,472200000
543,545,0.947964495303065,6.8615421831889,5.76863710002019,6.86083430660814,5.76994343428205,494.897208362431,493.949243867128,1997.11475946796,1998.06272396326,472200000
544,126,5.22182415037621,6.85902692945454,5.76624047942436,6.8546039256828,5.77513053806816,515.870018645746,510.648194495369,2013.8137100962,2019.03553424658,472200000
544,125,5.35333099969141,6.85902692945454,5.76624047942436,7.19354250988345,5.5816017317214,516.001525495061,510.648194495369,2013.8137100962,2019.16704109589,472200000
545,127,20.0522623381095,6.86083430660814,5.76994343428205,6.33453219876515,5.61991762523679,514.94947070054,494.897208362431,1998.06272396326,2018.11498630137,472200000
545,546,1.7375818550421,6.86083430660814,5.76994343428205,6.85997543944876,5.76960567516341,496.634790217473,494.897208362431,1998.06272396326,1999.8003058183,472200000
546,547,17.7969853595739,6.85997543944876,5.76960567516341,6.85391621631044,5.77718569733691,514.431775577047,496.634790217473,1999.8003058183,2017.59729117788,472200000
546,130,13.2790640447113,6.85997543944876,5.76960567516341,6.9247421221296,5.77056534180153,509.913854262184,496.634790217473,1999.8003058183,2013.07936986301,472200000
547,129,0.51769512349343,6.85391621631044,5.77718569733691,6.85273788105746,5.77657017710097,514.94947070054,514.431775577047,2017.59729117788,2018.11498630137,472200000
547,128,1.42180471253456,6.85391621631044,5.77718569733691,6.85346162609374,5.77770628047382,515.853580289581,514.431775577047,2017.59729117788,2019.01909589041,472200000
548,132,20.7224176081776,6.85936801141267,5.77043549803544,7.19618794891038,5.58969682096169,515.880977549855,495.158559941678,1998.32407554251,2019.04649315069,472200000
548,131,20.8347463753009,6.85936801141267,5.77043549803544,6.85036482499416,5.60251398143593,515.993306316978,495.158559941678,1998.32407554251,2019.15882191781,472200000
549,139,12.6655360473181,6.92061401743854,5.76717795290866,6.92339547627528,5.7699485839562,512.932762863127,500.267226815809,2003.43274241664,2016.09827846396,472200000
549,550,3.10630883116571,6.92061401743854,5.76717795290866,7.19601127801325,5.58966609534725,503.373535646975,500.267226815809,2003.43274241664,2006.5390512478,472200000
550,551,6.91340528007928,7.19601127801325,5.58966609534725,7.19751488552101,5.58813435744968,510.286940927054,503.373535646975,2006.5390512478,2013.45245652788,472200000
550,554,8.65502325662311,7.19601127801325,5.58966609534725,7.19429497477087,5.59074219962557,512.028558903598,503.373535646975,2006.5390512478,2015.19407450443,472200000
551,553,3.24030253395142,7.19751488552101,5.58813435744968,7.20034355073141,5.58999655966827,513.527243461005,510.286940927054,2013.45245652788,2016.69275906184,472200000
551,552,1.47791070623988,7.19751488552101,5.58813435744968,7.19384708414982,5.59057827778414,511.764851633294,510.286940927054,2013.45245652788,2014.93036723412,472200000
552,134,3.113386190534,7.19384708414982,5.59057827778414,7.19473137159162,5.58461200813856,514.878237823828,511.764851633294,2014.93036723412,2018.04375342466,472200000
552,133,4.14078345080802,7.19384708414982,5.59057827778414,7.19859292406344,5.59095222315304,515.905635084102,511.764851633294,2014.93036723412,2019.07115068493,472200000
553,136,1.42496696556224,7.20034355073141,5.58999655966827,7.19641392536004,5.5834133259699,514.952210426568,513.527243461005,2016.69275906184,2018.1177260274,472200000
553,135,2.39482997926085,7.20034355073141,5.58999655966827,7.19845700440769,5.58918797876044,515.922073440266,513.527243461005,2016.69275906184,2019.0875890411,472200000
554,137,3.84967892023004,7.19429497477087,5.59074219962557,7.229293,5.580561,515.878237823828,512.028558903598,2015.19407450443,2019.04375342466,472200000
554,138,3.8441994681751,7.19429497477087,5.59074219962557,7.19281679948938,5.59116741290282,515.872758371773,512.028558903598,2015.19407450443,2019.0382739726,472200000
555,556,0.116227597517522,6.74454746663608,6.13415042714546,6.7444058171482,6.13380453241421,478.670151816647,478.553924219129,1981.71943981996,1981.83566741748,472200000
555,142,31.0755599554732,6.74454746663608,6.13415042714546,6.74823476778739,6.1333299934363,509.629484174602,478.553924219129,1981.71943981996,2012.79499977543,472200000
556,141,30.9675290792673,6.7444058171482,6.13380453241421,6.75407457333167,6.13695069634527,509.637680895914,478.670151816647,1981.83566741748,2012.80319649674,472200000
556,140,36.2272640893727,6.7444058171482,6.13380453241421,6.71247359481384,6.33231985067514,514.89741590602,478.670151816647,1981.83566741748,2018.06293150685,472200000
557,558,8.9492737633468,7.07166807341508,6.27363782256853,7.07540987697124,6.26728623075013,477.323706731806,468.374432968459,1971.53994856929,1980.48922233264,472200000
557,187,47.5832569101633,7.07166807341508,6.27363782256853,7.06235031202206,6.26667830250209,515.957689878622,468.374432968459,1971.53994856929,2019.12320547945,472200000
558,143,38.5298735577754,7.07540987697124,6.26728623075013,7.06871343712549,6.26454772356534,515.853580289581,477.323706731806,1980.48922233264,2019.01909589041,472200000
558,559,13.1616302355159,7.07540987697124,6.26728623075013,6.93925767265668,5.7955061261955,490.485336967322,477.323706731806,1980.48922233264,1993.65085256815,472200000
559,560,0.56800028495968,6.93925767265668,5.7955061261955,6.93057200457882,5.78517053889838,491.053337252281,490.485336967322,1993.65085256815,1994.21885285311,472200000
559,144,25.3709830482868,6.93925767265668,5.7955061261955,7.457113,5.799837,515.856320015609,490.485336967322,1993.65085256815,2019.02183561644,472200000
560,600,3.66739256448802,6.93057200457882,5.78517053889838,6.92760276917885,5.77535189618425,494.720729816769,491.053337252281,1994.21885285311,1997.8862454176,472200000
560,561,1.33067868421474,6.93057200457882,5.78517053889838,6.93310654019009,5.7841487550675,492.384015936496,491.053337252281,1994.21885285311,1995.54953153733,472200000
561,564,3.64980624175163,6.93310654019009,5.7841487550675,7.18956334277244,5.58549870413662,496.033822178248,492.384015936496,1995.54953153733,1999.19933777908,472200000
561,562,1.81007199261071,6.93310654019009,5.7841487550675,6.92463830032198,5.78586814931618,494.194087929107,492.384015936496,1995.54953153733,1997.35960352994,472200000
562,563,10.9713723945017,6.92463830032198,5.78586814931618,6.92682441940301,5.77639519915837,505.165460323608,494.194087929107,1997.35960352994,2008.33097592444,472200000
562,145,20.7526430454059,6.92463830032198,5.78586814931618,6.93116702113414,5.77073406384608,514.946730974513,494.194087929107,1997.35960352994,2018.11224657534,472200000
563,147,6.27442133583577,6.92682441940301,5.77639519915837,6.92636571152607,5.77629964561078,511.439881659444,505.165460323608,2008.33097592444,2014.60539726027,472200000
563,146,6.81140763720555,6.92682441940301,5.77639519915837,6.92283371898302,5.77734481992318,511.976867960814,505.165460323608,2008.33097592444,2015.14238356164,472200000
564,565,7.24515223393334,7.18956334277244,5.58549870413662,7.19683568388613,5.58568470620715,503.278974412181,496.033822178248,1999.19933777908,2006.44449001301,472200000
564,583,3.33048589970561,7.18956334277244,5.58549870413662,7.19454781715887,5.58353376011131,499.364308077953,496.033822178248,1999.19933777908,2002.52982367878,472200000
565,566,1.8037546449836,7.19683568388613,5.58568470620715,7.19933897503029,5.58401523391254,505.082729057165,503.278974412181,2006.44449001301,2008.24824465799,472200000
565,581,0.670699573138309,7.19683568388613,5.58568470620715,7.19801663890796,5.58594423076972,503.949673985319,503.278974412181,2006.44449001301,2007.11518958615,472200000
566,567,0.626502350413919,7.19933897503029,5.58401523391254,7.1993991903698,5.58377923337592,505.709231407579,505.082729057165,2008.24824465799,2008.87474700841,472200000
566,148,10.8667416433753,7.19933897503029,5.58401523391254,7.20222727716589,5.58477259027567,515.94947070054,505.082729057165,2008.24824465799,2019.11498630137,472200000
567,149,9.14160915597519,7.1993991903698,5.58377923337592,7.19603469704397,5.58767113113469,514.850840563554,505.709231407579,2008.87474700841,2018.01635616438,472200000
567,568,0.653733301504614,7.1993991903698,5.58377923337592,7.19913729823875,5.58442357578389,506.362964709083,505.709231407579,2008.87474700841,2009.52848030991,472200000
568,569,1.6234912441326,7.19913729823875,5.58442357578389,7.19911864026792,5.58426588415599,507.986455953216,506.362964709083,2009.52848030991,2011.15197155405,472200000
568,579,5.38840997535061,7.19913729823875,5.58442357578389,7.200316662907,5.58352655839752,511.751374684434,506.362964709083,2009.52848030991,2014.91689028526,472200000
569,570,0.0926439154828493,7.19911864026792,5.58426588415599,7.19902599994996,5.58459890372015,508.079099868699,507.986455953216,2011.15197155405,2011.24461546953,472200000
569,150,6.94931611718719,7.19911864026792,5.58426588415599,7.20220094513337,5.58303718064176,514.935772070403,507.986455953216,2011.15197155405,2018.10128767123,472200000
570,571,0.245947688263685,7.19902599994996,5.58459890372015,7.19815157426768,5.58655747521201,508.325047556962,508.079099868699,2011.24461546953,2011.49056315779,472200000
570,160,6.87859000992365,7.19902599994996,5.58459890372015,7.19685973839732,5.58975384037659,514.957689878622,508.079099868699,2011.24461546953,2018.12320547945,472200000
571,577,1.0911848675998,7.19815157426768,5.58655747521201,7.19870863775275,5.58742914759255,509.416232424562,508.325047556962,2011.49056315779,2012.58174802539,472200000
571,572,0.207623142458426,7.19815157426768,5.58655747521201,7.19799300491073,5.58665566115355,508.532670699421,508.325047556962,2011.49056315779,2011.69818630025,472200000
572,156,7.36200548057141,7.19799300491073,5.58665566115355,7.19702057075159,5.58256240153155,515.894676179992,508.532670699421,2011.69818630025,2019.06019178082,472200000
572,573,0.522991725711743,7.19799300491073,5.58665566115355,7.2002136886809,5.58709779323788,509.055662425133,508.532670699421,2011.69818630025,2012.22117802596,472200000
573,151,5.9020274534898,7.2002136886809,5.58709779323788,7.62692,5.21561,514.957689878622,509.055662425133,2012.22117802596,2018.12320547945,472200000
573,574,2.72052505102808,7.2002136886809,5.58709779323788,7.1964095878712,5.58709720006785,511.776187476161,509.055662425133,2012.22117802596,2014.94170307699,472200000
574,155,4.12122842985894,7.1964095878712,5.58709720006785,7.19644196881451,5.58767022737632,515.89741590602,511.776187476161,2014.94170307699,2019.06293150685,472200000
574,575,0.0304614366242681,7.1964095878712,5.58709720006785,7.19648725051547,5.58710739777911,511.806648912785,511.776187476161,2014.94170307699,2014.97216451361,472200000
575,576,0.0819570613731155,7.19648725051547,5.58710739777911,7.19651705605785,5.5870984659589,511.888605974158,511.806648912785,2014.97216451361,2015.05412157499,472200000
575,152,3.07158891104295,7.19648725051547,5.58710739777911,7.19256559776366,5.58540255975335,514.878237823828,511.806648912785,2014.97216451361,2018.04375342466,472200000
576,153,4.0416866441903,7.19651705605785,5.5870984659589,7.19602461972908,5.5878681247014,515.930292618348,511.888605974158,2015.05412157499,2019.09580821918,472200000
576,154,0.652645548299869,7.19651705605785,5.5870984659589,7.1989188153774,5.58424431462821,512.541251522458,511.888605974158,2015.05412157499,2015.70676712329,472200000
577,159,6.57707389241627,7.19870863775275,5.58742914759255,7.20056451410134,5.58200793662373,515.993306316978,509.416232424562,2012.58174802539,2019.15882191781,472200000
577,578,0.211871306969605,7.19870863775275,5.58742914759255,7.19624096265052,5.58892853357825,509.628103731532,509.416232424562,2012.58174802539,2012.79361933236,472200000
578,157,6.38164094161103,7.19624096265052,5.58892853357825,7.20136723351589,5.58789402934301,516.009744673143,509.628103731532,2012.79361933236,2019.17526027397,472200000
578,158,6.2830108046248,7.19624096265052,5.58892853357825,7.1958719756085,5.58884027227673,515.911114536157,509.628103731532,2012.79361933236,2019.07663013699,472200000
579,163,3.11316450925698,7.200316662907,5.58352655839752,7.20156820850631,5.58159522677569,514.864539193691,511.751374684434,2014.91689028526,2018.03005479452,472200000
579,580,0.312625352289308,7.200316662907,5.58352655839752,7.19624607741459,5.58413481140902,512.064000036723,511.751374684434,2014.91689028526,2015.22951563755,472200000
580,162,3.81697751313204,7.19624607741459,5.58413481140902,7.20155439598344,5.58949001380366,515.880977549855,512.064000036723,2015.22951563755,2019.04649315069,472200000
580,161,2.87725148573482,7.19624607741459,5.58413481140902,7.19380193763916,5.5850346713394,514.941251522458,512.064000036723,2015.22951563755,2018.10676712329,472200000
581,166,11.0080158933029,7.19801663890796,5.58594423076972,7.20164417536143,5.58480655806727,514.957689878622,503.949673985319,2007.11518958615,2018.12320547945,472200000
581,582,2.93982335557061,7.19801663890796,5.58594423076972,7.19561326553139,5.58572765433067,506.88949734089,503.949673985319,2007.11518958615,2010.05501294172,472200000
582,164,8.05175418156795,7.19561326553139,5.58572765433067,7.19334157300292,5.58924931017623,514.941251522458,506.88949734089,2010.05501294172,2018.10676712329,472200000
582,165,8.04079527745829,7.19561326553139,5.58572765433067,7.19451459659427,5.59139598100506,514.930292618348,506.88949734089,2010.05501294172,2018.09580821918,472200000
583,584,4.29117567783436,7.19454781715887,5.58353376011131,7.19496201744775,5.58485442796836,503.655483755788,499.364308077953,2002.52982367878,2006.82099935662,472200000
583,586,0.267090093129095,7.19454781715887,5.58353376011131,7.19462878313164,5.5834177009058,499.631398171082,499.364308077953,2002.52982367878,2002.79691377191,472200000
584,169,12.2474116022866,7.19496201744775,5.58485442796836,7.19711522434991,5.58714871710854,515.902895358074,503.655483755788,2006.82099935662,2019.0684109589,472200000
584,585,1.24861519021126,7.19496201744775,5.58485442796836,7.19364178980725,5.58527120295289,504.904098945999,503.655483755788,2006.82099935662,2008.06961454683,472200000
585,167,10.9275635353631,7.19364178980725,5.58527120295289,7.19722465755738,5.58867816651893,515.831662481362,504.904098945999,2008.06961454683,2018.99717808219,472200000
585,168,11.0015361381029,7.19364178980725,5.58527120295289,6.33325346936822,5.62239897834786,515.905635084102,504.904098945999,2008.06961454683,2019.07115068493,472200000
586,587,1.94818655051403,7.19462878313164,5.5834177009058,7.19406809159056,5.58549833031657,501.579584721597,499.631398171082,2002.79691377191,2004.74510032243,472200000
586,592,0.838312011100978,7.19462878313164,5.5834177009058,7.19468965224457,5.58320951196188,500.469710182183,499.631398171082,2002.79691377191,2003.63522578301,472200000
587,588,0.477612146727779,7.19406809159056,5.58549833031657,7.1950586171779,5.58496928319936,502.057196868324,501.579584721597,2004.74510032243,2005.22271246915,472200000
587,591,3.12699976542192,7.19406809159056,5.58549833031657,7.19333669655317,5.58761798091347,504.706584487018,501.579584721597,2004.74510032243,2007.87210008785,472200000
588,589,9.99654031899153,7.1950586171779,5.58496928319936,7.19722239107489,5.58413507019182,512.053737187316,502.057196868324,2005.22271246915,2015.21925278815,472200000
588,170,12.0977532842708,7.1950586171779,5.58496928319936,7.19382130116706,5.58668101165025,514.154950152595,502.057196868324,2005.22271246915,2017.32046575342,472200000
589,173,2.89847323925183,7.19722239107489,5.58413507019182,7.19777251038761,5.584369880999,514.952210426568,512.053737187316,2015.21925278815,2018.1177260274,472200000
589,590,2.66215830091204,7.19722239107489,5.58413507019182,7.19654875201598,5.5821012593327,514.715895488228,512.053737187316,2015.21925278815,2017.88141108906,472200000
590,171,1.14864370546299,7.19654875201598,5.5821012593327,7.202272,5.381605,515.864539193691,514.715895488228,2017.88141108906,2019.03005479452,472200000
590,172,1.28015055477796,7.19654875201598,5.5821012593327,7.839884,5.857344,515.996046043006,514.715895488228,2017.88141108906,2019.16156164384,472200000
591,174,11.1853519669464,7.19333669655317,5.58761798091347,7.19616876137863,5.58862842436787,515.891936453965,504.706584487018,2007.87210008785,2019.05745205479,472200000
591,175,10.2209684053025,7.19333669655317,5.58761798091347,7.19327078368727,5.58878646035224,514.927552892321,504.706584487018,2007.87210008785,2018.09306849315,472200000
592,593,2.23626066672735,7.19468965224457,5.58320951196188,7.19856597602424,5.58520937291993,502.705970848911,500.469710182183,2003.63522578301,2005.87148644974,472200000
592,184,14.4112673676718,7.19468965224457,5.58320951196188,8.84538,7.87839,514.880977549855,500.469710182183,2003.63522578301,2018.04649315069,472200000
593,599,1.23194862086271,7.19856597602424,5.58520937291993,6.73043067132385,5.37904873951765,503.937919469774,502.705970848911,2005.87148644974,2007.1034350706,472200000
593,594,4.06589350916906,7.19856597602424,5.58520937291993,7.19745506235696,5.58464723081936,506.77186435808,502.705970848911,2005.87148644974,2009.93737995891,472200000
594,595,1.2883625980277,7.19745506235696,5.58464723081936,7.19540786352547,5.58338804023749,508.060226956108,506.77186435808,2009.93737995891,2011.22574255694,472200000
594,598,0.115635856103207,7.19745506235696,5.58464723081936,7.19713062153849,5.58518134461006,506.887500214183,506.77186435808,2009.93737995891,2010.05301581501,472200000
595,596,0.922495112766883,7.19540786352547,5.58338804023749,7.19700409160817,5.58650384615543,508.982722068874,508.060226956108,2011.22574255694,2012.1482376697,472200000
595,597,0.799238254472577,7.19540786352547,5.58338804023749,7.19686943412999,5.5848752282372,508.85946521058,508.060226956108,2011.22574255694,2012.02498081141,472200000
596,176,6.91743356317249,7.19700409160817,5.58650384615543,7.20018820250094,5.59043195987282,515.900155632047,508.982722068874,2012.1482376697,2019.06567123288,472200000
596,177,5.9667486316656,7.19700409160817,5.58650384615543,7.19338388725402,5.58307196333667,514.94947070054,508.982722068874,2012.1482376697,2018.11498630137,472200000
597,178,6.01329316119277,7.19686943412999,5.5848752282372,7.20072327919715,5.59047101616728,514.872758371773,508.85946521058,2012.02498081141,2018.0382739726,472200000
597,179,5.02425206530242,7.19686943412999,5.5848752282372,7.19600945977269,5.58519451000692,513.883717275883,508.85946521058,2012.02498081141,2017.04923287671,472200000
598,180,8.06471021238457,7.19713062153849,5.58518134461006,7.19844224386605,5.58469141660606,514.952210426568,506.887500214183,2010.05301581501,2018.1177260274,472200000
598,181,6.110836419436,7.19713062153849,5.58518134461006,7.20061850948016,5.59007134304944,512.998336633619,506.887500214183,2010.05301581501,2016.16385223445,472200000
599,182,11.9457978061091,6.73043067132385,5.37904873951765,6.733367,5.401827,515.883717275883,503.937919469774,2007.1034350706,2019.04923287671,472200000
599,183,12.0444279430953,6.73043067132385,5.37904873951765,7.08483034273667,4.79443845878762,515.982347412869,503.937919469774,2007.1034350706,2019.1478630137,472200000
600,185,20.272576500209,6.92760276917885,5.77535189618425,6.8463708444716,5.59806097052904,514.993306316978,494.720729816769,1997.8862454176,2018.15882191781,472200000
600,186,17.9602477330857,6.92760276917885,5.77535189618425,6.92401180105669,5.77620599448396,512.680977549855,494.720729816769,1997.8862454176,2015.84649315069,472200000
601,604,0.492525734754842,6.71385643015441,6.32540394856652,6.7149244659722,6.3258744657102,479.015591064443,478.523065329688,1981.68858093052,1982.18110666527,472200000
601,602,16.587758938807,6.71385643015441,6.32540394856652,6.7155450084891,6.32722876601499,495.110824268495,478.523065329688,1981.68858093052,1998.27633986932,472200000
602,188,20.7427560210865,6.7155450084891,6.32722876601499,6.71577547314671,6.33005584344977,515.853580289581,495.110824268495,1998.27633986932,2019.01909589041,472200000
602,603,16.2309778054542,6.7155450084891,6.32722876601499,6.71264127517578,6.32872300551549,511.341802073949,495.110824268495,1998.27633986932,2014.50731767478,472200000
603,189,1.61555095311265,6.71264127517578,6.32872300551549,6.74622722502348,6.22072674781756,512.957353027061,511.341802073949,2014.50731767478,2016.12286862789,472200000
603,190,3.60766862659121,6.71264127517578,6.32872300551549,6.71391976892574,6.33060897438369,514.94947070054,511.341802073949,2014.50731767478,2018.11498630137,472200000
604,609,10.4808439526459,6.7149244659722,6.3258744657102,6.71779471325823,6.32583839508208,489.496435017088,479.015591064443,1982.18110666527,1992.66195061792,472200000
604,605,4.49872526842283,6.7149244659722,6.3258744657102,6.71478867408087,6.32855447547414,483.514316332865,479.015591064443,1982.18110666527,1986.6798319337,472200000
605,195,21.4684489336766,6.71478867408087,6.32855447547414,6.71642768562667,6.33020529863614,504.982765266542,483.514316332865,1986.6798319337,2008.14828086737,472200000
605,606,7.5828308717722,6.71478867408087,6.32855447547414,6.71487607944745,6.32825896972921,491.097147204638,483.514316332865,1986.6798319337,1994.26266280547,472200000
606,194,24.8906796602862,6.71487607944745,6.32825896972921,7.06303332564941,6.26858648985685,515.987826864924,491.097147204638,1994.26266280547,2019.15334246575,472200000
606,607,18.7095993831224,6.71487607944745,6.32825896972921,6.71152836590015,6.33326373749,509.80674658776,491.097147204638,1994.26266280547,2012.97226218859,472200000
607,193,5.21121726346523,6.71152836590015,6.33326373749,6.71170519744165,6.32942826782448,515.017963851225,509.80674658776,2012.97226218859,2018.18347945206,472200000
607,608,2.07596563080836,6.71152836590015,6.33326373749,6.71381360141813,6.33238538501735,511.882712218568,509.80674658776,2012.97226218859,2015.0482278194,472200000
608,191,3.1325119066295,6.71381360141813,6.33238538501735,6.71063762112925,6.32490282977306,515.015224125198,511.882712218568,2015.0482278194,2018.18073972603,472200000
608,192,4.04210094772535,6.71381360141813,6.33238538501735,6.71677959745545,6.33326723494566,515.924813166294,511.882712218568,2015.0482278194,2019.09032876712,472200000
609,610,13.547386653478,6.71779471325823,6.32583839508208,6.70762747170457,6.32845686732913,503.043821670566,489.496435017088,1992.66195061792,2006.2093372714,472200000
609,613,4.07681392814793,6.71779471325823,6.32583839508208,6.71765982416764,6.32767033338714,493.573248945236,489.496435017088,1992.66195061792,1996.73876454607,472200000
610,611,3.55036924442666,6.70762747170457,6.32845686732913,6.70915401197405,6.32831370734942,506.594190914993,503.043821670566,2006.2093372714,2009.75970651582,472200000
610,196,11.8946901258642,6.70762747170457,6.32845686732913,6.70736004375731,6.32997813687569,514.938511796431,503.043821670566,2006.2093372714,2018.10402739726,472200000
611,197,9.41829348417711,6.70915401197405,6.32831370734942,6.71173048591957,6.32619191524565,516.01248439917,506.594190914993,2009.75970651582,2019.178,472200000
611,612,6.13697878351585,6.70915401197405,6.32831370734942,6.71056086548419,6.3256886576031,512.731169698509,506.594190914993,2009.75970651582,2015.89668529934,472200000
612,199,3.14706812531893,6.71056086548419,6.3256886576031,6.71170696217492,6.32604190983626,515.878237823828,512.731169698509,2015.89668529934,2019.04375342466,472200000
612,198,3.14980785134629,6.71056086548419,6.3256886576031,6.7169780802849,6.32824366127639,515.880977549855,512.731169698509,2015.89668529934,2019.04649315069,472200000
613,200,22.3488244950299,6.71765982416764,6.32767033338714,6.73439236261824,6.22153277919943,515.922073440266,493.573248945236,1996.73876454607,2019.0875890411,472200000
613,614,13.0593909828465,6.71765982416764,6.32767033338714,6.71627712616906,6.32941441170518,506.632639928083,493.573248945236,1996.73876454607,2009.79815552891,472200000
614,201,8.30039241629281,6.71627712616906,6.32941441170518,6.71247452121319,6.32844625929754,514.933032344376,506.632639928083,2009.79815552891,2018.09854794521,472200000
614,202,8.33326912862155,6.71627712616906,6.32941441170518,6.71696950653664,6.3317804768126,514.965909056704,506.632639928083,2009.79815552891,2018.13142465753,472200000
615,616,6.90776514093408,6.66046022720549,6.38302834992915,6.66085482984973,6.38393144151172,485.094857563873,478.187092422939,1981.35260802377,1988.2603731647,472200000
615,617,2.69324663346021,6.66046022720549,6.38302834992915,6.65919775665163,6.3826096072292,480.880339056399,478.187092422939,1981.35260802377,1984.04585465723,472200000
616,204,30.745024095571,6.66085482984973,6.38393144151172,6.65587626584435,6.37849234200633,515.839881659444,485.094857563873,1988.2603731647,2019.00539726027,472200000
616,203,24.0182331681064,6.66085482984973,6.38393144151172,6.797072,6.664688,509.113090731979,485.094857563873,1988.2603731647,2012.27860633281,472200000
617,206,35.1129672605792,6.65919775665163,6.3826096072292,6.19605149643975,6.73257309352546,515.993306316978,480.880339056399,1984.04585465723,2019.15882191781,472200000
617,205,34.1184467126341,6.65919775665163,6.3826096072292,7.11083542237581,6.74751113911871,514.998785769033,480.880339056399,1984.04585465723,2018.16430136986,472200000
618,207,21.9149340336387,6.18287608624529,6.72498105023983,7.272099,6.346321,515.8754980978,493.960564064162,1997.12607966499,2019.04101369863,472200000
618,208,21.0026052665153,6.18287608624529,6.72498105023983,6.19378731601307,6.72514535696289,514.963169330677,493.960564064162,1997.12607966499,2018.12868493151,472200000
