Scripts_&_data/B6_all_seraphim_analyses/Environmental_files/LASV_rasters/Annual_mean_temperature_all_0.04.asc
NCOLS 816 
NROWS 336 
XLLCORNER -17 
YLLCORNER 2 
CELLSIZE 0.0416666666666667 
NODATA_value -9999 
[rows 126 to 146 of 336, columns 196 to 244 of 816]
26.5539998610814 26.5274995565414 26.5681668122609 26.6303332646688 26.6501663923264 26.5936669111252 26.4781665007273 26.5193336009979 26.4536668856939 26.4578331311544 26.434166431427 26.5203333298365 26.589000026385 26.6083334287008 26.6756666501363 26.7271670103073 26.6996665795644 26.7219996452332 26.78466685613 26.7568331956863 26.7086668809255 26.6810002326965 26.704166730245 26.8024999300639 26.8058336575826 26.7964999675751 26.7168332735697 26.7633334795634 26.7714996337891 26.7590002218882 26.7391669750214 26.7016665140788 26.7723330656687 26.7830002307892 26.7664996782939 26.7923331260681 26.7939999898275 26.9134998321533 26.9209997653961 26.9276665846507 26.9348333676656 27.0196668306987 27.0079998175303 26.9950001239777 26.9356667995453 26.9599998792013 26.9820001125336 27.0574998060862 27.1076668103536
26.518833120664 26.4813336133957 26.5076665878296 26.5445000330607 26.6268331607183 26.6244998375575 26.5538333654404 26.4439996878306 26.4416664838791 26.4248331785202 26.3685000340144 26.4161669810613 26.4981667200724 26.5983332792918 26.6571664810181 26.6713335514069 26.6998334725698 26.7225000063578 26.7298333247503 26.6651662190755 26.6621670722961 26.6366669336955 26.7363336881002 26.7360000610352 26.747000058492 26.7674999237061 26.7256666024526 26.723166624705 26.7991667588552 26.7955001195272 26.7066669464111 26.7311666806539 26.7978333632151 26.7430000305176 26.7941670417786 26.8223334948222 26.8504999478658 26.8966668446859 26.9643331368764 26.9615000883738 26.9311666488647 26.9439997673035 26.9260000387828 26.9136668841044 26.8401667277018 26.8798333803813 26.9494999249776 27.0048336187998 27.0501667658488
26.5196664333344 26.4759996334712 26.5140002568563 26.601000269254 26.600666642189 26.4696668386459 26.4334998130798 26.4903337160746 26.4773331085841 26.4060000975927 26.326500137647 26.3458335796992 26.4708335399628 26.5353336334229 26.6290004253387 26.6473333438237 26.639999906222 26.6813337802887 26.7156669696172 26.6668333212535 26.6204999287923 26.5856665770213 26.6714999675751 26.7120000521342 26.6965002218882 26.698166847229 26.6461666425069 26.6576664447784 26.7416667938232 26.7120001316071 26.6583331425985 26.7078332901001 26.825833161672 26.7443334261576 26.7948332627614 26.7453331152598 26.7823335329692 26.7818335692088 26.8760002454122 26.8948334852854 26.8938333193461 26.8975003560384 26.850333293279 26.7903332710266 26.7784996827443 26.8219998677572 26.8878333568573 26.9044999281565 26.9696668783824
26.4475001891454 26.4650001128515 26.5401669740677 26.6279997825623 26.5400001207987 26.5051668485006 26.4568335215251 26.4779998461405 26.5061667760213 26.4523334503174 26.3371668656667 26.2678332726161 26.3561666409175 26.4424998362859 26.4820000727971 26.4940003951391 26.5536665916443 26.5964999993642 26.6523334582647 26.63316655159 26.5596664746602 26.6223335266113 26.67733335495 26.7025000254313 26.6716666221619 26.6000000635783 26.5471666653951 26.6245000362396 26.6733332475026 26.608166774114 26.641999801 26.7174999713898 26.8344997564952 26.7721668879191 26.7790001233419 26.678999821345 26.6856667200724 26.7378333409627 26.8353334267934 26.8650002479553 26.8849999109904 26.8836666742961 26.8780000209808 26.8808333873749 26.8144999345144 26.8186666170756 26.9028333822886 26.9259995619456 26.9878336588542
26.3176663716634 26.3785001039505 26.5006666183472 26.5126666227976 26.4843333164851 26.4721664985021 26.4450000524521 26.4628334840139 26.4148333470027 26.3850001096725 26.2856668233871 26.2105000019073 26.3193333943685 26.3738332986832 26.3703331947327 26.4263330300649 26.4833337068558 26.5586669842402 26.6340001026789 26.5873333613078 26.5136667490005 26.5996666749318 26.611000140508 26.5826664765676 26.6303333441416 26.5204997062683 26.4861667156219 26.5339998404185 26.6105000178019 26.5728333791097 26.6269999345144 26.7096668084462 26.7678334712982 26.7016669909159 26.7180003325144 26.7058336734772 26.6449999809265 26.695499976476 26.8133330345154 26.8695000807444 26.809500058492 26.8483334382375 26.8806668917338 26.8408330281576 26.8123330275218 26.9040002822876 26.9428331851959 26.9354996681213 26.8983333110809
26.222666422526 26.3129996856054 26.4091665744781 26.4588331778844 26.470166961352 26.3736664851507 26.3764999310176 26.4283332427343 26.3669996658961 26.3084998130798 26.2331665356954 26.2098336219788 26.3026667435964 26.3153332869212 26.3675000270208 26.3771665493647 26.4406669139862 26.513500213623 26.5750002463659 26.5328333377838 26.4851664702098 26.5211664040883 26.5343333880107 26.5783332188924 26.5845000743866 26.577166557312 26.5308332443237 26.5243332386017 26.5506667296092 26.5523328781128 26.6173333326976 26.6660000483195 26.7719999949137 26.6711667378743 26.6431671778361 26.6683332125346 26.6248334248861 26.6616667906443 26.7930002212524 26.8344996770223 26.7523333231608 26.8008333047231 26.8690000375112 26.7908330758413 26.7815001010895 26.909166653951 26.9268329938253 26.8513333797455 26.8458332220713
26.2086664835612 26.2394999663035 26.3046664794286 26.3963334957759 26.4286668300629 26.4043333530426 26.3926666180293 26.4068330128988 26.3878333171209 26.3023334741592 26.2531665960948 26.2135000626246 26.3113334576289 26.3061666886012 26.3153332074483 26.2895003557205 26.3681664864222 26.4963332414627 26.4681667089462 26.4854999383291 26.4458331664403 26.5069997310638 26.5426670312881 26.5498329798381 26.5114998022715 26.615833123525 26.5448331038157 26.4810000260671 26.4769997596741 26.5174997647603 26.555166721344 26.6200004418691 26.7550001144409 26.7115000883738 26.6675000190735 26.6105000178019 26.5771663983663 26.6446665128072 26.7621666590373 26.7228333950043 26.7431667645772 26.8261667092641 26.7831666469574 26.7490000724792 26.7219998041789 26.8256666660309 26.8348332246145 26.8266670703888 26.840833346049
26.1486664613088 26.1550002495448 26.2454999685287 26.3261667490005 26.3863333066305 26.3469998439153 26.304500023524 26.3088332017263 26.3174997170766 26.3330001831055 26.2564998467763 26.1949998935064 26.2088332970937 26.2643334070841 26.318666656812 26.3266665935516 26.3798334995906 26.4586668411891 26.4066665569941 26.3933332761129 26.3858334223429 26.438666899999 26.4561664263407 26.4895000457764 26.4605000019073 26.5688331921895 26.526833375295 26.4608330726624 26.4225001335144 26.41166639328 26.4651668071747 26.5266666412354 26.6618336041768 26.734333674113 26.6111670335134 26.545500199 26.5325000286102 26.6364998817444 26.6678332487742 26.6356666882833 26.6796665986379 26.7818334897359 26.6714998881022 26.6816668510437 26.6724998950958 26.8506666819255 26.8641664187113 26.7673337459564 26.788499991099
26.1576665639877 26.1388332843781 26.2103335460027 26.2694997787476 26.3006663322449 26.3083329995473 26.2903331120809 26.2328331867854 26.2304999828339 26.254833261172 26.2011666297913 26.138666788737 26.1756662130356 26.2071666717529 26.2966664234797 26.3513334592183 26.33866639932 26.3948334852854 26.3586666186651 26.2681663831075 26.2729998429616 26.3656669060389 26.4208337863286 26.4171665509542 26.3674999078115 26.4476663271586 26.5208330154419 26.4411667188009 26.4088335037231 26.2871666749318 26.2908330758413 26.4143336613973 26.5455001195272 26.645333369573 26.4921667575836 26.4493330319722 26.4959999720256 26.5398333072662 26.5711668332418 26.5878336429596 26.6784998575846 26.7009998957316 26.6896662712097 26.6721665859222 26.7628332773844 26.8104995886485 26.8168332576752 26.7496666113536 26.7408332824707
26.1923333406448 26.1798333326976 26.2175000905991 26.2230000495911 26.1906665563583 26.2441667318344 26.2684999306997 26.2491668065389 26.1746666034063 26.1518335739772 26.1711665789286 26.1121666034063 26.1390003363291 26.2301665941874 26.302500128746 26.2601667245229 26.2874998251597 26.2323331832886 26.1755000352859 26.107666571935 26.1450000206629 26.1723333199819 26.2200002272924 26.248833100001 26.2739997704824 26.40283314387 26.4894998073578 26.3983336289724 26.3253331184387 26.3454999128977 26.3054996331533 26.4641666412354 26.5614999930064 26.5963334242503 26.5173333485921 26.4684998989105 26.4703333377838 26.4779998461405 26.4604999224345 26.5123331546783 26.5938336849213 26.6416663328807 26.5843332608541 26.6393334070841 26.8043332099915 26.8551667531331 26.8295001188914 26.7706669171651 26.7901668548584
26.15083305041 26.173333923022 26.1040001710256 26.0763332843781 26.10766685009 26.2169998884201 26.1768335103989 26.1143334706624 26.0983335574468 26.0153334140778 26.0183332761129 26.0454998811086 26.1096666653951 26.1120002269745 26.1758332252502 26.1751666863759 26.2604997555415 26.2160001198451 26.1401662826538 26.0888330936432 26.0271663268407 26.0179997682571 26.0699999332428 26.1251668930054 26.2188333670298 26.4723330338796 26.4273332754771 26.3184998830159 26.2719999949137 26.2915001710256 26.2934998671214 26.4268334706624 26.4695001443227 26.4819999535878 26.4984996318817 26.3623332977295 26.3806666533152 26.3883333206177 26.3321665128072 26.3685003121694 26.548833211263 26.5223335425059 26.4860002994537 26.5943331718445 26.780500014623 26.7368332544963 26.7964996496836 26.7821667989095 26.7858332792918
26.0375000238419 26.0276665290197 25.9473335345586 25.993999838829 26.0454998413722 26.1454997460047 26.0441666444143 25.9728331963221 25.9996666113536 25.9449999729792 25.8996666669846 25.9550000429153 25.984499891599 26.0218335390091 26.0961668888728 26.1016667683919 26.1720000505447 26.1285001039505 26.0733334223429 26.1014998753866 26.0526663462321 26.0113331476847 26.0553334156672 26.1175001859665 26.2105001211166 26.3165001074473 26.3970000743866 26.4556663036346 26.4129997094472 26.3206664721171 26.2484999497732 26.3078333536784 26.3768334388733 26.3906668821971 26.3901664415995 26.2604999542236 26.2870000203451 26.2730001608531 26.2238330841064 26.3140001296997 26.4696663220723 26.4866665204366 26.500500202179 26.6348332564036 26.6565003395081 26.7054998079936 26.6738332907359 26.6891667842865 26.7578333218892
26.0998330911001 26.0535001357396 25.9713332255681 26.029333392779 26.0859997669856 26.0235001246134 25.965499997139 25.9495001633962 26.0009996096293 25.9610000451406 25.8754998445511 25.8506664435069 25.8744999567668 25.9081666866938 25.9771665732066 25.9704999128977 26.043666601181 26.05233335495 25.9991664091746 26.0446666479111 25.9895000060399 26.0263333320618 26.1169999837875 26.1758332252502 26.2456665833791 26.1998335520426 26.2123337586721 26.2749999364217 26.4003330866496 26.420833269755 26.3138334751129 26.2791665395101 26.2788331508636 26.2639997005463 26.2403333981832 26.2311664422353 26.2271668116252 26.2039998372396 26.1760001182556 26.2635001341502 26.3536667029063 26.452833255132 26.4438334306081 26.5821665922801 26.5489999453227 26.5470004081726 26.5528333187103 26.6219999790192 26.6734998226166
26.0376668771108 26.022166689237 26.0498334566752 26.0318335692088 26.057833313942 26.0601667563121 25.952499906222 25.9829997221629 25.9395001729329 25.9153331915538 25.8855001926422 25.8751666148504 25.8740000724792 25.9119998216629 25.8803333441416 25.9100002845128 25.9565002123515 25.9154997269313 25.9103334347407 25.9258334239324 25.9049999316533 25.9898331960042 26.1301668087641 26.2550003131231 26.2790000041326 26.1283336877823 26.0279998779297 26.1083335081736 26.2044999599457 26.388499657313 26.2661667664846 26.2756668726603 26.1659998893738 26.1391668319702 26.0529998143514 26.159999926885 26.2041668097178 26.2436671257019 26.2154998779297 26.215833346049 26.2519999345144 26.3725001017253 26.2718334197998 26.5154999097188 26.4795000553131 26.5325003465017 26.5363334019979 26.4904997348785 26.5320002237956
26.0513333876928 26.0900002717972 26.0955003897349 25.9994998375575 25.9185000260671 25.9241664807002 25.9353333711624 25.9806667963664 26.0124999284744 26.0113335053126 25.9306665261586 25.8895002206167 25.895499865214 25.8723334471385 25.873500029246 25.8658331632614 25.9029997984568 25.8781668345133 25.8880000511805 25.8943332433701 25.9159998496373 25.9806667963664 26.0293332338333 26.1824998060862 26.1346667210261 26.158499956131 25.9713331063588 26.0283328692118 26.1280001004537 26.344499985377 26.2411668300629 26.1363331476847 26.0013335545858 25.9994997183482 25.9811662832896 26.0849999586741 26.1036664644877 26.1019999980927 26.1490002473195 26.1588332653046 26.1841667493184 26.1988332271576 26.2398332754771 26.3991665840149 26.4373335838318 26.5901668866475 26.5826668739319 26.5758335590363 26.6028334299723
26.049166838328 26.0969999233882 26.109500169754 26.0241666634878 25.9274999300639 25.8008334239324 25.7958330710729 25.8806665738424 25.9761663675308 26.0256665547689 26.0153333346049 25.9636666377385 25.9045001665751 25.8641666571299 25.8801666498184 25.8254999717077 25.8709999720256 25.8948333660762 25.9051665465037 25.8896665175756 25.8223331769307 25.8534997701645 25.9373331864675 26.0633331934611 26.0688331921895 26.1028334299723 26.0148332913717 26.0118332703908 26.0890001455943 26.2870000998179 26.2114997704824 26.0671668052673 26.0086661974589 25.9866665999095 25.9763332207998 26.0234998861949 26.066833337148 26.077833255132 26.1256666183472 26.1428333123525 26.200833161672 26.1820000012716 26.3926665782928 26.4221665859222 26.483499844869 26.6003334522247 26.6623332500458 26.5929998556773 26.6240001519521
25.8186670939128 25.8500000635783 25.8528332710266 25.9023333390554 25.8279999494553 25.759166320165 25.7218333880107 25.7818332513173 25.8933333953222 25.9013335307439 25.8913330634435 25.8133331934611 25.8519998788834 25.8821666240692 25.841833392779 25.8683332999547 25.8353333075841 25.8018333911896 25.7788331508636 25.8284999926885 25.7728335062663 25.7788335084915 25.8160001834234 25.9888334274292 25.9766668876012 25.9115000168482 25.9136668841044 25.9604996840159 26.097333351771 26.1881667772929 26.2396665414174 26.220666885376 26.0901665687561 26.0034997463226 25.8955001036326 25.9808331330617 25.992333094279 26.1049998601278 26.1199998855591 26.1795001824697 26.0944998264313 26.2496667702993 26.2383333047231 26.3171664873759 26.3741666475932 26.4991668065389 26.6621669133504 26.6021664142609 26.5903336207072
25.7016667524974 25.5579998890559 25.6603333950043 25.791500210762 25.6763331095378 25.6326665480932 25.7506667772929 25.7604998747508 25.7450001239777 25.7151664495468 25.7964998881022 25.7341665029526 25.6484997272491 25.7088332176208 25.8331667979558 25.8943336804708 25.8570001125336 25.7541664838791 25.7163333098094 25.7101665735245 25.6916664838791 25.688166419665 25.7423334519068 25.9369999965032 25.9866667191188 25.8225001096725 25.73233294487 25.8320000171661 25.9539998372396 26.1238331794739 26.247499704361 26.1559998194377 26.1713329950968 26.0705002943675 25.9058331648509 25.8406665325165 25.8874995708466 25.9836666584015 25.9886666138967 26.1133332252502 25.9586664835612 26.1236668427785 26.2269999186198 25.9676667054494 26.1504996617635 26.3934998512268 26.5655001004537 26.569833278656 26.5416665871938
25.6960000197093 25.562499721845 25.6608332395554 25.7525001764297 25.6139996449153 25.5998333295186 25.7073330879211 25.6703333059947 25.6429999669393 25.6443334023158 25.6521666049957 25.7736664215724 25.6336663961411 25.6233330567678 25.7408330837886 25.7718333005905 25.8140003283819 25.7541670401891 25.6833330790202 25.6751666466395 25.7291668256124 25.6920000314713 25.7003333965937 25.8656667470932 25.9458335638046 25.734499891599 25.7313334147135 25.8634999593099 26.0266665617625 26.1676670710246 26.2116667429606 26.0506664911906 26.0564998785655 26.0709998607635 25.9274999300639 25.9056665897369 25.8619997501373 25.8373331228892 25.83149989446 25.8436663150787 25.861833413442 26.1258335113525 26.1213331222534 25.9811665217082 26.1944998900096 26.2874999841054 26.414666334788 26.5046667257945 26.4693334102631
25.6978331804276 25.5958331425985 25.7205003499985 25.7296668688456 25.6258335113525 25.5741664171219 25.6566667556763 25.6129997173945 25.5896664857864 25.5923333962758 25.6206667423248 25.7126665910085 25.5948334137599 25.5511666933695 25.6943330367406 25.7891666094462 25.872166911761 25.6344998677572 25.5750000476837 25.6970001459122 25.7191667159398 25.6424998044968 25.5533331632614 25.6416666507721 25.7535002231598 25.6184997558594 25.6831665039062 25.8010001182556 25.9801665941874 26.0936666329702 26.1800003051758 25.8613332907359 25.8971661726634 26.038666566213 25.9454997380575 25.8776664733887 25.8513333002726 25.7778330643972 25.7448334693909 25.7569999694824 25.8288334210714 26.0633333524068 25.961333433787 25.857666571935 26.1778331597646 26.2525000572205 26.3636665344238 26.3753334681193 26.3613335291545
25.5818333228429 25.4555000066757 25.6233334938685 25.7051669359207 25.6443334817886 25.5626667340597 25.6310000022252 25.6019999583562 25.5165001153946 25.5628332694372 25.6473329464595 25.6496668656667 25.5356667836507 25.4788333972295 25.538666566213 25.6709998051325 25.8115001122157 25.6623332897822 25.5511663754781 25.6211669842402 25.6339998642604 25.6028333504995 25.4696664810181 25.4751667181651 25.5618331829707 25.5695000886917 25.6725000540415 25.7620000044505 25.8396665255229 25.9710001150767 26.1185001532237 25.9631668726603 25.9284997781118 25.952833255132 26.056666692098 25.9978330135345 25.9588335355123 25.9158331553141 25.8589998881022 25.5981667836507 25.7488333384196 25.9951663812002 25.7811667919159 25.7975001335144 26.0723333358765 26.1536666552226 26.2708330949148 26.2611668109894 25.8929999669393
