Scripts_&_data/B6_all_seraphim_analyses/Environmental_files/LASV_rasters/Annual_mean_temperature_all_0.04.asc
NCOLS 816 
NROWS 336 
XLLCORNER -17 
YLLCORNER 2 
CELLSIZE 0.0416666666666667 
NODATA_value -9999 
[rows 189 to 209 of 336, columns 441 to 489 of 816]
27.2161666552226 27.1474998792013 27.0259999434153 27.0038332939148 26.913166364034 26.745166460673 26.6558334032695 26.7538333733877 26.8453331788381 26.9748333295186 27.0603334108988 27.0591665903727 27.0111664136251 26.8461665312449 26.8661666711171 27.247000058492 27.3150001366933 27.244166692098 27.2060000896454 27.2831665674845 27.4105000495911 27.4381663799286 27.4370001157125 27.4465002218882 27.3638331890106 27.2418331305186 27.1625001430511 27.0436667601268 27.0344998836517 27.0078334013621 26.9766667683919 27.0285001595815 27.0706664721171 26.7811668713888 26.4843334356944 26.1879998842875 26.2548333803813 26.568333307902 26.5316666762034 26.5174999237061 26.3256666660309 26.151166677475 26.0458331108093 26.2226668993632 26.3318332831065 26.4700001080831 26.3751667340597 26.2284998893738 26.0889999866486
27.2179996967316 27.1590001583099 27.0568336645762 26.9356664816539 26.7889998753866 26.7196666399638 26.7403333187103 26.8053335348765 26.8668332099915 26.9503331184387 27.0920000871023 27.0971663792928 26.9641667207082 26.9093331495921 26.8883330821991 27.3448332945506 27.3528331915538 27.2451671759288 27.1478329499563 27.2096665700277 27.3466664950053 27.4036664962769 27.3561667601268 27.4541668097178 27.4101667404175 27.3434999783834 27.1800000667572 27.0575000445048 27.1296663284302 27.0816667874654 27.0406666596731 27.0440001487732 27.0699999332428 26.7233333587646 26.4030000368754 26.2216667334239 26.324666817983 26.6615000565847 26.700666586558 26.5811664263407 26.3556665579478 26.3801666895549 26.2376665274302 26.25883324941 26.4193332990011 26.4768334229787 26.3525000413259 25.9850001335144 25.9895004431407
27.2853332360586 27.1446668306987 27.0674995581309 26.895166794459 26.7506665388743 26.818333307902 26.8558332920074 26.8361665407817 26.9603334267934 26.942333539327 27.0975002447764 27.1071662108103 27.0263334115346 26.9873332182566 26.9968334833781 27.400666475296 27.3536663850149 27.2734998861949 27.1744998296102 27.257999976476 27.3353331883748 27.3608334859212 27.3453333377838 27.4993334611257 27.4815002282461 27.3428331216176 27.2631664276123 27.1521666844686 27.1719999313354 27.1641663710276 27.0728331406911 27.1693332990011 27.0416665871938 26.6206667423248 26.3948334058126 26.3479998111725 26.396999835968 26.6295002301534 26.7486666838328 26.7116667429606 26.6278332074483 26.6668333212535 26.5576665401459 26.4443336327871 26.5159999529521 26.3563333352407 26.2868333657583 25.805166721344 26.0135001341502
27.2971666653951 27.1246666908264 27.0311665534973 26.8503332138062 26.7084999084473 26.802666425705 26.9095002015432 26.8733335336049 26.9931667645772 26.9603335062663 27.0633334318797 27.1020000775655 27.1245001157125 27.0493331750234 26.9956668217977 27.4306669235229 27.3861668109894 27.3263334433238 27.276333173116 27.3541666666667 27.3436664740245 27.3240000406901 27.3344996770223 27.507000207901 27.440333366394 27.2861665089925 27.2401665846507 27.2914997736613 27.1328333218892 27.1519999504089 27.0231665770213 27.1428335507711 26.9894999663035 26.6128334204356 26.4998331864675 26.4570000171661 26.5043331782023 26.6306666533152 26.6600000858307 26.7823337713877 26.6731665929159 26.7061665852865 26.6183332602183 26.4376666545868 26.6030000050863 26.3905002276103 26.1689999898275 26.1620000203451 26.2866667906443
27.2541666825612 27.0838335355123 26.9675002098083 26.8388333320618 26.7196665604909 26.7726664543152 26.8658333619436 26.9230001767476 27.0118332703908 27.0333331425985 27.1013334592183 27.1399998664856 27.1780002911886 27.1273332436879 27.1055001417796 27.4861667950948 27.3419997692108 27.3626666069031 27.3414997259776 27.3798333803813 27.300999879837 27.3858335812887 27.3923333485921 27.5058335463206 27.4904998938243 27.4196665287018 27.2791666984558 27.2876667181651 27.20516649882 27.1666665871938 27.0986667474111 27.1568334102631 26.941166639328 26.6553333600362 26.5856664180756 26.4926668008169 26.4743333657583 26.6666667461395 26.665166536967 26.7494998772939 26.8164997895559 26.7269999980927 26.5818333625793 26.4409999847412 26.6445000171661 26.5133333206177 26.2798332373301 26.4473333358765 26.5396671295166
27.190499941508 27.0433332125346 26.9473334948222 26.8326666355133 26.8465003967285 26.8011667728424 26.8678336143494 26.9683332443237 27.0511666933695 27.1319998900096 27.1983332633972 27.2250000635783 27.2894999980927 27.2894999186198 27.3823335965474 27.4280003706614 27.3696664969126 27.4093334674835 27.3611666361491 27.325666586558 27.2533333301544 27.4200001557668 27.4795000553131 27.5228332678477 27.5345000425975 27.4298332532247 27.3014999230703 27.3438335259755 27.2576667467753 27.1978331406911 27.2061666647593 27.1470001538595 26.9004999001821 26.6558334032695 26.5890000661214 26.4453331629435 26.4521663983663 26.62433330218 26.7725003560384 26.8456664880117 26.7464997768402 26.6454997857412 26.5358332792918 26.420500199 26.6310000419617 26.6071666081746 26.4834999243418 26.538499991099 26.6435000101725
27.2171665032705 27.115833123525 26.9476668834686 26.8798332214355 26.9305001099904 26.8718336423238 26.991499821345 27.02783314387 27.0376668771108 27.1581664880117 27.2494997183482 27.2053333123525 27.3238333861033 27.381666580836 27.4348332881927 27.4328333536784 27.4646667639414 27.2579998175303 27.3074999650319 27.2288331190745 27.122000058492 27.3279999891917 27.4346664746602 27.556666692098 27.6088335514069 27.4968334833781 27.4293336868286 27.3418335119883 27.2291666666667 27.2866668701172 27.2158334255219 27.0895000298818 26.8349999586741 26.680833419164 26.6030000845591 26.4693329334259 26.5109997590383 26.61683344841 26.6706668535868 26.7893336613973 26.8403333822886 26.7141668796539 26.5498332182566 26.4900000890096 26.5893331368764 26.7111666997274 26.5076666673024 26.6298334598541 26.6729998588562
27.2029999097188 27.060333331426 26.9340000152588 26.9428335825602 27.0120000839233 26.9138335386912 26.9031668504079 26.9741665522257 26.9560000896454 27.0581667423248 27.1996665795644 27.191500266393 27.2143332163493 27.3791665236155 27.4551666577657 27.2051665782928 27.5106666088104 27.3404999574025 27.3531667391459 27.2278331915538 27.1798330148061 27.3201664288839 27.4129997889201 27.3864998022715 27.5194999376933 27.5470000902812 27.5263338088989 27.3204998175303 27.1995000044505 27.2731664975484 27.1308334668477 26.9638334910075 26.7334996064504 26.7278334299723 26.6363333861033 26.5663332144419 26.6053334871928 26.6821668942769 26.7355000972748 26.8353332678477 26.8284999529521 26.6873335043589 26.4893333117167 26.5905001163483 26.6213332811991 26.6706666946411 26.6870001157125 26.7408333619436 26.771999835968
27.1613334019979 27.001166899999 27.0226666927338 27.0289998849233 27.0119998455048 26.8568332990011 26.9486668109894 27.0034999847412 27.0380001862844 27.1281666755676 27.2550000349681 27.2646668752034 27.2325000762939 27.3346666495005 27.4811667601268 27.431499560674 27.4890002409617 27.2666664918264 27.4089999198914 27.2876664797465 27.2625001271566 27.180833419164 27.2214999198914 27.2326666514079 27.3610003789266 27.4778333504995 27.4741668701172 27.2989999453227 27.3261664708455 27.2580003738403 27.1288332939148 26.8833336035411 26.7221666971842 26.7520001729329 26.6798334121704 26.640833457311 26.6325001716614 26.6053333282471 26.727333466212 26.844499985377 26.8053332169851 26.6456666787465 26.5764999389648 26.800333182017 26.6911668777466 26.8349999586741 26.8709998925527 26.8316668669383 26.8469999631246
27.1259999275208 27.0421667893728 27.0841663678487 27.1048332850138 26.9451667467753 26.8523331483205 26.9043335119883 26.9713331858317 27.0058330694834 27.0471668243408 27.1678332487742 27.2764998277028 27.3269998232524 27.3553332487742 27.3721662362417 27.5403333504995 27.4059999783834 27.1349998315175 27.5118335088094 27.2931667168935 27.2508334318797 27.2994996706645 27.148833433787 27.3165000279744 27.4038333098094 27.4338330427806 27.447499593099 27.4181667963664 27.3179999192556 27.2341662247976 27.0574997266134 26.7648333708445 26.7763332525889 26.8080000082652 26.730833530426 26.6954998970032 26.677166779836 26.6679999828339 26.8089997768402 26.8706665833791 26.78666639328 26.6706666946411 26.8004999955495 27.0125000476837 26.9511667092641 26.9179998238881 26.9509998957316 26.8365001678467 26.8398333390554
27.1516664028168 27.0898334980011 27.1421667734782 27.1056666374207 26.9371665318807 26.9394999345144 26.962166706721 26.991499821345 27.0103330612183 27.0378332138062 27.1841665903727 27.2293334007263 27.2359999815623 27.3638331890106 27.327666759491 27.5233334700267 27.5286667346954 27.1273332436879 27.5203332106272 27.424333413442 27.2666664123535 27.3329997857412 27.2511665026347 27.3051666418711 27.3096665541331 27.4004995028178 27.4774997234344 27.3781665960948 27.2581666310628 27.2029999891917 27.0383331775665 26.7310003439585 26.8243335088094 26.8753333886464 26.8561665217082 26.8174998760223 26.7173329989115 26.7226666609446 26.8591667016347 26.8828335603078 26.7724998792013 26.8043332099915 26.9200002352397 27.1001669565837 27.0228329499563 26.9598331451416 26.9095001220703 26.8356668949127 26.8768333594004
27.1008331775665 27.1111668745677 27.1815001169841 27.0361663500468 26.9719998041789 26.9888331890106 27.0318332513173 27.0728336175283 27.0965002377828 27.0736666520437 27.1455000241597 27.2063330014547 27.2883332570394 27.3796664873759 27.3780001004537 27.4575001398722 27.5503338177999 27.5451666514079 27.550666809082 27.4346667925517 27.2223335107168 27.281166712443 27.4466665585836 27.4041665395101 27.454000155131 27.5 27.4988330205282 27.3559999465942 27.3233333428701 27.1799999872843 26.8793334166209 26.7126665115356 26.7626667817434 26.8191666603088 26.8126665751139 26.8256667455037 26.8941663901011 26.8293333848317 26.9498334725698 26.88449994723 26.8364999294281 26.9021663665771 27.0146664778392 27.1403336524963 27.0444999535878 26.9059999783834 26.7573335170746 26.7628334363302 26.894833167394
27.1036667823792 27.0659998257955 27.2264998753866 27.0104998747508 27.0211664040883 26.9551668167114 27.0995000203451 26.9559999306997 27.1088338692983 27.1691668828328 27.1590002377828 27.1876664956411 27.2338330745697 27.3853329817454 27.4494999249776 27.5151665210724 27.4808332125346 27.5808334350586 27.5874998569489 27.457000096639 27.1749998728434 27.2785000006358 27.3303332328796 27.5289998849233 27.4973334471385 27.5648333231608 27.6176665623983 27.4251666863759 27.286833524704 27.0059998830159 26.6260000069936 26.6463335355123 26.7051668961843 26.7873334884644 26.7575002511342 26.8318334420522 26.9378331502279 26.9405001004537 27.002500295639 26.8963333765666 26.9173335234324 26.8979995250702 26.925333182017 27.1445000171661 26.9476668834686 26.8086665471395 26.7538332939148 26.7841669718424 26.9276665846507
27.1453332106272 27.1246665318807 27.2188333670298 27.0620000362396 27.0068332354228 26.9721670150757 27.085000038147 26.80366675059 26.9925002257029 27.0941669940948 27.0806667804718 27.2484998703003 27.337833404541 27.4093332290649 27.4001669883728 27.5308334827423 27.5908335049947 27.6133333047231 27.6575001080831 27.5946664810181 27.4179998238881 27.2406667073568 27.3863333066305 27.4959996541341 27.5278335412343 27.5996668338776 27.6736667156219 27.44699994723 27.2549997965495 26.8748331864675 26.5011668205261 26.578667084376 26.8220001856486 26.9054996172587 26.8491666316986 26.7830000718435 26.8523337046305 26.8411665757497 26.9843335946401 27.0479996999105 26.8779997825623 26.8198334376017 26.8958332538605 27.1456665198008 26.8633333047231 26.6731665929159 26.6669999758403 26.895166794459 26.9731665452321
27.0871666272481 27.1293334166209 27.217499812444 27.100333293279 26.9354999860128 26.8564999103546 27.0655000209808 26.9369997183482 27.0071666240692 26.9715002377828 27.0626665751139 27.2365000247955 27.3356663386027 27.4275001684825 27.2638332049052 27.5133332411448 27.4814999898275 27.5114997227987 27.5368333657583 27.6093335151672 27.4736666679382 27.2290000120799 27.2746665477753 27.5314999421438 27.67733335495 27.6964998245239 27.5331666469574 27.3263333638509 27.0576666196187 26.7418333689372 26.5101665655772 26.3580001195272 26.6358332633972 26.9318331877391 26.8736666838328 26.6021665732066 26.5423331260681 26.6833333969116 26.8865001996358 26.9245001475016 26.9968330860138 26.8963334560394 26.9286665916443 27.0841665267944 26.9423331419627 26.6883333524068 26.8288332621257 26.926500082016 26.9788332780202
27.0620001157125 27.0346666177114 27.1746664047241 27.086833635966 26.9351666768392 26.8450000286102 27.0196666717529 27.1460001468658 27.1143333117167 26.9516665140788 27.0718332131704 27.1716666221619 27.2233334382375 27.3153332869212 27.3284997940063 27.4888335863749 27.3961665630341 27.4111664295197 27.449000120163 27.6023333867391 27.5128332773844 27.1963333288829 26.8053333759308 27.3135000069936 27.6838335196177 27.646666765213 27.3174998760223 26.9726667404175 26.868499994278 26.8006664911906 26.6341664791107 26.4368330637614 26.4879999955495 26.7688331604004 26.7403333187103 26.4421664873759 26.6051669120789 26.6061669190725 26.7173333962758 26.9441666603088 27.0966668128967 27.0516665776571 26.9550000031789 27.0926667849223 26.7701665560404 26.7243330478668 26.8149998982747 26.9414999485016 27.0673331419627
27.1380000114441 27.1208335558573 27.1708331902822 27.0458335876465 26.9053334395091 26.8385000228882 26.9840002854665 27.0993333657583 27.11683344841 26.9674999713898 27.0429999828339 27.0986665884654 27.1788332462311 27.2411665916443 27.2903332710266 27.3291665712992 27.2774999141693 27.3201664288839 27.4346664746602 27.61550005277 27.5561669667562 27.2445000807444 26.8538334369659 27.0893332958221 27.5801665782928 27.5873332023621 27.1996668974559 26.7346666653951 27.0413330396016 26.9956665833791 26.7406666278839 26.495833158493 26.5451664129893 26.7795000076294 26.7593333721161 26.8261666297913 26.6616663138072 26.6041666666667 26.7071665922801 26.9705000718435 27.1296666463216 27.1739998658498 27.1334998607635 27.159833351771 26.8819997310638 26.8613335291545 26.91166694959 27.0020000934601 27.0200001398722
27.1721665859222 27.2326668898265 27.1568335692088 27.002166668574 26.9220003286997 26.8841665585836 26.8840001424154 27.0023330847422 27.1201667785645 27.0553333759308 27.0833332538605 27.0786668459574 27.1088333129883 27.1614998181661 27.2700002193451 27.25949994723 27.2335000038147 27.2926670710246 27.397833108902 27.4634999434153 27.6240003108978 27.3548333644867 27.1346668402354 26.8936667442322 27.331666469574 27.5891664822896 27.1630001068115 27.0451669692993 27.2234997749329 27.1105000178019 26.7649998664856 26.600333293279 26.7510002454122 26.8501667181651 26.9486668109894 26.9266665776571 26.7771666049957 26.7998333772024 26.5503331025441 26.6678334077199 26.9651663303375 27.1579999923706 27.1724998950958 27.0071667830149 26.9024999141693 26.9503331979116 26.9194999535878 27.012166817983 26.9845000902812
27.1801668802897 27.2500001589457 27.1286664009094 27.0848332246145 26.9813334941864 26.9168333212535 26.837166706721 26.9563332398732 27.0894998709361 27.0716666380564 27.1158334414164 27.1113332907359 27.074499686559 27.0813332398732 27.1728333632151 27.1464998722076 27.0591667493184 27.1339999039968 27.2774997552236 27.4388333161672 27.651000102361 27.5745003223419 27.2203334172567 27.0001667340597 27.4199999173482 27.6163332462311 27.238333384196 27.4068334102631 27.3368333975474 27.1990000406901 26.8143333594004 26.7876668771108 26.9728333155314 26.8984996477763 26.9674998919169 27.0253333250682 26.9320001602173 26.8408329486847 26.6771669387817 26.7825001080831 26.7051667372386 27.0296665827433 27.1908334096273 27.102666536967 27.0078337987264 27.0255003770192 26.9818334579468 26.9603334267934 26.9063333670298
27.1714999675751 27.180833419164 27.1466663678487 26.9924999078115 26.9810000260671 26.8836666742961 26.8509997526805 26.95583319664 27.0936666329702 27.1528332233429 27.1931663354238 27.1449999014537 27.1031667391459 27.0516666571299 27.0611666838328 26.9194999535878 26.6918334166209 26.8899997870127 27.0378331343333 27.2990001042684 27.6404999097188 27.6553334395091 27.3579998811086 27.1754999955495 27.4633334477743 27.6825000445048 27.5346666177114 27.5103332996368 27.427499850591 27.3253332773844 27.018666823705 26.9973334471385 27.1281665960948 27.0708331267039 27.0751663049062 27.0703332424164 27.0339999198914 26.9786664644877 26.9163331985474 26.7305000623067 26.6803335348765 26.843000014623 27.0546668370565 27.1518334547679 27.138166586558 27.0271670818329 27.0158335367839 26.9501667817434 26.8468332290649
27.1876669724782 27.0968333085378 27.0398331483205 26.9894998868306 26.9623337586721 26.9141666889191 26.7211667696635 26.7756667931875 26.9796664714813 27.1029999256134 27.2411665916443 27.1754999160767 27.155500014623 27.0736664930979 26.9058334032695 26.6008333365122 26.6899998982747 26.849666595459 27.0538334846497 27.2105000019073 27.504333337148 27.6541666984558 27.4395000139872 27.2628330389659 27.5844999949137 27.713666677475 27.6349999109904 27.5151666005452 27.5235000451406 27.389666557312 27.1621666749318 27.0876667499542 27.1576666037242 27.2209997971853 27.2076663970947 27.2230001290639 27.1551667054494 27.1136666138967 26.8874998092651 26.8101664384206 26.8063333829244 26.6618330478668 26.8638335863749 27.0185002485911 27.1111667950948 27.0480001767476 27.0073334376017 26.7978332837423 26.5864999294281
