Scripts_&_data/B6_all_seraphim_analyses/Environmental_files/LASV_rasters/Annual_mean_temperature_all_0.04.asc
NCOLS 816 
NROWS 336 
XLLCORNER -17 
YLLCORNER 2 
CELLSIZE 0.0416666666666667 
NODATA_value -9999 
[rows 168 to 188 of 336, columns 196 to 244 of 816]
24.1668330828349 24.1960000991821 24.1064999898275 24.0863332748413 23.934500058492 23.4531668027242 22.9918334086736 23.0500000317891 22.7019999821981 23.3111665646235 23.9946667353312 24.3083333174388 24.4973332484563 25.0101664861043 24.9660001993179 24.911666671435 24.8039996623993 24.5921665032705 24.4471669594447 24.3998332023621 24.4708334604899 24.6585000356038 24.5515001217524 24.9001667499542 25.2514997323354 25.3616665999095 25.3483332792918 25.4023331006368 25.4286664326986 25.4846664269765 25.46466644605 25.2559998830159 25.2599998315175 25.3600001335144 25.4093333085378 25.5089999039968 25.5909996827443 25.8446669578552 26.0228333473206 25.9328336715698 25.9335001309713 25.93683330218 25.8886664708455 25.8523331483205 25.6296666463216 25.597333351771 25.6943333943685 25.7003334363302 25.9429999987284
23.9300000270208 24.0453332662582 23.9619998931885 23.9214999675751 23.7369999885559 22.7760001818339 22.7936666409175 22.9476666053136 21.9698331356049 22.4149998823802 23.0664999485016 23.9971667528152 24.4683332045873 24.7921668291092 24.770000298818 24.5138334035873 24.413666566213 24.4621666669846 24.298166513443 24.1789999802907 24.0591666698456 24.2500001589457 24.4768331448237 24.4943333069483 24.882666905721 24.6938333511353 24.9593335787455 25.2891666094462 25.2831666469574 25.3773333231608 25.3615002632141 25.2066666285197 25.2028334935506 25.3473334312439 25.4529999097188 25.5376666386922 25.5373334884644 25.6856666405996 26.0138333638509 25.9513336022695 25.9301670392354 25.8426665465037 25.7994997501373 25.6371666590373 25.4521666367849 25.484999815623 25.5919999281565 25.6456667582194 25.7534999847412
23.9671666622162 23.9586666822433 24.0478333632151 23.9909999370575 23.8283333778381 23.0483334859212 23.1235001484553 22.8038332859675 22.7656666437785 23.4946668148041 23.4476666847865 23.1579999526342 23.2858331998189 24.1889999310176 24.5264999469121 24.3198333581289 24.2833331823349 24.2591666777929 24.2570000092189 24.1876666943232 24.4541665712992 24.3796666065852 24.5529998938243 24.3323332866033 24.3016666571299 25.1208332379659 24.9214998086294 25.2346664269765 25.2444996833801 25.2635001341502 25.3043333689372 25.2770000298818 25.2038331031799 25.2831668059031 25.331333398819 25.4954999287923 25.4644997119904 25.5866667429606 25.9399998982747 25.9648333390554 25.927833477656 25.8475000063578 25.7088333765666 25.4588332176208 25.3800000349681 25.4230001767476 25.5460000038147 25.5720001061757 25.4903332392375
23.8454999923706 23.8755000829697 23.9741665522257 23.9750000238419 23.9766665697098 23.50816655159 23.2553332249324 22.4689999421438 23.2976667483648 23.756500005722 24.0093333323797 24.0191668272018 23.9741665522257 24.1168332099915 24.2778332233429 24.3441667556763 24.3773331244787 24.3349999586741 24.4204997618993 24.3651667435964 24.5601669549942 24.6541666587194 24.6888331969579 24.4413333336512 24.6404999494553 25.0984998544057 25.1733333269755 25.2286667029063 25.304666519165 25.3118329842885 25.3193332354228 25.3656665484111 25.2590000629425 25.2595000267029 25.3501665592194 25.4754997889201 25.5423331260681 25.545833269755 25.8698331514994 25.962166706721 25.9123333295186 25.7878332138062 25.6453332106272 25.4241666793823 25.3661665916443 25.4208333492279 25.5376665592194 25.6036667823792 25.5035001436869
23.8026666243871 23.9081666866938 23.8468333482742 23.9333333571752 23.9561667044957 23.820166905721 23.344166636467 23.5663333733877 22.6391667524974 23.0876667102178 23.8481666644414 24.186666727066 24.1815001169841 24.1453334093094 24.2096666097641 24.1879999637604 24.2646664778392 24.3798332214355 24.4736665089925 24.5816667079926 24.60600010554 24.6526664892832 24.7044997612635 24.847333351771 25.0823329289754 25.1014997164408 25.1695000330607 25.2586666742961 25.2058331171672 25.1853331724803 25.2751662731171 25.3691665331523 25.3888331254323 25.2918334801992 25.3808331489563 25.4938329855601 25.6288333733877 25.5468333562215 25.7513333161672 25.9148331483205 25.8754998842875 25.8898332118988 25.7910001277924 25.6215000947316 25.4584999084473 25.4423331419627 25.5034999052684 25.579833428065 25.6306668122609
23.8364999294281 23.852499961853 23.8311667442322 23.8909998337428 23.9763333400091 24.0088334878286 24.0331666469574 23.5665001074473 22.4875000715256 23.2886667251587 23.8306664228439 24.1403332153956 24.1698334217072 24.0018333991369 24.10666680336 24.1031665802002 24.0496667226156 24.1396667162577 24.4329997301102 24.6019998788834 24.6806667248408 24.6958332061768 24.7111663420995 24.9824998378754 25.1023329893748 25.1601666609446 25.2366666793823 25.2454996903737 25.080500125885 25.1399998664856 25.2041665712992 25.3441666762034 25.3720001379649 25.3908331394196 25.4608333110809 25.5644999345144 25.6516665617625 25.5798331101735 25.7374996344248 25.8854999542236 25.8991665840149 25.8638333479563 25.7636667092641 25.6806666056315 25.4936665693919 25.4963332811991 25.5223330656687 25.5671668052673 25.4663333098094
23.7686670621236 23.8271667559942 23.8301666577657 23.8343334992727 23.9153335094452 23.7641663153966 23.4676668246587 23.1778333187103 22.7275000015895 24.0046667655309 24.2131667931875 24.217333316803 24.2426664829254 24.1526665687561 24.2196666002274 23.8970000743866 23.602333466212 23.799666762352 24.3819998502731 24.6140001614888 24.673999786377 24.6499996582667 24.6873332659403 24.8761668205261 24.9375000794729 25.0643334388733 25.1163334846497 25.0963333447774 25.0031667550405 24.9978334108988 25.0631668567657 25.1426666577657 25.297833442688 25.3354999224345 25.4803332487742 25.5324998696645 25.6533332665761 25.6096668243408 25.7445000807444 25.8518334229787 25.8358335494995 25.8151667118073 25.7763330141703 25.6489998499552 25.5144999027252 25.4223335584005 25.4528334935506 25.5668332576752 25.4016666412354
23.6854998668035 23.712166706721 23.8180000384649 23.8033334811529 23.8505001068115 23.7684999704361 23.850999991099 23.8131665786107 23.618499994278 24.1295000712077 24.2694999376933 24.2504999240239 24.2193332910538 24.2594999074936 24.4571666717529 24.5208334525426 24.3576665321986 24.5749998490016 24.5055001179377 24.2613333463669 24.5598332881927 24.5903333028158 24.6244999965032 24.7260001897812 24.8481667041779 24.9879997571309 25.039999961853 24.9348335266113 24.9711669286092 24.9991668065389 25.0033333301544 25.086500008901 25.1736666361491 25.2850000063578 25.4738331635793 25.55233335495 25.6071666081746 25.6341666380564 25.766833225886 25.7988331317902 25.7898332277934 25.7866665522257 25.6925001144409 25.6006667613983 25.4191664854685 25.3578332265218 25.3990000883738 25.4133333365122 25.3606665929159
23.4821666479111 23.435666680336 23.690833568573 23.6953332424164 23.6241666475932 23.6604999701182 23.829333504041 23.9858334461848 23.9673334360123 24.0651667118073 24.1726666688919 24.1876667737961 24.1771667003632 24.1335000991821 24.2550000349681 24.4495000441869 24.593833287557 24.6481665770213 24.5458334287008 24.5123332738876 24.6011664072673 24.5449999570847 24.5560000737508 24.5868333975474 24.684666633606 24.8574997584025 24.9576667149862 24.9238332907359 24.9688333670298 25.004499912262 24.9993332227071 25.1563331286112 25.1746667226156 25.285666624705 25.3986666997274 25.3863333861033 25.4483331839244 25.6309998035431 25.7551667690277 25.8111666838328 25.869166692098 25.77716644605 25.6966667175293 25.6356665293376 25.5683333873749 25.5164999961853 25.3178331057231 25.2891666889191 25.4141666094462
23.0626665751139 22.8921666542689 23.4570000569026 23.5041664838791 23.4828332265218 23.6650000413259 23.836000084877 23.9526667197545 24.0695001284281 24.063333551089 24.0033334493637 24.0199999014537 24.1111666758855 24.1158335208893 23.7531667153041 24.1566665569941 24.3133331934611 24.5869999726613 24.6175001859665 24.4859999418259 24.6241662899653 24.4021666447322 24.5213332176208 24.6151668628057 24.5431668758392 24.1315001646678 24.6844999790192 24.4691666762034 24.89399989446 24.9471666812897 24.9746668338776 25.143666823705 25.2231667041779 25.3226664861043 25.3813333511353 25.2936666806539 25.4210003217061 25.5578334331512 25.7636663913727 25.8578335444132 25.9156664212545 25.7853333155314 25.7695000171661 25.7561665376027 25.6773332754771 25.5921669801076 25.279666741689 25.252999941508 25.3731667200724
23.2413333654404 22.7491664886475 22.8488332827886 23.2484999497732 23.5468334356944 23.6626665194829 23.7625000874201 23.7156666119893 23.8686666488647 24.027333299319 24.0626666545868 24.077333410581 24.1076665321986 24.2740000486374 24.2934999465942 24.3576664527257 24.4756664832433 24.4846665461858 24.5523331562678 24.4469999074936 24.6023330291112 24.6180000305176 24.6009999116262 24.6830000082652 24.6044999361038 24.572499871254 24.8381665547689 24.5639998912811 24.8541664282481 24.9041666984558 24.9921664396922 25.159166653951 25.3216666380564 25.3601668675741 25.3543333212535 25.3613334496816 25.5456666946411 25.740833123525 25.8551663557688 25.9361666043599 25.8734998703003 25.7401666641235 25.8138332366943 25.8426665465037 25.7288333574931 25.4988332589467 25.2326666514079 25.2134999434153 25.2906666596731
23.6023333072662 23.0179999669393 23.0851667324702 23.3223331769307 23.4546666145325 23.5426667531331 23.5880000193914 23.7396666208903 23.9136666854223 24.0061667760213 23.9681667486827 24.0686666965485 24.1240001519521 24.095333258311 24.3146664698919 24.3878333171209 24.4221666256587 24.4993331829707 24.5836665232976 24.6214998563131 24.7146666049957 24.7149998744329 24.5846666495005 24.6420000394185 24.7450000842412 24.7460000514984 24.8656667868296 24.8040000597636 24.883333047231 25.0146663983663 25.0826668739319 25.2403336366018 25.2414999008179 25.2429999510447 25.3478330771128 25.3484999338786 25.5619999567668 25.7650000254313 25.87433330218 26.0054999987284 25.8388334910075 25.8199996948242 25.8418335119883 25.8336663246155 25.5826666355133 25.3433333237966 25.2250000635783 25.1241666475932 25.2249999841054
23.5505001544952 23.4548333883286 23.2403332392375 23.3156666358312 23.4471666812897 23.5273333787918 23.5430001020432 23.5919999281565 23.8298333485921 23.5681665738424 23.3624999523163 23.8154999812444 24.1728332837423 24.1513332525889 24.2556664943695 24.3276665608088 24.4045001665751 24.444000005722 24.4626666704814 24.5571666558584 24.6126666069031 24.6431667804718 24.6086667378743 24.6641666889191 24.7646664778392 24.7413334051768 24.8441665172577 24.9443331559499 24.8863333066305 24.9801664352417 25.0601666768392 25.1871665318807 25.1853331724803 25.1043333212535 25.1721669038137 25.3938330809275 25.6818333466848 25.7951664129893 25.8260001341502 25.9740000565847 25.8606665929159 25.924333413442 25.9053333600362 25.7511667410533 25.4308333396912 25.2558331489563 25.2249998251597 25.1363333861033 25.2043333053589
23.5878332455953 23.1896664698919 23.3591667811076 23.32066655159 23.3821666638056 23.3341666062673 23.3489998579025 23.3338333368301 23.7048333485921 23.3861666917801 22.7259999513626 22.6160000562668 23.9433332284292 24.2106664975484 24.1886667410533 24.1796666383743 24.2288332780202 24.2728334665298 24.2601666053136 24.3420000871023 24.4204998811086 24.5574998855591 24.6375000874201 24.6406668027242 24.6304999192556 24.6948334376017 24.7476665178935 24.9535000324249 24.9811663627625 25.0428330898285 25.0723330974579 25.0673333803813 25.2338332335154 25.1898335615794 25.2018331686656 25.4026664892832 25.5418334007263 25.6291662851969 25.8108333746592 25.9335002104441 25.9233336448669 25.9311668078105 25.8320001761119 25.6989999612172 25.3896667162577 25.1604998111725 25.2159999211629 25.207333167394 25.2101667722066
23.5641666253408 23.6211667060852 23.584500114123 23.7243331273397 23.4803331693013 23.2598332166672 23.2315000295639 23.2771668434143 23.3861667315165 23.2716668049494 22.2568332751592 22.0433333714803 23.576833208402 24.0183332363764 24.1053332487742 24.1443332433701 24.1573332150777 24.1829999685287 24.171999891599 24.3166668812434 24.4744999408722 24.5361666679382 24.5093333323797 24.548166791598 24.525333404541 24.6641667683919 24.8031664689382 24.920166571935 25.1039998531342 25.1188332239787 25.1208335558573 25.1796665986379 25.207666794459 25.2783334255219 25.2910003662109 25.2430002689362 25.2336662610372 25.4258333047231 25.6753333409627 25.7383333047231 25.8906668027242 25.8339997132619 25.6753332614899 25.4119999408722 25.268833398819 25.0959997971853 25.2386667728424 25.1981667677561 25.2131665547689
23.4725000063578 23.4673331975937 23.5943331718445 23.7313332557678 23.9213332335154 23.9868332942327 23.8921666145325 23.9008332888285 23.8373332818349 23.5129999319712 22.8471666574478 22.4920002619425 23.4623334407806 23.8928334315618 24.0791668097178 24.1008334159851 24.0300000905991 23.9470001061757 24.1219998200734 24.1528333822886 24.3533331950506 24.5913333098094 24.5644999345144 24.6545000473658 24.6481666167577 24.6804998715719 24.8546664714813 24.8913331826528 25.08083319664 25.220499753952 25.247000058492 25.2101666132609 25.0906666914622 25.1086668173472 25.0718331336975 25.0984999338786 25.1348332564036 25.2971669038137 25.612833182017 25.7050000826518 25.8241665363312 25.8638331890106 25.6751667658488 25.5203332901001 25.3110001881917 25.0968333085378 25.2541662851969 25.3029998938243 25.3679998715719
23.5446667273839 23.3743334611257 22.9138334592183 22.7061666250229 23.8005000352859 23.9736666679382 23.9964997768402 24.0014997720718 24.0528331200282 24.0479999780655 24.0271667639414 24.0036667585373 24.039999961853 24.0838335355123 24.0968332290649 24.0923331181208 23.9971665541331 23.4681665897369 23.8846666415532 24.1314998467763 24.4246664444606 24.5081666310628 24.6255000034968 24.7535000642141 24.6533331076304 24.5533333222071 24.843833287557 24.9218331972758 25.019500096639 25.1263331572215 25.1951665083567 25.0523331165314 24.9373331069946 24.8480000495911 24.8854997952779 25.0134998957316 25.1638335386912 25.2871667544047 25.4513334433238 25.4910001754761 25.7296664714813 25.8343330224355 25.7486666838328 25.5026663939158 25.3164999485016 25.1583332220713 25.2788333098094 25.2909998099009 25.3799999554952
23.6503332455953 23.1211666266123 22.8334999879201 22.2383331457774 22.7811666727066 23.8724997440974 23.9866665204366 24.0026664336522 24.0501664876938 23.9845001300176 24.0390000740687 24.0526666243871 24.0708332061768 24.1148330767949 24.121666431427 24.1179998715719 24.1290001074473 24.0311665137609 24.0116666555405 24.1760001182556 24.3878332773844 24.4230002562205 24.5105001926422 24.6278331279755 24.6721665859222 24.3154999812444 24.6313331921895 24.8908333778381 24.909166653951 24.9868332544963 24.9833334287008 24.8539998531342 24.7650000254313 24.7124999364217 24.8443330923716 24.9944999217987 25.1516666412354 25.2188335259755 25.1993334293365 25.3866666952769 25.6639998753866 25.7429999510447 25.6666666666667 25.6238333384196 25.4939998785655 25.1961665948232 25.2050000031789 25.1808332602183 25.3493332862854
23.8383333683014 23.3430001735687 23.2174999713898 22.1836665868759 21.9371664921443 22.5309999783834 23.5618333419164 23.9710001548131 24.0541665554047 24.0531665484111 24.0901665687561 24.1006662845612 24.1348331769307 24.1553331216176 24.1443331241608 24.1494997739792 24.1508332490921 24.1770000457764 24.1945000489553 24.2980000575383 24.3088334798813 24.1841666698456 24.3976664145788 24.6143335103989 24.6028333902359 24.3416666587194 24.3821666638056 24.5479999383291 24.1568333705266 24.1251666148504 24.9276667435964 25.0208331743876 24.9304999510447 24.8376666704814 24.8824999332428 24.9353334903717 25.001833041509 25.0549999872843 25.1606667836507 25.4108333587646 25.6269998550415 25.683833360672 25.6685000260671 25.6341664791107 25.2793332735697 25.0686664581299 25.176500082016 25.150333404541 25.4603333473206
23.7324999570847 23.3084998925527 23.132666627566 23.6801666418711 23.1013332605362 22.2991667588552 22.6861664851507 23.5038332939148 23.968333363533 24.1333332856496 24.1893332004547 24.1708331902822 24.1106666326523 24.170833269755 24.1901666720708 24.1773331562678 24.1518332163493 24.1890000104904 24.2371667226156 24.2898333072662 24.2933333317439 24.3261666695277 24.1340001026789 24.4416666825612 24.42833340168 24.3193335533142 24.3125000397364 24.2889999945958 24.2314999898275 24.0944999059041 24.311500231425 24.7668331464132 24.9719998836517 25.0206669171651 25.0038332144419 25.0276668071747 25.0818332036336 24.9483333428701 25.1656666596731 24.9949999650319 25.48983335495 25.6801665623983 25.649333079656 25.2613332271576 24.8323334058126 25.3963332970937 25.3783334096273 25.3048331737518 25.3830000559489
24.2331666946411 24.1631667216619 24.2534999450048 24.2986668745677 23.0681666930517 23.0771666765213 23.5080000162125 23.7078333298365 23.7973333199819 24.0686666170756 24.1646665732066 24.1741666793823 24.120666662852 24.138999859492 24.2129999796549 24.1861665248871 24.1453332901001 24.1494999726613 24.2615000406901 24.3036668300629 24.3223330577215 24.3778331677119 24.3611665169398 24.3928334315618 24.461666782697 24.4268332719803 24.394500096639 24.4159997701645 24.3761668205261 24.3939999341965 24.3366665840149 24.7336666584015 24.8984998861949 24.9089998404185 24.8956668376923 24.9068331718445 25.1363332271576 25.085000038147 25.2480000654856 25.1541666984558 25.4253334999084 25.6450000603994 25.5316665967305 25.318666378657 25.420166571935 25.524000008901 25.4963329633077 25.5161667664846 25.5348331133525
