Scripts_&_data/B6_all_seraphim_analyses/Environmental_files/LASV_rasters/Annual_mean_temperature_all_0.04.asc
NCOLS 816 
NROWS 336 
XLLCORNER -17 
YLLCORNER 2 
CELLSIZE 0.0416666666666667 
NODATA_value -9999 
[rows 105 to 125 of 336, columns 588 to 636 of 816]
25.1211667060852 25.1878332694372 25.2643333276113 25.3588332732519 25.4609998861949 25.5238331158956 25.5414997736613 25.5924999316533 25.5863332748413 25.663333495458 25.6583333015442 25.666500210762 25.6876666943232 25.6830001274745 25.6824997663498 25.6359998385112 25.7256665627162 25.8285000324249 25.856166601181 25.9495000044505 25.9674997727076 25.8963334957759 25.8325001001358 25.9081669251124 25.9780000448227 26.0641668240229 26.1316663821538 26.1843333244324 26.1754998763402 26.1661667823792 26.1811668872833 26.1314998070399 26.1144999663035 26.1033331155777 26.2111663818359 26.2414996623993 26.328666528066 26.2903332710266 26.3390002250671 26.3096666733424 26.2643332481384 26.294833223025 26.3450001478195 26.3886664708455 26.4280002117157 26.4770001570384 26.4913334449132 26.4798332452774 26.5111670096715
25.1578333377838 25.2431667248408 25.3906670411428 25.4661668936412 25.4323334693909 25.4563330809275 25.4113331238429 25.46400030454 25.5671668450038 25.596666375796 25.5681667327881 25.6011667251587 25.6056667963664 25.5718332131704 25.5806665023168 25.5261665980021 25.6143333117167 25.7199998696645 25.7613334655762 25.8770002921422 25.9298334519068 25.9415001869202 25.9926668405533 25.9134999116262 25.9631668329239 25.9593333005905 26.0323333740234 26.1228334903717 26.1518333355586 26.1363331874212 26.1263335545858 26.0803331136703 26.0910000801086 26.0758329629898 26.1310000022252 26.1884999672572 26.2719999949137 26.2354998191198 26.2641664346059 26.2751663923264 26.2300000588099 26.2868332068125 26.3500000238419 26.3938333193461 26.4408332109451 26.4278337558111 26.4303332169851 26.4303332964579 26.4363332589467
25.1218336025874 25.1963331302007 25.307666738828 25.3395004272461 25.3028333187103 25.404166618983 25.3670001427333 25.3623334169388 25.4756664832433 25.4668334325155 25.445833325386 25.4956666231155 25.4463331302007 25.4704999128977 25.5071667830149 25.4546667337418 25.5109998385112 25.6169999837875 25.7118331591288 25.8510000308355 25.8801667292913 25.9403331677119 25.9513333241145 25.8424996534983 25.8725001017253 25.8423332770665 25.9366667668025 26.0885000228882 26.089666724205 26.1383333603541 25.9813335736593 26.046000123024 26.0671670834223 26.0686665376027 26.0971666971842 26.1538329919179 26.2336664199829 26.2250001033147 26.1868334611257 26.2266666491826 26.2759998639425 26.3233337402344 26.3676667610804 26.3875000874201 26.3688333829244 26.3700001637141 26.3783332506816 26.3845003445943 26.3670002619425
25.0391664902369 25.1486665010452 25.2328334649404 25.199333190918 25.2236665487289 25.3451668024063 25.2415002981822 25.2643332481384 25.312833070755 25.2479997475942 25.2681667009989 25.3456667661667 25.3850000301997 25.4385003248851 25.4493335088094 25.4146667321523 25.4239999055862 25.5445000727971 25.7173333565394 25.7789998849233 25.7268333435059 25.7608333826065 25.7659999529521 25.7839998801549 25.7980000972748 25.7516663869222 25.8276666800181 26.0181667009989 26.014333208402 26.0961668093999 25.9911665121714 25.9198331435521 25.9600001970927 26.0316666762034 26.0865001281102 26.113999803861 26.1875001589457 26.1976671616236 26.1370003223419 26.1976666847865 26.2686669826508 26.3258333206177 26.3650002876918 26.3681666453679 26.3669997851054 26.3474999666214 26.3533334732056 26.3504999478658 26.3791668812434
24.9045000076294 25.0836667617162 25.1126665671666 25.0844999949137 25.0950000286102 25.2026665608088 25.1338333288829 25.1260001262029 25.0993334849675 25.0806667009989 25.155166665713 25.1883331934611 25.2584999799728 25.3231664101283 25.3596663872401 25.3461668093999 25.3751667340597 25.4808333714803 25.6128333806992 25.6968331734339 25.5808333158493 25.4018334547679 25.522833387057 25.7523329257965 25.773833155632 25.7565002838771 25.6680000225703 25.7724998792013 25.9071667194366 25.9083336194356 25.8664998610814 25.8039997816086 25.8916667699814 25.9640001058578 26.0684999624888 26.0643333991369 26.1826668183009 26.2121666272481 26.1740003029505 26.2355001370112 26.2776668866475 26.2848334709803 26.3026668230693 26.3081664641698 26.3453334172567 26.3521669308345 26.3981666564941 26.4085000753403 26.3958334128062
24.8655002117157 24.9765000343323 24.9896667400996 24.9229997396469 24.9704998334249 25.0015000104904 25.011833469073 24.9335000912348 24.9326666196187 24.941166917483 25.0158331394196 25.0063331921895 25.101000269254 25.170833269755 25.251499970754 25.3348329861959 25.4466666777929 25.5308331251144 25.5851663351059 25.7239998181661 25.560166478157 25.2703334490458 25.3105000257492 25.5475000540415 25.6963333288829 25.834666689237 25.7416666348775 25.6536666552226 25.6956665913264 25.6441665887833 25.6088335514069 25.5916670163472 25.7003331979116 25.8420000871023 25.9361665646235 26.0300002495448 26.0983331600825 26.1590000391006 26.214833855629 26.237166762352 26.2294998168945 26.2458331982295 26.2503335475922 26.2741669019063 26.3225004673004 26.3573336601257 26.3356665770213 26.3593333959579 26.3940002520879
24.78633304437 24.890499830246 24.916166861852 24.9073333740234 24.9655001163483 24.8931668996811 24.9234999815623 24.8963330189387 24.8933332761129 24.9129999081294 24.9348332881927 24.9296669165293 24.9668334722519 25.0936664740245 25.270666718483 25.3905002276103 25.487833182017 25.5903331836065 25.6699999173482 25.7728333075841 25.6648331880569 25.5000000794729 25.4851666688919 25.5480002164841 25.6265002091726 25.7691666285197 25.758166829745 25.6486665805181 25.563999970754 25.5450004736582 25.5078335205714 25.4340003728867 25.6041666666667 25.8111664851507 25.9179997841517 25.9620002905528 26.0371666749318 26.1206664641698 26.1715000073115 26.215333422025 26.1779998143514 26.2389999628067 26.2493334611257 26.2831666469574 26.3173335790634 26.2730001608531 26.2558334668477 26.3075001239777 26.3626665671666
24.8340002298355 24.8983329534531 24.9461667537689 24.9623335599899 24.9413332144419 24.9246665636698 24.9284998178482 24.9260001977285 24.9128330548604 24.9261666138967 24.9556664625804 24.9418332576752 24.9505000114441 25.0313331286112 25.191833058993 25.3548335234324 25.4753332535426 25.5454997221629 25.6338332891464 25.6418332656225 25.5926667054494 25.631666858991 25.611333211263 25.6273332039515 25.6131667693456 25.6968331336975 25.6806665658951 25.6498333215714 25.5881666739782 25.5518332719803 25.4828335841497 25.4290000200272 25.4559998114904 25.6589999993642 25.8458332618078 25.9016668001811 25.9666668574015 26.0531668265661 26.1484996477763 26.2003333965937 26.2084998289744 26.2124999364217 26.2205001910528 26.2163333892822 26.2303331295649 26.2355001370112 26.2998332182566 26.3253335555394 26.2800001700719
24.9516663153966 24.9648329814275 24.9643335342407 24.9581665198008 24.9748331705729 24.9686668713888 24.9839998086294 24.9128332535426 24.9031666119893 24.9678333600362 24.959499835968 24.9715001185735 24.9708333412806 25.0273333787918 25.1508332888285 25.2939999898275 25.3174998362859 25.4776667753855 25.5083333651225 25.4841666221619 25.4576664765676 25.5431663195292 25.5523334344228 25.5334999163946 25.559833407402 25.609166542689 25.5895000696182 25.5948334137599 25.5596667130788 25.5073334376017 25.4148329893748 25.3630000352859 25.3166666825612 25.5514997641246 25.8079998493195 25.8870002031326 25.9866669575373 26.0440001885096 26.1166665156682 26.1399997472763 26.1560000181198 26.1793332497279 26.1330000956853 26.1628333330154 26.2246667146683 26.320166627566 26.3306667407354 26.2975001335144 26.285666624705
24.9664998849233 24.9520001808802 24.8771664698919 24.8898334503174 24.9716667334239 25.017499645551 24.9203331073125 24.8676667610804 24.9228333632151 24.966833392779 25.0121666987737 25.0141663153966 24.9801663955053 24.9431666135788 24.9833331902822 25.1171662807465 25.1901665528615 25.3535001675288 25.3768332401911 25.3743336598078 25.3023331960042 25.3851664463679 25.3921663761139 25.3705000082652 25.4784998496373 25.5879995028178 25.588499824206 25.4953331947327 25.3983332316081 25.3941665490468 25.3435003757477 25.2761664390564 25.2403333981832 25.5186667442322 25.7360001802444 25.8855001131694 25.9241665204366 25.9689998626709 25.9850001335144 25.9886665344238 26.0759998957316 26.090833346049 26.1084999243418 26.2059999306997 26.2884997526805 26.3251665035884 26.2059999704361 26.199166615804 26.2450000842412
25.0391665299733 24.9059998989105 24.863166809082 24.8626669645309 24.9779997666677 25.0599999030431 24.9353334506353 24.9216667016347 24.9435002406438 24.9661666552226 24.93783334891 24.907999753952 24.9446665445964 24.9758332570394 24.9658334255219 24.9323333501816 24.9678331613541 25.0974999666214 25.2410002152125 25.2946668068568 25.2424999872843 25.2269999583562 25.2636663516362 25.3143337965012 25.4480001529058 25.5163332621257 25.4766669670741 25.4351667165756 25.3159997860591 25.2766664822896 25.2439999183019 25.2548331419627 25.2288333574931 25.4126668373744 25.6780000130336 25.8039999802907 25.8283334175746 25.8070000012716 25.8466670910517 25.9236665964127 26.0011664628983 26.041666785876 26.0184998114904 26.1239997148514 26.2271664539973 26.2368330955505 26.1424995263418 26.1591665744781 26.1511663198471
25.042166352272 24.9049997329712 24.8666665156682 24.9696666002274 24.9884998401006 25.1778331597646 25.1064998308818 24.9928331375122 24.9751665989558 24.9473331371943 24.8609999418259 24.8141665856044 24.8821667035421 24.8804999192556 24.9561667442322 24.954499801 24.8658332824707 24.8731666008631 25.0738329490026 25.1659997701645 25.185666958491 25.1668332020442 25.1688333749771 25.3109999497732 25.3730001846949 25.3705004453659 25.356666525205 25.2913333574931 25.2116665840149 25.1734997828801 25.165166815122 25.1670002539953 25.1438334385554 25.3578331073125 25.4943335056305 25.58899974823 25.5228333473206 25.3834999799728 25.4163333972295 25.7971665859222 25.7833336194356 25.6699997584025 25.825833161672 25.9968329270681 26.0931671063105 26.0521667400996 26.0234999656677 25.942333261172 26.0293333530426
25.0150000254313 24.9101665417353 24.8334999481837 24.8898332913717 25.1038332382838 25.3361664215724 25.2050000429153 24.9738334814707 24.9568333625793 24.8828334410985 24.8558336098989 24.7775001525879 24.7829999526342 24.7928335666656 24.8544999361038 24.9241663217545 24.8928333520889 24.8526666561763 24.8551666736603 24.9870000680288 25.0209998687108 25.0174998442332 25.0615001519521 25.1811667283376 25.2374999125799 25.2948331435521 25.2816667159398 25.2319999933243 25.1998333136241 25.1023331880569 25.0923333962758 25.1414999961853 25.1176666816076 25.182666460673 25.0958335399628 24.941499988238 24.6085000435511 24.4961667855581 24.9084999163946 25.2401666243871 25.0475001732508 24.9399997790654 25.2003335555394 25.6386665900548 25.6084996461868 25.3988333145777 25.5673332214355 25.4461668729782 25.7543336947759
25.0468334754308 24.9446664253871 24.901000102361 24.9709998369217 25.0951666434606 25.2911667823792 25.1838333209356 24.9708333412806 24.9441665410995 24.954500079155 24.8950001398722 24.8488333622615 24.7986666758855 24.727333466212 24.7613334655762 24.846333305041 24.8834998607635 24.8046667178472 24.7674999634425 24.7506664594014 24.7878334124883 24.7858333985011 24.9833335876465 25.0819999774297 25.1899998585383 25.2633335987727 25.218666712443 25.2058335940043 25.1759998401006 25.1088331540426 25.0306669473648 25.0406667391459 25.0005000432332 24.9668333133062 24.8439999024073 24.6653331518173 24.4136670827866 24.2729998429616 24.4603331486384 24.6631668011347 24.6063335736593 24.867999792099 24.8629999558131 25.0406667391459 24.9648333787918 25.1338331302007 25.0756665468216 25.2328333457311 25.5453330675761
25.0674999554952 25.0001668930054 24.9375000794729 24.970500032107 25.0695000092189 25.0959997971853 25.1193332274755 24.9696665604909 24.992666721344 25.0008330345154 24.9328333536784 24.8815001249313 24.8233334223429 24.7385000785192 24.752666870753 24.8281664053599 24.8596666653951 24.7504999240239 24.7035001516342 24.6818334261576 24.59683350722 24.6244999965032 24.7859997749329 25.001499970754 25.0826666752497 25.1643333037694 25.1684998671214 25.103999654452 25.1268334786097 25.1346664428711 25.0853329896927 25.0484999418259 24.9489998817444 24.9454998970032 24.927166779836 24.4951665798823 23.6480001211166 23.6973333358765 23.87533334891 24.5003332297007 24.5546668370565 24.9264996846517 25.0304998159409 24.9213331540426 24.7155001560847 25.006500005722 24.8848330974579 25.4508333603541 25.9155000050863
25.0933334032695 25.0251665512721 24.9528330167135 24.910999973615 24.9613333940506 25.0421667893728 25.1173331340154 24.9934999545415 25.0175000429153 24.9468333721161 24.8800000747045 24.7993332942327 24.7931667168935 24.7396666208903 24.7056664228439 24.7873333692551 24.8416665792465 24.8058332999547 24.7324999570847 24.6406666040421 24.5834997097651 24.6176670392354 24.6748332579931 24.8593332370122 24.9819998343786 25.1090000470479 25.082833369573 25.0395000378291 25.0306667089462 25.1118330955505 25.0641665061315 24.9725001255671 24.9281665484111 24.9565000534058 24.8805000384649 24.7005000114441 24.1469999949137 23.9743333260218 23.9835000038147 24.4726665814718 24.7901668945948 25.0491667985916 25.3066665728887 25.3866666555405 25.0211669206619 25.2185000578562 25.529499967893 25.984666466713 26.107333223025
25.0991664727529 25.0381668011347 24.9373331864675 24.9378332694372 24.9956665833791 25.0223333040873 25.109833240509 25.0611667633057 25.012166261673 24.9681664705276 24.8968331813812 24.7688330014547 24.7638334035873 24.7744998137156 24.6746668418248 24.7176665067673 24.7776666084925 24.8220001459122 24.7625000079473 24.6890000899633 24.6901666323344 24.6800001859665 24.6356666485469 24.665333310763 24.8791667222977 25.0079997380575 24.9648333390554 24.9730000893275 24.9466667175293 24.9848331212997 25.0323331356049 24.9478330612183 24.8586667776108 24.847000002861 24.9358332554499 24.897166967392 24.7368332147598 24.7281665404638 24.6978334585826 24.6771665414174 24.8725001414617 25.0798334678014 25.2998331387838 25.4421667655309 25.6558330456416 25.795833269755 25.928333123525 25.9938329060872 26.017666776975
25.0250000158946 25.0138332446416 24.9911663929621 24.9600000778834 25.0274999936422 25.0468333959579 25.1180001497269 25.0371668338776 25.0139999389648 24.9635000626246 24.9355001449585 24.8143332004547 24.833166718483 24.7813332080841 24.7099999984105 24.6961667935054 24.7029999097188 24.7548331816991 24.7871664365133 24.7333334287008 24.6538333495458 24.6648333072662 24.6301666895549 24.2926667531331 24.2466665903727 24.6521664857864 24.808500289917 24.8449998696645 24.7911665439606 24.9150004784266 24.9146666924159 24.8050000667572 24.7958334287008 24.7493332624435 24.8470001220703 24.8693333864212 24.7831667264303 24.7773331403732 24.7046664555868 24.8323332866033 24.9201667706172 25.1110000212987 25.2958331902822 25.4904998540878 25.6456667979558 25.7798332373301 25.877166668574 25.9688333670298 25.9833332300186
25.0238333940506 24.9754998683929 25.0328331788381 25.0011664231618 24.9786669810613 25.0569998025894 25.0894999504089 25.0585002501806 25.0313332478205 25.0014996131261 24.9213332732519 24.8186664978663 24.8891664346059 24.7956667343775 24.8108332554499 24.7608333031336 24.7235002120336 24.6553331613541 24.7623332738876 24.7641665140788 24.6723334391912 24.7511667013168 24.6379999717077 24.3811667362849 24.3101665178935 24.3841667572657 24.6323331991831 24.6778332789739 24.7466667890549 24.8928332726161 24.8333333333333 24.6729998191198 24.6401666005452 24.5964998006821 24.7093331416448 24.6133331457774 24.4576665560404 24.6166665554047 24.7288332382838 25.0011667410533 25.1354999542236 25.2774998346965 25.3938334782918 25.4820001125336 25.6666666666667 25.7553336222967 25.8663333654404 25.931333621343 25.9599998792013
25.0441666444143 25.0844997564952 25.1133335034053 25.0658334096273 24.9646666844686 24.9793330430984 25.0449999173482 25.0779997507731 24.9873331387838 24.9149996439616 24.9393333991369 24.9048331975937 24.9296665589015 24.8591666618983 24.8983332316081 24.8500001827876 24.8218333323797 24.7461665074031 24.7233330408732 24.6933331489563 24.7101668119431 24.8313333193461 24.720999956131 24.566166639328 24.5656665960948 24.4728332360586 24.5530001322428 24.6683331727982 24.7441666523616 24.7281664212545 24.868666768074 24.645833214124 24.1450000603994 24.1390000581741 24.5551664829254 24.3660002152125 24.1166665554047 24.364999850591 24.527833422025 24.9420003096263 25.1855000654856 25.3321667114894 25.4290001392365 25.4938333829244 25.6148331165314 25.7338332335154 25.8159999847412 25.8505000273387 25.8620000680288
25.0864998896917 25.1136666138967 25.1254998048147 25.0091667175293 24.978333234787 25.0138333638509 25.0643333594004 25.0853335460027 25.0103331009547 24.8731667200724 24.8660002549489 24.9158333539963 24.9350001017253 24.9165000120799 24.8721668322881 24.8226666847865 24.777500073115 24.6975003878276 24.6046669880549 24.6018331448237 24.5814999739329 24.6776663859685 24.7258331378301 24.6018331845601 24.5539999008179 24.486499786377 24.4891667366028 24.6645002365112 24.3719998598099 23.8328332503637 24.1501665115356 24.6861662864685 24.3876667420069 24.2723333438237 24.3089998960495 24.2910000085831 23.9636665582657 24.0769999424617 24.3226668039958 24.9583336114883 25.11550005277 25.1511665980021 25.2939998706182 25.3948330481847 25.5931669076284 25.6699999968211 25.6744999885559 25.7389999230703 25.7841664155324
