Scripts_&_data/B6_all_seraphim_analyses/Environmental_files/LASV_rasters/Elevation_all_0.04.asc
NCOLS 816 
NROWS 336 
XLLCORNER -17.0000652 
YLLCORNER 1.9999752 
CELLSIZE 0.04166665 
NODATA_value -9999 
[rows 176 to 197 of 336, columns 490 to 538 of 816]
464.359985351562 426.920013427734 386.519989013672 365.839996337891 348.839996337891 338.880004882812 344.200012207031 351.760009765625 377.200012207031 379.880004882812 399.640014648438 403.399993896484 437.200012207031 459.040008544922 414.480010986328 367.279998779297 349.920013427734 326.559997558594 319.440002441406 307.440002441406 331.279998779297 306.760009765625 346.480010986328 347.119995117188 322.880004882812 308.079986572266 301.279998779297 274.279998779297 293.679992675781 306.119995117188 344.959991455078 347.559997558594 275.600006103516 334.920013427734 330.640014648438 276.640014648438 227 208.880004882812 211.279998779297 234.559997558594 255.679992675781 258.279998779297 221.279998779297 195.720001220703 166.759994506836 171.800003051758 175 216.440002441406 216.679992675781
480.839996337891 423.480010986328 399.200012207031 388.839996337891 379.959991455078 376.239990234375 331.640014648438 344.079986572266 367.720001220703 369.440002441406 388.320007324219 395.720001220703 419.760009765625 433.720001220703 422.920013427734 381.799987792969 368.760009765625 341.920013427734 320.480010986328 327.920013427734 308.160003662109 317.200012207031 336.359985351562 361.480010986328 335.559997558594 325.399993896484 314.160003662109 275.399993896484 288.880004882812 309.359985351562 340.079986572266 358.760009765625 300.920013427734 365.119995117188 315.239990234375 262.720001220703 239.080001831055 250.759994506836 264.799987792969 296.320007324219 300.720001220703 281.239990234375 248.320007324219 204.240005493164 165.320007324219 217.240005493164 215.240005493164 227.520004272461 293.720001220703
432.920013427734 413.160003662109 400.959991455078 383.200012207031 392.279998779297 362 347.600006103516 332.359985351562 357.720001220703 363.239990234375 370.519989013672 393.200012207031 396.799987792969 425.959991455078 433.600006103516 396.239990234375 348.559997558594 337.160003662109 336.079986572266 326.559997558594 309.359985351562 335.040008544922 352.239990234375 343.880004882812 314.160003662109 295.200012207031 299.399993896484 282.519989013672 307.799987792969 350.359985351562 342.160003662109 381.480010986328 341.839996337891 338.559997558594 287.440002441406 285.880004882812 253.360000610352 302.720001220703 308.799987792969 369.079986572266 333.200012207031 265.799987792969 246.360000610352 218.839996337891 175 215.240005493164 229.880004882812 215.199996948242 249.240005493164
352.839996337891 370.040008544922 395.320007324219 374.720001220703 401.679992675781 372.600006103516 348.200012207031 329.160003662109 342.040008544922 350.959991455078 367.519989013672 386.959991455078 373.880004882812 408.519989013672 423.959991455078 402.600006103516 362.880004882812 346.679992675781 342.119995117188 335.799987792969 325.200012207031 346.279998779297 367.880004882812 354.880004882812 314.160003662109 307.519989013672 309.600006103516 286.679992675781 298.799987792969 331.040008544922 369.839996337891 358.600006103516 349.839996337891 321.839996337891 329.160003662109 338 261.239990234375 299.359985351562 278.320007324219 295.600006103516 269.600006103516 244.639999389648 220.119995117188 196.759994506836 201.639999389648 238.880004882812 251.039993286133 238.800003051758 234.119995117188
336.559997558594 365.440002441406 395 366.959991455078 388.720001220703 377.880004882812 358.279998779297 347.359985351562 321.679992675781 335.040008544922 363.239990234375 359.399993896484 369.440002441406 398.359985351562 395.920013427734 395.119995117188 366.600006103516 354.519989013672 355.320007324219 337.480010986328 344.440002441406 362.440002441406 348.799987792969 343.559997558594 306.839996337891 324.799987792969 323.600006103516 296.119995117188 336.399993896484 318.559997558594 346.880004882812 376.920013427734 342.399993896484 350.279998779297 400.920013427734 327.480010986328 280.079986572266 310.239990234375 313.040008544922 269.839996337891 264.200012207031 353.359985351562 308.279998779297 195.759994506836 226.919998168945 265.399993896484 277 268.399993896484 268.320007324219
346.959991455078 363.799987792969 375.600006103516 357 369.559997558594 392.920013427734 377.920013427734 355.399993896484 318.320007324219 332.239990234375 351.640014648438 337.799987792969 350.399993896484 371.079986572266 385.959991455078 399.880004882812 388.480010986328 372.399993896484 354 353.399993896484 368.279998779297 346.399993896484 331.679992675781 323.600006103516 322.880004882812 330.359985351562 321.920013427734 313.839996337891 358.279998779297 350.359985351562 353.480010986328 392.040008544922 351.720001220703 387.160003662109 431.839996337891 347.440002441406 309.440002441406 341.399993896484 342.040008544922 313.679992675781 305.200012207031 390.160003662109 381.399993896484 224.839996337891 216.039993286133 245.559997558594 266.600006103516 292.880004882812 312.559997558594
353.160003662109 372 364.040008544922 343.160003662109 345.079986572266 374.160003662109 371.720001220703 366.880004882812 322.079986572266 314.040008544922 317.880004882812 325.160003662109 346.640014648438 382.200012207031 407.799987792969 390.959991455078 401.559997558594 393.079986572266 377.119995117188 374.239990234375 354.839996337891 344.079986572266 348.040008544922 346.640014648438 355.920013427734 340.119995117188 317.959991455078 316.079986572266 351.760009765625 337.799987792969 358.519989013672 396.040008544922 364.160003662109 364.040008544922 397.640014648438 369 347.720001220703 363.959991455078 379.200012207031 386.559997558594 405.679992675781 474.279998779297 359.600006103516 252.919998168945 242.720001220703 223.520004272461 249.080001831055 287.320007324219 298.519989013672
319.399993896484 363.720001220703 383.519989013672 362.600006103516 331.160003662109 341.920013427734 342.920013427734 349.519989013672 317.959991455078 299.679992675781 324.760009765625 333.079986572266 337.200012207031 377.600006103516 391.720001220703 381.239990234375 403.119995117188 415.600006103516 393.320007324219 376.799987792969 364.359985351562 360.160003662109 362.079986572266 363.279998779297 370.760009765625 352.239990234375 317.559997558594 332.079986572266 352.959991455078 332.119995117188 354.239990234375 394.440002441406 386.760009765625 369.440002441406 377.239990234375 377.640014648438 370.640014648438 392.160003662109 399.720001220703 434.519989013672 520.400024414062 452.679992675781 295.160003662109 272.200012207031 282.799987792969 241.559997558594 253.720001220703 311.040008544922 312.119995117188
314.720001220703 338.440002441406 343.839996337891 364.600006103516 352.679992675781 331.040008544922 313.440002441406 310.279998779297 313.799987792969 304.079986572266 320.519989013672 332.679992675781 344.480010986328 378.320007324219 370 389.880004882812 413.239990234375 403.600006103516 395.559997558594 369.519989013672 381.399993896484 384.600006103516 378.399993896484 371.839996337891 353.160003662109 330.720001220703 327.320007324219 371.040008544922 370.359985351562 343.440002441406 372.040008544922 385.320007324219 399.200012207031 376.160003662109 393.559997558594 416.600006103516 415.160003662109 419.679992675781 445.679992675781 474.920013427734 533.200012207031 416.359985351562 293.200012207031 346.040008544922 320.200012207031 262.519989013672 274 268.480010986328 312.359985351562
318.760009765625 301.839996337891 323.519989013672 360.239990234375 356.440002441406 346.079986572266 331.359985351562 294.040008544922 291.959991455078 308.480010986328 329.399993896484 354.079986572266 361.519989013672 358.040008544922 362.799987792969 389.399993896484 403.720001220703 387.760009765625 361.399993896484 352.959991455078 366.399993896484 396.679992675781 383.880004882812 359.079986572266 335.320007324219 328.320007324219 374.880004882812 421.959991455078 426.760009765625 363.359985351562 376.679992675781 389.359985351562 400.760009765625 383.519989013672 414.440002441406 436.799987792969 451.160003662109 444.040008544922 456.200012207031 491.600006103516 554.440002441406 377.920013427734 369.399993896484 361.160003662109 314.600006103516 280.200012207031 312.040008544922 277.600006103516 308.760009765625
293 300.359985351562 326.119995117188 357.480010986328 344.760009765625 321.720001220703 310.799987792969 282.079986572266 275.279998779297 301 313.279998779297 334.040008544922 344.519989013672 347.880004882812 356.239990234375 368.959991455078 386.519989013672 383.480010986328 342.839996337891 330.799987792969 352.640014648438 376.600006103516 389.359985351562 356.040008544922 334.480010986328 355.079986572266 388.559997558594 441.480010986328 436.160003662109 388.880004882812 392.480010986328 384.519989013672 405.640014648438 398.559997558594 410.679992675781 422.959991455078 441.880004882812 463.359985351562 467.559997558594 537.960021972656 551.47998046875 419.480010986328 423.959991455078 378.200012207031 348.959991455078 320 326.839996337891 306.920013427734 301.720001220703
297.679992675781 312.200012207031 339.279998779297 356.559997558594 339.040008544922 323.119995117188 310.160003662109 278.200012207031 268.760009765625 296.119995117188 330.399993896484 348.040008544922 351.640014648438 366.079986572266 367.399993896484 387 392.519989013672 360.600006103516 322.079986572266 336.760009765625 354.959991455078 370.480010986328 379.519989013672 351.640014648438 350.600006103516 369.600006103516 394.320007324219 433.720001220703 431.880004882812 414.440002441406 416.320007324219 392.640014648438 402.119995117188 422 437.440002441406 436.519989013672 437.880004882812 474.200012207031 497.359985351562 529.559997558594 526.52001953125 484.079986572266 490 463.760009765625 456.640014648438 348.600006103516 326.519989013672 301.959991455078 327.079986572266
316.200012207031 330.480010986328 353 355.720001220703 337.359985351562 308.320007324219 279.480010986328 282.839996337891 290.720001220703 301.320007324219 306.720001220703 321.440002441406 334.079986572266 352.679992675781 349.799987792969 367.119995117188 357.559997558594 333.959991455078 306.079986572266 333.119995117188 337.720001220703 363.720001220703 384.519989013672 355.559997558594 365.640014648438 380.920013427734 404.760009765625 415.079986572266 404.480010986328 417.600006103516 428.200012207031 418.440002441406 425.480010986328 441.359985351562 454.040008544922 463.079986572266 449.399993896484 473.320007324219 533.960021972656 550.760009765625 528.719970703125 532.799987792969 509.399993896484 480.320007324219 483.239990234375 410.760009765625 327.279998779297 353.640014648438 349.920013427734
324.079986572266 355.399993896484 337.799987792969 323.519989013672 316.320007324219 313.200012207031 270.119995117188 260.320007324219 265.040008544922 276.200012207031 287.200012207031 309.440002441406 329.160003662109 319.040008544922 332.519989013672 342.279998779297 332.720001220703 309.440002441406 310.200012207031 324.119995117188 338.079986572266 364.200012207031 387 366.959991455078 370.640014648438 393.480010986328 383.679992675781 388.119995117188 405.559997558594 400.559997558594 413.279998779297 412.720001220703 430.519989013672 460.480010986328 466.079986572266 482 459.799987792969 496.359985351562 581.880004882812 569.640014648438 557.200012207031 550.719970703125 499.920013427734 503.519989013672 478.799987792969 393.320007324219 339.760009765625 372.559997558594 383.880004882812
334.320007324219 335.519989013672 340.440002441406 329.399993896484 308.519989013672 290.640014648438 271.160003662109 241.559997558594 270.320007324219 284.880004882812 283.679992675781 295.440002441406 305.399993896484 305.920013427734 335.760009765625 337.480010986328 317.640014648438 289.079986572266 302.399993896484 318.600006103516 330.559997558594 356.119995117188 387.239990234375 380.880004882812 388.559997558594 390.880004882812 371.079986572266 385.519989013672 392.440002441406 382.359985351562 395.160003662109 406.959991455078 423.559997558594 455.519989013672 461.559997558594 490.880004882812 473.640014648438 540.320007324219 593.52001953125 582.320007324219 565.919982910156 528.640014648438 505.720001220703 522.039978027344 470.519989013672 399 354.239990234375 373.480010986328 416.119995117188
308.440002441406 289.959991455078 331.239990234375 363.799987792969 312.279998779297 277.200012207031 261.119995117188 241 251 264.160003662109 287 306.600006103516 291.640014648438 297.079986572266 326.399993896484 321.480010986328 294 286.559997558594 303.839996337891 373.279998779297 361.119995117188 346.320007324219 378.239990234375 406.119995117188 406.519989013672 377.399993896484 362.440002441406 370.720001220703 374.760009765625 381.239990234375 382.839996337891 428.040008544922 487.160003662109 448.040008544922 471.200012207031 492.440002441406 484.760009765625 564.039978027344 550.359985351562 566.880004882812 547.960021972656 528.47998046875 514.119995117188 526.200012207031 499.959991455078 437.279998779297 388.359985351562 382.559997558594 440.040008544922
270.959991455078 276.839996337891 303.359985351562 327.480010986328 307.320007324219 274.519989013672 244.839996337891 227.199996948242 253.119995117188 265.320007324219 272.760009765625 289.519989013672 279.480010986328 297.959991455078 319.839996337891 293.079986572266 281.119995117188 301.519989013672 316.440002441406 346.760009765625 393.320007324219 368.320007324219 375.799987792969 413.359985351562 396 388.239990234375 363.880004882812 349.679992675781 366.959991455078 377.160003662109 380.119995117188 482.440002441406 539.039978027344 485.760009765625 494.359985351562 484.440002441406 455 525.200012207031 532.679992675781 565.559997558594 553.760009765625 553.440002441406 525.400024414062 543.919982910156 558.679992675781 502.040008544922 424.880004882812 443.959991455078 481.119995117188
245.639999389648 260.320007324219 282.119995117188 280.160003662109 293.959991455078 285.160003662109 241.320007324219 222.240005493164 247.759994506836 244.160003662109 259.799987792969 277.920013427734 273.799987792969 301.320007324219 311.559997558594 290.920013427734 277.079986572266 307.920013427734 322.399993896484 373.399993896484 376 368.119995117188 362.040008544922 398.480010986328 395.040008544922 375.399993896484 362.200012207031 343.920013427734 360.920013427734 366.959991455078 424.679992675781 471.279998779297 521.440002441406 540.159973144531 460.679992675781 428.679992675781 422.640014648438 538.039978027344 524.640014648438 524.640014648438 557.359985351562 543.200012207031 527.200012207031 540.599975585938 553.159973144531 557 507.519989013672 506.720001220703 474.239990234375
226.080001831055 238.199996948242 253.720001220703 254.360000610352 255.279998779297 255.639999389648 237.759994506836 219.520004272461 225.240005493164 231.160003662109 242.360000610352 264.200012207031 279.160003662109 311.720001220703 301.519989013672 281.600006103516 281.920013427734 321.160003662109 325.959991455078 335.959991455078 329.079986572266 350.519989013672 348.119995117188 372.640014648438 380.519989013672 381.279998779297 352.799987792969 351.320007324219 371.079986572266 378.559997558594 399.920013427734 425.320007324219 446.679992675781 507.720001220703 442.239990234375 386.720001220703 413.559997558594 473.720001220703 461.239990234375 509.760009765625 562.840026855469 556.359985351562 546.919982910156 540.320007324219 547.280029296875 568.400024414062 569.239990234375 513.559997558594 489
207.160003662109 205.320007324219 235 234.440002441406 226.440002441406 254.240005493164 249 207.839996337891 219.240005493164 242 262.839996337891 266.399993896484 289.040008544922 315.359985351562 296.839996337891 271.679992675781 302.040008544922 320.519989013672 296.679992675781 306.359985351562 316.399993896484 336.440002441406 338.320007324219 350.239990234375 338.359985351562 338.079986572266 322.200012207031 352.920013427734 382.119995117188 383.079986572266 386.440002441406 381.760009765625 408.640014648438 495.440002441406 473.480010986328 376.839996337891 454.839996337891 416.839996337891 434.839996337891 513.47998046875 558.760009765625 572.640014648438 562.679992675781 558.440002441406 603.200012207031 585.359985351562 608 542.880004882812 501.720001220703
202.119995117188 200.080001831055 222.679992675781 212.880004882812 214.839996337891 240.240005493164 233.399993896484 213.039993286133 225.559997558594 251.759994506836 262 290.119995117188 306.399993896484 319.440002441406 301.600006103516 263.160003662109 285.559997558594 279.440002441406 315.959991455078 317.399993896484 323.880004882812 316.959991455078 314.480010986328 330.920013427734 318.600006103516 311.480010986328 322.440002441406 339.279998779297 356.359985351562 368.160003662109 367.679992675781 363.640014648438 383.679992675781 429.799987792969 397.799987792969 439.720001220703 462.799987792969 401.359985351562 443.600006103516 476.200012207031 499.279998779297 555.239990234375 572.239990234375 559.280029296875 565.559997558594 571.159973144531 596.320007324219 575.679992675781 516.320007324219
171.360000610352 187.639999389648 215.960006713867 202.600006103516 199.399993896484 206.800003051758 198.520004272461 194.520004272461 207.080001831055 227.679992675781 253.720001220703 278.200012207031 290.679992675781 307.720001220703 279.519989013672 253.440002441406 304.359985351562 267.480010986328 322.880004882812 296.399993896484 299.320007324219 301.559997558594 296.160003662109 301.519989013672 295 295.720001220703 305.679992675781 323.519989013672 340.320007324219 347 351.119995117188 362.559997558594 377.279998779297 369.040008544922 370.119995117188 463.440002441406 477.160003662109 410.399993896484 419.119995117188 430.559997558594 477.559997558594 560.919982910156 569.840026855469 546.039978027344 539 514.200012207031 523.440002441406 543.47998046875 545.320007324219
