Scripts_&_data/B6_all_seraphim_analyses/Environmental_files/LASV_rasters/Elevation_all_0.04.asc
NCOLS 816 
NROWS 336 
XLLCORNER -17.0000652 
YLLCORNER 1.9999752 
CELLSIZE 0.04166665 
NODATA_value -9999 
[rows 154 to 175 of 336, columns 490 to 538 of 816]
355.200012207031 350.720001220703 334.720001220703 330.399993896484 329.239990234375 318.839996337891 298.559997558594 318.760009765625 322.399993896484 342.799987792969 363.440002441406 374.679992675781 351.279998779297 365.519989013672 354.920013427734 322.359985351562 293.359985351562 316.679992675781 306.519989013672 276.959991455078 257.399993896484 242.279998779297 217.320007324219 184.839996337891 174.360000610352 149.720001220703 125.360000610352 123.160003662109 213.039993286133 251.119995117188 276.600006103516 247.080001831055 259.959991455078 224.240005493164 167.720001220703 191.679992675781 216.639999389648 188.399993896484 151.360000610352 143.199996948242 167.320007324219 147.559997558594 153.800003051758 160.720001220703 182.360000610352 194.160003662109 204.960006713867 216.240005493164 213.080001831055
359.399993896484 348.239990234375 372.799987792969 360.359985351562 349.559997558594 336.880004882812 322.040008544922 325.440002441406 344.200012207031 370.160003662109 363.320007324219 370.760009765625 382.839996337891 390.239990234375 366.880004882812 344.480010986328 325.640014648438 349.320007324219 329.839996337891 294.959991455078 267.040008544922 238.479995727539 220 225.360000610352 212.880004882812 184.520004272461 134.960006713867 115.160003662109 187.720001220703 245 279.200012207031 254.360000610352 228.160003662109 225.440002441406 176.479995727539 169.639999389648 206.960006713867 186.679992675781 146.080001831055 163.279998779297 156.119995117188 150.160003662109 158.240005493164 169.559997558594 174.720001220703 181.520004272461 189.479995727539 203.320007324219 199.639999389648
406.799987792969 382.679992675781 371.359985351562 390.760009765625 376 364.839996337891 355.679992675781 348.279998779297 347.679992675781 364.920013427734 345.679992675781 347.320007324219 369.279998779297 381.600006103516 366.399993896484 347.359985351562 348.119995117188 353.079986572266 336.600006103516 305.399993896484 270.799987792969 270.480010986328 258.920013427734 254.440002441406 225.440002441406 195.399993896484 156.679992675781 125.800003051758 130.279998779297 213 235.919998168945 214.839996337891 189.080001831055 209.600006103516 180.800003051758 155 168.080001831055 146.279998779297 168.199996948242 210.119995117188 211.440002441406 187.759994506836 174.119995117188 176.279998779297 173.559997558594 181.080001831055 185.679992675781 206.800003051758 206.919998168945
403.320007324219 387.720001220703 357.279998779297 371.679992675781 380.600006103516 363.279998779297 340.160003662109 331.600006103516 334.679992675781 355.519989013672 331.839996337891 332.279998779297 375.200012207031 360.279998779297 349.239990234375 333.160003662109 325.640014648438 321.160003662109 301.920013427734 320.480010986328 312.959991455078 316.119995117188 292.279998779297 254.559997558594 246.080001831055 216.919998168945 188.960006713867 155.720001220703 111.680000305176 166.559997558594 215.600006103516 238.800003051758 199.639999389648 169.399993896484 174.440002441406 133.759994506836 145.960006713867 169.440002441406 200.440002441406 195.240005493164 190.320007324219 191.720001220703 173.119995117188 167.279998779297 160.240005493164 165.440002441406 193 202.039993286133 216.240005493164
385.760009765625 372.679992675781 349.480010986328 339.799987792969 350.559997558594 353.160003662109 338.440002441406 331.440002441406 324.600006103516 346.399993896484 321.239990234375 337.760009765625 383.559997558594 357.559997558594 348.519989013672 345.760009765625 340 326.799987792969 320.399993896484 289 295.679992675781 295.440002441406 266.160003662109 233.119995117188 232.240005493164 221.240005493164 196.199996948242 157.440002441406 107.120002746582 126.559997558594 167.639999389648 191.600006103516 165.559997558594 125.959999084473 128.320007324219 174.039993286133 203.320007324219 215.559997558594 210.399993896484 174.800003051758 184.279998779297 199.520004272461 172.960006713867 152.440002441406 150.199996948242 185.919998168945 178.559997558594 198.199996948242 216.320007324219
380.640014648438 360.760009765625 359.519989013672 356.640014648438 332.359985351562 330.040008544922 325.640014648438 320.160003662109 316.600006103516 321.239990234375 317.279998779297 334.519989013672 361.399993896484 344.239990234375 331.119995117188 343.480010986328 325.279998779297 308.880004882812 296.200012207031 280.239990234375 263.040008544922 237.600006103516 223.839996337891 215.320007324219 199.440002441406 199.919998168945 188.320007324219 151.919998168945 112.559997558594 118.120002746582 125.519996643066 151.119995117188 119.559997558594 134.360000610352 174.080001831055 205.919998168945 239.679992675781 236.880004882812 186.720001220703 172.720001220703 191.279998779297 192.160003662109 161.119995117188 131.600006103516 154.240005493164 154.759994506836 172.559997558594 196.440002441406 193.720001220703
384.440002441406 387.679992675781 382 367.320007324219 363.359985351562 354.559997558594 343.839996337891 344 345.079986572266 331.600006103516 308.359985351562 325.760009765625 335.519989013672 320.760009765625 312.559997558594 316.440002441406 292.480010986328 290.160003662109 280.079986572266 290.399993896484 286.399993896484 291.079986572266 238.440002441406 233.639999389648 198.880004882812 170.119995117188 149.839996337891 146.080001831055 117.720001220703 108.400001525879 110.199996948242 109.440002441406 110.279998779297 170.199996948242 211.880004882812 203.759994506836 211.880004882812 203.600006103516 186.559997558594 162.080001831055 201.440002441406 171.559997558594 155.279998779297 135.360000610352 147.800003051758 151 187.279998779297 182.199996948242 177.240005493164
360.640014648438 388.559997558594 387.799987792969 380.079986572266 365.519989013672 347.119995117188 349.880004882812 353.480010986328 344.519989013672 356.959991455078 318.920013427734 305.920013427734 311.920013427734 299.760009765625 289.519989013672 313.720001220703 285.320007324219 284 304.959991455078 330.440002441406 322.640014648438 295.320007324219 252.240005493164 220 221.520004272461 178.039993286133 168.399993896484 161.399993896484 149.639999389648 128.759994506836 109.199996948242 102.199996948242 106.279998779297 138.199996948242 171.279998779297 145.759994506836 153.559997558594 169.759994506836 173.279998779297 158 197.919998168945 164.600006103516 140.960006713867 129.880004882812 129.240005493164 162.320007324219 183.759994506836 166.199996948242 165.919998168945
340.200012207031 371.320007324219 363.640014648438 369 358.760009765625 351.760009765625 335.079986572266 324.760009765625 312.040008544922 325.839996337891 308.559997558594 309.760009765625 296.559997558594 296.519989013672 298.519989013672 301.559997558594 305.720001220703 307.640014648438 306.480010986328 343.200012207031 317.079986572266 287.600006103516 247.839996337891 229.360000610352 220.800003051758 181.160003662109 194.919998168945 202.880004882812 174.520004272461 170.880004882812 133.320007324219 105.919998168945 123.160003662109 152.320007324219 130.360000610352 93.8399963378906 82 91.0800018310547 116.23999786377 136.720001220703 154.600006103516 159.279998779297 120.680000305176 138.199996948242 149.960006713867 174.600006103516 153.839996337891 146.119995117188 154.320007324219
346.519989013672 336.160003662109 328.640014648438 331.959991455078 335 326.679992675781 325.600006103516 324.359985351562 330.399993896484 335.880004882812 317.600006103516 339.760009765625 317.920013427734 325.920013427734 304.359985351562 322.880004882812 344.239990234375 350.959991455078 339.559997558594 346.799987792969 347.040008544922 291.200012207031 258.959991455078 239.520004272461 220.160003662109 203.279998779297 222.119995117188 240.919998168945 213.559997558594 176.360000610352 138.559997558594 110.120002746582 143.199996948242 143.679992675781 102.480003356934 75.6399993896484 75.120002746582 76.8000030517578 75.1999969482422 75.0400009155273 91.3600006103516 130.919998168945 120.080001831055 157.199996948242 169.720001220703 159.839996337891 125.879997253418 122.440002441406 129.960006713867
384.959991455078 356.760009765625 337.559997558594 346.920013427734 345.399993896484 329.760009765625 334.760009765625 330.440002441406 341 346.040008544922 334.640014648438 359.880004882812 349 326.440002441406 315.480010986328 342.440002441406 371.320007324219 391.160003662109 395.480010986328 367.959991455078 324.839996337891 288.079986572266 277.160003662109 247.399993896484 225.839996337891 240.520004272461 252.559997558594 265.040008544922 236.639999389648 199.880004882812 188.199996948242 136.279998779297 108.559997558594 89.7600021362305 80.5599975585938 76.2799987792969 75 76.9199981689453 76.9199981689453 74.2399978637695 72.1999969482422 72.3600006103516 80.1600036621094 93.0800018310547 125.519996643066 138.199996948242 115.800003051758 127.279998779297 155.080001831055
382.559997558594 362.279998779297 369.519989013672 379.040008544922 371.239990234375 346.399993896484 350.600006103516 378.320007324219 355.760009765625 360.920013427734 364.239990234375 386.640014648438 356.600006103516 323.040008544922 326.799987792969 323.480010986328 363.519989013672 422.119995117188 422.200012207031 399.600006103516 368.200012207031 328.720001220703 275.839996337891 283.720001220703 261.359985351562 280.239990234375 281.640014648438 261.119995117188 231.360000610352 223.880004882812 207.679992675781 137.279998779297 164.080001831055 205.160003662109 122.400001525879 88.9599990844727 80.4400024414062 78.5199966430664 77.8399963378906 72.4000015258789 72.3600006103516 71.6800003051758 72.0800018310547 74.8000030517578 79.879997253418 100 120.199996948242 155 154.320007324219
398.239990234375 387.079986572266 398.559997558594 369.279998779297 351.920013427734 361.239990234375 371.279998779297 389.200012207031 375.239990234375 400.760009765625 382 366.640014648438 344.040008544922 349.279998779297 353.279998779297 319.359985351562 369.239990234375 415.079986572266 425.399993896484 400.119995117188 378.799987792969 327.119995117188 278.640014648438 323.119995117188 305 312.239990234375 285.959991455078 265.600006103516 232.080001831055 192.600006103516 172.880004882812 160.279998779297 159.440002441406 176.080001831055 131.479995727539 100 105.839996337891 99.5199966430664 92.6800003051758 92.0800018310547 77.0800018310547 69.3199996948242 70.1600036621094 72 68.6399993896484 69.4000015258789 78.879997253418 90.8399963378906 93.3600006103516
428.640014648438 400.440002441406 394.839996337891 367.239990234375 372.559997558594 376.839996337891 382.880004882812 415.200012207031 413.320007324219 420.839996337891 396 374.160003662109 373.239990234375 359.279998779297 337.320007324219 328.799987792969 372.959991455078 399.160003662109 428.079986572266 415.679992675781 392.799987792969 325.959991455078 296.399993896484 326.640014648438 334.200012207031 333.440002441406 295.839996337891 280.600006103516 216.320007324219 189.600006103516 226.679992675781 213.600006103516 184.800003051758 182.800003051758 126.559997558594 121.959999084473 161.039993286133 139.679992675781 169.759994506836 159 132.960006713867 102.480003356934 85.2799987792969 73.4800033569336 69.8000030517578 68.5999984741211 68.5599975585938 67.2799987792969 66.1600036621094
410.720001220703 387.559997558594 369.279998779297 380.679992675781 382.799987792969 396.839996337891 384.519989013672 425.720001220703 446.959991455078 410.760009765625 398.279998779297 385.559997558594 368.040008544922 365.399993896484 349.320007324219 325.880004882812 358.320007324219 378.519989013672 416.160003662109 402.079986572266 384.440002441406 341.440002441406 300.720001220703 297 328 288.959991455078 248 226.600006103516 206.240005493164 220.679992675781 237.119995117188 241.240005493164 189.919998168945 162.639999389648 155.119995117188 169.240005493164 184.440002441406 165.800003051758 186.160003662109 202.320007324219 192.080001831055 156.479995727539 149.279998779297 122.120002746582 78.4800033569336 71 67.7600021362305 66.9199981689453 64.8000030517578
401.519989013672 390.200012207031 387.720001220703 392.839996337891 403.239990234375 420.839996337891 407.559997558594 448.440002441406 445.079986572266 425 413.119995117188 390.160003662109 375.279998779297 384.279998779297 368.640014648438 336.160003662109 361.880004882812 386.399993896484 414.480010986328 385.600006103516 357.920013427734 333.600006103516 278.239990234375 269.760009765625 303.559997558594 251.600006103516 243.520004272461 225.479995727539 227.800003051758 260.959991455078 249.759994506836 204.639999389648 174.320007324219 176.080001831055 211.399993896484 230.399993896484 208.919998168945 209.839996337891 231.800003051758 224.960006713867 212.720001220703 196.479995727539 167.240005493164 108.680000305176 112.519996643066 77.120002746582 70.1999969482422 70.4800033569336 68.120002746582
392.519989013672 418.359985351562 401.880004882812 439.760009765625 441 410.839996337891 401.399993896484 462.440002441406 433.720001220703 433.920013427734 428.799987792969 402.399993896484 412.200012207031 408.640014648438 395.079986572266 361.519989013672 408.679992675781 424.320007324219 428.519989013672 410.440002441406 358.559997558594 334.440002441406 324.559997558594 298.079986572266 274.320007324219 265.279998779297 249.839996337891 228.960006713867 252 280.359985351562 294.519989013672 231.240005493164 183.479995727539 199.800003051758 272 311.200012207031 283.079986572266 245.600006103516 225.880004882812 197.839996337891 188.199996948242 149.240005493164 112.519996643066 120.559997558594 141.639999389648 129.759994506836 82.1600036621094 73.3199996948242 74.6800003051758
415.880004882812 421.119995117188 414.359985351562 455.399993896484 433.679992675781 399.239990234375 379.239990234375 429.440002441406 402.799987792969 408.920013427734 445.799987792969 419.720001220703 440.880004882812 424 379.679992675781 385.559997558594 393.760009765625 432.440002441406 406.839996337891 389.760009765625 386.320007324219 376.720001220703 359.679992675781 310.160003662109 278.200012207031 252.080001831055 264.600006103516 255.559997558594 246.960006713867 280.160003662109 298.200012207031 254.199996948242 209.039993286133 189.199996948242 235.119995117188 303.279998779297 328.839996337891 285.959991455078 233.759994506836 176.160003662109 130.399993896484 124.959999084473 154.199996948242 155.160003662109 174.720001220703 172.919998168945 138.759994506836 111.199996948242 83.0800018310547
449.799987792969 436.040008544922 437.480010986328 437.160003662109 432.079986572266 404.160003662109 371.040008544922 387.839996337891 384.880004882812 423.399993896484 434.119995117188 444.399993896484 433.679992675781 406.679992675781 391.839996337891 419.519989013672 430.679992675781 424.320007324219 417.799987792969 359.399993896484 358.320007324219 367.440002441406 324.679992675781 276.799987792969 284.679992675781 277.239990234375 302.359985351562 283.399993896484 259.799987792969 298.760009765625 266.119995117188 230.639999389648 211.720001220703 200.360000610352 225.119995117188 256.279998779297 313.640014648438 273.559997558594 222.199996948242 170.880004882812 153.279998779297 172.600006103516 198.919998168945 196.759994506836 217.080001831055 193.559997558594 161 113.279998779297 104.879997253418
448.440002441406 417.239990234375 400.600006103516 406.760009765625 432.160003662109 379.320007324219 356.799987792969 370.399993896484 388.119995117188 426.760009765625 407.959991455078 414.279998779297 438.200012207031 444.600006103516 409.959991455078 436.880004882812 410.359985351562 371.920013427734 371.920013427734 338.519989013672 321.320007324219 335.279998779297 295.359985351562 281.320007324219 328.279998779297 309.480010986328 290.799987792969 273.559997558594 270.160003662109 287.760009765625 266.320007324219 254.800003051758 249.600006103516 236.320007324219 223.759994506836 251.039993286133 267.160003662109 243.199996948242 191.600006103516 157.839996337891 180.320007324219 233.199996948242 230.479995727539 254.800003051758 235.639999389648 195.479995727539 140.960006713867 108.040000915527 142.320007324219
427.679992675781 407.760009765625 390.279998779297 381.160003662109 400.920013427734 351.640014648438 369.200012207031 387.880004882812 389.079986572266 411.200012207031 393.720001220703 426 443.519989013672 461.359985351562 428.480010986328 417 390.760009765625 369.640014648438 334.440002441406 321.399993896484 296.799987792969 300.359985351562 274.279998779297 308.320007324219 351.079986572266 318.839996337891 283.320007324219 260.359985351562 305.519989013672 304.399993896484 327.920013427734 299.519989013672 288.519989013672 283.079986572266 254.600006103516 300.440002441406 239.479995727539 224.479995727539 196.839996337891 170.160003662109 191.559997558594 240.320007324219 291.720001220703 251.360000610352 195.080001831055 162.320007324219 143.160003662109 147.399993896484 169.559997558594
409.119995117188 396.880004882812 365.640014648438 356.959991455078 368.040008544922 351.440002441406 377.880004882812 370.679992675781 369.119995117188 388.359985351562 404.600006103516 420.559997558594 437.720001220703 456.880004882812 419.279998779297 367.679992675781 359.320007324219 350.399993896484 343.959991455078 312 304.440002441406 293.600006103516 302.760009765625 327.399993896484 344 337.320007324219 318.720001220703 272.880004882812 314.799987792969 323.200012207031 351.679992675781 335.399993896484 300.600006103516 264.880004882812 312.959991455078 312 219.279998779297 202.600006103516 182.759994506836 181.759994506836 218.080001831055 240.880004882812 248.720001220703 219.360000610352 183.479995727539 154 149.119995117188 179.320007324219 169.080001831055
