Scripts_&_data/B6_all_seraphim_analyses/Environmental_files/LASV_rasters/Elevation_NGA_0.04.asc
NCOLS 408 
NROWS 336 
XLLCORNER -7.19999999887477e-05 
YLLCORNER 1.9999752 
CELLSIZE 0.04166665 
NODATA_value -2147483647 
[rows 160 to 191 of 336, columns 73 to 145 of 408]
387.84 415.56 399.2 377.12 366.92 391.24 378.12 386.4 367.16 384.44 387.68 382 367.32 363.36 354.56 343.84 344 345.08 331.6 308.36 325.76 335.52 320.76 312.56 316.44 292.48 290.16 280.08 290.4 286.4 291.08 238.44 233.64 198.88 170.12 149.84 146.08 117.72 108.4 110.2 109.44 110.28 170.2 211.88 203.76 211.88 203.6 186.56 162.08 201.44 171.56 155.28 135.36 147.8 151 187.28 182.2 177.24 190.4 216.64 192.92 161.28 148.24 130.56 141.68 155.64 144.48 85.4 104.52 137.36 162.44 150 131.24
380.88 406.2 412.76 396.64 363.56 359.08 358.6 367.56 363.72 360.64 388.56 387.8 380.08 365.52 347.12 349.88 353.48 344.52 356.96 318.92 305.92 311.92 299.76 289.52 313.72 285.32 284 304.96 330.44 322.64 295.32 252.24 220 221.52 178.04 168.4 161.4 149.64 128.76 109.2 102.2 106.28 138.2 171.28 145.76 153.56 169.76 173.28 158 197.92 164.6 140.96 129.88 129.24 162.32 183.76 166.2 165.92 188.24 206.56 232.16 187.96 162.88 155.44 134.24 121 114.24 83.96 123.72 127.76 142.2 131 136.76
377.16 390.48 406.2 385 382.48 371.88 371.52 352.44 349.2 340.2 371.32 363.64 369 358.76 351.76 335.08 324.76 312.04 325.84 308.56 309.76 296.56 296.52 298.52 301.56 305.72 307.64 306.48 343.2 317.08 287.6 247.84 229.36 220.8 181.16 194.92 202.88 174.52 170.88 133.32 105.92 123.16 152.32 130.36 93.84 82 91.08 116.24 136.72 154.6 159.28 120.68 138.2 149.96 174.6 153.84 146.12 154.32 184.12 203.16 254.6 235.04 176.92 156.24 130.72 118.08 92.2 89.48 108.8 142.08 155.36 133.48 111.72
377 402.4 416 410.76 385.2 399.76 414.56 405.28 353.8 346.52 336.16 328.64 331.96 335 326.68 325.6 324.36 330.4 335.88 317.6 339.76 317.92 325.92 304.36 322.88 344.24 350.96 339.56 346.8 347.04 291.2 258.96 239.52 220.16 203.28 222.12 240.92 213.56 176.36 138.56 110.12 143.2 143.68 102.48 75.64 75.12 76.8 75.2 75.04 91.36 130.92 120.08 157.2 169.72 159.84 125.88 122.44 129.96 165.88 220.56 260.2 204.76 190.72 164.88 149.72 149.36 106.96 89 142.76 151.12 170.32 132.72 122.04
412.48 412.04 433.8 413.08 409.72 426.8 410.04 392.32 348.4 384.96 356.76 337.56 346.92 345.4 329.76 334.76 330.44 341 346.04 334.64 359.88 349 326.44 315.48 342.44 371.32 391.16 395.48 367.96 324.84 288.08 277.16 247.4 225.84 240.52 252.56 265.04 236.64 199.88 188.2 136.28 108.56 89.76 80.56 76.28 75 76.92 76.92 74.24 72.2 72.36 80.16 93.08 125.52 138.2 115.8 127.28 155.08 185.24 218.32 203.68 226.6 248.64 242.36 180.44 127.68 101.44 80.44 120.12 145.04 159.88 141.68 131.2
398.84 426.48 439.12 427.52 423.16 418 387.4 357.76 368.84 382.56 362.28 369.52 379.04 371.24 346.4 350.6 378.32 355.76 360.92 364.24 386.64 356.6 323.04 326.8 323.48 363.52 422.12 422.2 399.6 368.2 328.72 275.84 283.72 261.36 280.24 281.64 261.12 231.36 223.88 207.68 137.28 164.08 205.16 122.4 88.96 80.44 78.52 77.84 72.4 72.36 71.68 72.08 74.8 79.88 100 120.2 155 154.32 181.16 213.32 147.04 190.56 240.32 271.08 219.96 168.2 97.52 88.48 149.64 171.52 162.88 121.04 110.2
392.76 402.92 419.44 430.2 395.96 388.88 370.44 370.16 378.32 398.24 387.08 398.56 369.28 351.92 361.24 371.28 389.2 375.24 400.76 382 366.64 344.04 349.28 353.28 319.36 369.24 415.08 425.4 400.12 378.8 327.12 278.64 323.12 305 312.24 285.96 265.6 232.08 192.6 172.88 160.28 159.44 176.08 131.48 100 105.84 99.52 92.68 92.08 77.08 69.32 70.16 72 68.64 69.4 78.88 90.84 93.36 121.52 160.12 134.92 171.56 210.44 262.32 185.88 126.52 78.2 115.12 176.76 158.12 176.24 141.68 111.44
380.28 412.08 420.4 399.04 415.68 395.52 393.2 396.08 410.32 428.64 400.44 394.84 367.24 372.56 376.84 382.88 415.2 413.32 420.84 396 374.16 373.24 359.28 337.32 328.8 372.96 399.16 428.08 415.68 392.8 325.96 296.4 326.64 334.2 333.44 295.84 280.6 216.32 189.6 226.68 213.6 184.8 182.8 126.56 121.96 161.04 139.68 169.76 159 132.96 102.48 85.28 73.48 69.8 68.6 68.56 67.28 66.16 69.04 117.76 129.88 157.48 193.44 225.4 237.88 149.2 85.96 133.2 163.56 210.68 185.4 143.24 115.56
398.6 425.76 386.6 374.68 400.12 398.6 408.92 420.28 440.08 410.72 387.56 369.28 380.68 382.8 396.84 384.52 425.72 446.96 410.76 398.28 385.56 368.04 365.4 349.32 325.88 358.32 378.52 416.16 402.08 384.44 341.44 300.72 297 328 288.96 248 226.6 206.24 220.68 237.12 241.24 189.92 162.64 155.12 169.24 184.44 165.8 186.16 202.32 192.08 156.48 149.28 122.12 78.48 71 67.76 66.92 64.8 64.04 65.88 68.6 86 99.56 132.2 147.6 142 96.36 71 93.4 154.16 151.88 129.28 106.8
397.6 402.6 363.92 359.56 371.16 365.16 403.16 427.28 420.24 401.52 390.2 387.72 392.84 403.24 420.84 407.56 448.44 445.08 425 413.12 390.16 375.28 384.28 368.64 336.16 361.88 386.4 414.48 385.6 357.92 333.6 278.24 269.76 303.56 251.6 243.52 225.48 227.8 260.96 249.76 204.64 174.32 176.08 211.4 230.4 208.92 209.84 231.8 224.96 212.72 196.48 167.24 108.68 112.52 77.12 70.2 70.48 68.12 65.8 63.44 63.4 62.64 64.4 66.92 71.48 77.4 92 81.96 67.44 131.24 131.96 109.84 116.4
384.76 384.04 357.04 342.24 348.64 365.6 407.48 436.56 408.36 392.52 418.36 401.88 439.76 441 410.84 401.4 462.44 433.72 433.92 428.8 402.4 412.2 408.64 395.08 361.52 408.68 424.32 428.52 410.44 358.56 334.44 324.56 298.08 274.32 265.28 249.84 228.96 252 280.36 294.52 231.24 183.48 199.8 272 311.2 283.08 245.6 225.88 197.84 188.2 149.24 112.52 120.56 141.64 129.76 82.16 73.32 74.68 71.84 67.76 63 63.92 60.56 59.88 61.04 64.4 65.08 64.68 65.08 64.12 71.44 81.28 75.84
357.28 356.16 341.68 353.96 376.32 384.92 404.96 415.76 424.48 415.88 421.12 414.36 455.4 433.68 399.24 379.24 429.44 402.8 408.92 445.8 419.72 440.88 424 379.68 385.56 393.76 432.44 406.84 389.76 386.32 376.72 359.68 310.16 278.2 252.08 264.6 255.56 246.96 280.16 298.2 254.2 209.04 189.2 235.12 303.28 328.84 285.96 233.76 176.16 130.4 124.96 154.2 155.16 174.72 172.92 138.76 111.2 83.08 83.04 71 64.92 62.24 61.48 59.16 58.08 60.92 63.04 62.44 63.4 63.8 62.88 64.6 63.2
353.72 336.72 328.04 340.28 378.32 377.4 387.76 415.96 432.8 449.8 436.04 437.48 437.16 432.08 404.16 371.04 387.84 384.88 423.4 434.12 444.4 433.68 406.68 391.84 419.52 430.68 424.32 417.8 359.4 358.32 367.44 324.68 276.8 284.68 277.24 302.36 283.4 259.8 298.76 266.12 230.64 211.72 200.36 225.12 256.28 313.64 273.56 222.2 170.88 153.28 172.6 198.92 196.76 217.08 193.56 161 113.28 104.88 144.2 109.84 81.76 65.68 62.4 62.36 59.88 60.52 62.44 60.16 57.96 60.48 61.12 59.12 56.32
337.08 322.2 339.92 354.48 362.68 372.76 400.88 402.76 441.6 448.44 417.24 400.6 406.76 432.16 379.32 356.8 370.4 388.12 426.76 407.96 414.28 438.2 444.6 409.96 436.88 410.36 371.92 371.92 338.52 321.32 335.28 295.36 281.32 328.28 309.48 290.8 273.56 270.16 287.76 266.32 254.8 249.6 236.32 223.76 251.04 267.16 243.2 191.6 157.84 180.32 233.2 230.48 254.8 235.64 195.48 140.96 108.04 142.32 177.44 153.48 131.48 107.96 96.16 71.52 61.76 58.6 61 61.48 58.48 59.68 58.4 58.6 56.4
315.64 327.96 343.12 355.72 386.96 391.4 386.12 406.28 420.36 427.68 407.76 390.28 381.16 400.92 351.64 369.2 387.88 389.08 411.2 393.72 426 443.52 461.36 428.48 417 390.76 369.64 334.44 321.4 296.8 300.36 274.28 308.32 351.08 318.84 283.32 260.36 305.52 304.4 327.92 299.52 288.52 283.08 254.6 300.44 239.48 224.48 196.84 170.16 191.56 240.32 291.72 251.36 195.08 162.32 143.16 147.4 169.56 202.52 162.4 156.64 131.64 144.36 118.68 104.32 89.8 73.6 68.52 65.36 73.16 99.4 146 79.96
355.56 337.16 341.84 371.72 391 377.72 371.6 386.16 453.36 409.12 396.88 365.64 356.96 368.04 351.44 377.88 370.68 369.12 388.36 404.6 420.56 437.72 456.88 419.28 367.68 359.32 350.4 343.96 312 304.44 293.6 302.76 327.4 344 337.32 318.72 272.88 314.8 323.2 351.68 335.4 300.6 264.88 312.96 312 219.28 202.6 182.76 181.76 218.08 240.88 248.72 219.36 183.48 154 149.12 179.32 169.08 213 192.4 156.92 165.64 168.6 133.68 130.68 136.68 122.76 120.28 124.6 119.64 135.36 177.72 123.76
384.48 359.4 357.4 372.28 382.36 356.32 354.56 359.64 467.44 464.36 426.92 386.52 365.84 348.84 338.88 344.2 351.76 377.2 379.88 399.64 403.4 437.2 459.04 414.48 367.28 349.92 326.56 319.44 307.44 331.28 306.76 346.48 347.12 322.88 308.08 301.28 274.28 293.68 306.12 344.96 347.56 275.6 334.92 330.64 276.64 227 208.88 211.28 234.56 255.68 258.28 221.28 195.72 166.76 171.8 175 216.44 216.68 248.96 249.2 197.04 190.24 168.4 159.04 162.04 175.76 160.48 127.28 116.24 108.36 105.04 130.72 133.12
380.12 377.6 386.44 368.88 375.28 368.6 349.8 337.76 429.64 480.84 423.48 399.2 388.84 379.96 376.24 331.64 344.08 367.72 369.44 388.32 395.72 419.76 433.72 422.92 381.8 368.76 341.92 320.48 327.92 308.16 317.2 336.36 361.48 335.56 325.4 314.16 275.4 288.88 309.36 340.08 358.76 300.92 365.12 315.24 262.72 239.08 250.76 264.8 296.32 300.72 281.24 248.32 204.24 165.32 217.24 215.24 227.52 293.72 286.6 291.56 255.24 230.6 218.36 200.32 189.28 157.08 143.28 122.84 118.76 111.44 102.4 89.8 85.96
376.96 349.28 366.84 352.52 371.24 348 384.84 328.6 363.24 432.92 413.16 400.96 383.2 392.28 362 347.6 332.36 357.72 363.24 370.52 393.2 396.8 425.96 433.6 396.24 348.56 337.16 336.08 326.56 309.36 335.04 352.24 343.88 314.16 295.2 299.4 282.52 307.8 350.36 342.16 381.48 341.84 338.56 287.44 285.88 253.36 302.72 308.8 369.08 333.2 265.8 246.36 218.84 175 215.24 229.88 215.2 249.24 284.92 287.92 245.84 237.96 231.72 215.32 203.96 155.96 149.44 140.88 132.16 142.68 141.96 127.32 111.56
358.92 321.92 337.32 371.48 371.32 345.56 353.92 322.68 342.48 352.84 370.04 395.32 374.72 401.68 372.6 348.2 329.16 342.04 350.96 367.52 386.96 373.88 408.52 423.96 402.6 362.88 346.68 342.12 335.8 325.2 346.28 367.88 354.88 314.16 307.52 309.6 286.68 298.8 331.04 369.84 358.6 349.84 321.84 329.16 338 261.24 299.36 278.32 295.6 269.6 244.64 220.12 196.76 201.64 238.88 251.04 238.8 234.12 263.96 273.56 239.64 209.4 195.28 178.68 178.8 188.92 189.92 156.4 183.68 163.08 164.32 173.48 141.32
348.52 310.84 356.72 375.16 365.36 353.28 322.16 323.48 337.32 336.56 365.44 395 366.96 388.72 377.88 358.28 347.36 321.68 335.04 363.24 359.4 369.44 398.36 395.92 395.12 366.6 354.52 355.32 337.48 344.44 362.44 348.8 343.56 306.84 324.8 323.6 296.12 336.4 318.56 346.88 376.92 342.4 350.28 400.92 327.48 280.08 310.24 313.04 269.84 264.2 353.36 308.28 195.76 226.92 265.4 277 268.4 268.32 290.44 253.08 249.48 219.52 186.72 184.32 186.52 220.6 193.76 170.4 199.04 193.6 231.24 179 162.6
307.32 302.2 337.28 369.32 364.16 348.84 313.4 327.76 315.32 346.96 363.8 375.6 357 369.56 392.92 377.92 355.4 318.32 332.24 351.64 337.8 350.4 371.08 385.96 399.88 388.48 372.4 354 353.4 368.28 346.4 331.68 323.6 322.88 330.36 321.92 313.84 358.28 350.36 353.48 392.04 351.72 387.16 431.84 347.44 309.44 341.4 342.04 313.68 305.2 390.16 381.4 224.84 216.04 245.56 266.6 292.88 312.56 281.08 245.4 217.28 199.12 191.2 233.52 206.92 225.44 206.88 180.88 212.08 217.56 195.56 196 184.32
280.24 315 343.12 368.72 345.96 341.2 301.8 301.76 327.88 353.16 372 364.04 343.16 345.08 374.16 371.72 366.88 322.08 314.04 317.88 325.16 346.64 382.2 407.8 390.96 401.56 393.08 377.12 374.24 354.84 344.08 348.04 346.64 355.92 340.12 317.96 316.08 351.76 337.8 358.52 396.04 364.16 364.04 397.64 369 347.72 363.96 379.2 386.56 405.68 474.28 359.6 252.92 242.72 223.52 249.08 287.32 298.52 269.12 237.68 213.4 220.68 195.92 223.28 249.44 235.28 226.36 206.48 202.44 220.68 222.36 238.72 213.04
297.92 325 335.04 365.84 340.08 325.28 304.72 306.92 307.52 319.4 363.72 383.52 362.6 331.16 341.92 342.92 349.52 317.96 299.68 324.76 333.08 337.2 377.6 391.72 381.24 403.12 415.6 393.32 376.8 364.36 360.16 362.08 363.28 370.76 352.24 317.56 332.08 352.96 332.12 354.24 394.44 386.76 369.44 377.24 377.64 370.64 392.16 399.72 434.52 520.4 452.68 295.16 272.2 282.8 241.56 253.72 311.04 312.12 294.92 258.6 237.96 247.6 207.08 218.72 252.68 264.36 270.24 233.76 213.76 217.4 233.28 257.6 256.28
304.16 347.24 373.48 399.32 342.96 296.96 279.28 293.12 295.6 314.72 338.44 343.84 364.6 352.68 331.04 313.44 310.28 313.8 304.08 320.52 332.68 344.48 378.32 370 389.88 413.24 403.6 395.56 369.52 381.4 384.6 378.4 371.84 353.16 330.72 327.32 371.04 370.36 343.44 372.04 385.32 399.2 376.16 393.56 416.6 415.16 419.68 445.68 474.92 533.2 416.36 293.2 346.04 320.2 262.52 274 268.48 312.36 277.56 262.84 263.64 273.04 224.2 216.36 257.12 289.56 297.04 257.12 228.96 226.08 255.48 263.36 263.12
305.76 345.12 365.28 390.04 353.6 287.08 264.24 277.68 304.6 318.76 301.84 323.52 360.24 356.44 346.08 331.36 294.04 291.96 308.48 329.4 354.08 361.52 358.04 362.8 389.4 403.72 387.76 361.4 352.96 366.4 396.68 383.88 359.08 335.32 328.32 374.88 421.96 426.76 363.36 376.68 389.36 400.76 383.52 414.44 436.8 451.16 444.04 456.2 491.6 554.44 377.92 369.4 361.16 314.6 280.2 312.04 277.6 308.76 287.76 278.64 301.56 287.64 236.64 219.16 251.64 271.36 360.88 290.04 262.6 238.96 265.2 284.64 351.16
285.04 334.8 353.76 389.52 329.76 278.72 250.72 287.6 297.32 293 300.36 326.12 357.48 344.76 321.72 310.8 282.08 275.28 301 313.28 334.04 344.52 347.88 356.24 368.96 386.52 383.48 342.84 330.8 352.64 376.6 389.36 356.04 334.48 355.08 388.56 441.48 436.16 388.88 392.48 384.52 405.64 398.56 410.68 422.96 441.88 463.36 467.56 537.96 551.48 419.48 423.96 378.2 348.96 320 326.84 306.92 301.72 312.64 344.56 351.88 307.96 230.68 226.92 233.8 243 307.84 315.36 294.76 258.76 286.48 304.52 352.12
291.24 315.92 349.52 374.28 334.84 252.88 255.04 271.68 292.12 297.68 312.2 339.28 356.56 339.04 323.12 310.16 278.2 268.76 296.12 330.4 348.04 351.64 366.08 367.4 387 392.52 360.6 322.08 336.76 354.96 370.48 379.52 351.64 350.6 369.6 394.32 433.72 431.88 414.44 416.32 392.64 402.12 422 437.44 436.52 437.88 474.2 497.36 529.56 526.52 484.08 490 463.76 456.64 348.6 326.52 301.96 327.08 366.04 370.84 338.96 248.4 257.88 280.52 268.52 290.6 262.92 271.88 309.32 270.76 292.24 315.08 344.56
280.48 324.4 329.84 313.4 293.4 247.56 249.36 287.24 297.08 316.2 330.48 353 355.72 337.36 308.32 279.48 282.84 290.72 301.32 306.72 321.44 334.08 352.68 349.8 367.12 357.56 333.96 306.08 333.12 337.72 363.72 384.52 355.56 365.64 380.92 404.76 415.08 404.48 417.6 428.2 418.44 425.48 441.36 454.04 463.08 449.4 473.32 533.96 550.76 528.72 532.8 509.4 480.32 483.24 410.76 327.28 353.64 349.92 350.8 367.68 283.36 254.84 270 309.76 298.76 358.96 285.64 280.76 287.12 349.48 451.8 411.04 365
253.44 279.56 303.04 267.88 247.2 230.64 260.52 286.44 302.8 324.08 355.4 337.8 323.52 316.32 313.2 270.12 260.32 265.04 276.2 287.2 309.44 329.16 319.04 332.52 342.28 332.72 309.44 310.2 324.12 338.08 364.2 387 366.96 370.64 393.48 383.68 388.12 405.56 400.56 413.28 412.72 430.52 460.48 466.08 482 459.8 496.36 581.88 569.64 557.2 550.72 499.92 503.52 478.8 393.32 339.76 372.56 383.88 380.88 363.76 316.24 318.24 305.08 328.8 334.32 378.68 314.64 307.12 367.2 440.68 448.04 473.44 415.52
258.28 243.48 276.28 272 233.2 230.36 266.04 348.52 333.64 334.32 335.52 340.44 329.4 308.52 290.64 271.16 241.56 270.32 284.88 283.68 295.44 305.4 305.92 335.76 337.48 317.64 289.08 302.4 318.6 330.56 356.12 387.24 380.88 388.56 390.88 371.08 385.52 392.44 382.36 395.16 406.96 423.56 455.52 461.56 490.88 473.64 540.32 593.52 582.32 565.92 528.64 505.72 522.04 470.52 399 354.24 373.48 416.12 394.08 352.96 329.28 354.88 327.76 357.92 392.96 468.44 417.28 332.76 312.28 409.56 521.32 501.24 489.84
226.44 211.88 226.6 241.12 211.56 241.6 265.52 386.16 336.76 308.44 289.96 331.24 363.8 312.28 277.2 261.12 241 251 264.16 287 306.6 291.64 297.08 326.4 321.48 294 286.56 303.84 373.28 361.12 346.32 378.24 406.12 406.52 377.4 362.44 370.72 374.76 381.24 382.84 428.04 487.16 448.04 471.2 492.44 484.76 564.04 550.36 566.88 547.96 528.48 514.12 526.2 499.96 437.28 388.36 382.56 440.04 432 401.8 379.56 390.56 368.84 365.36 448.76 488.08 429.88 330.16 357.08 385 439.52 507.4 544.84
