Scripts_&_data/B6_all_seraphim_analyses/Environmental_files/LASV_rasters/Elevation_all_0.04.asc
NCOLS 816 
NROWS 336 
XLLCORNER -17.0000652 
YLLCORNER 1.9999752 
CELLSIZE 0.04166665 
NODATA_value -9999 
[rows 132 to 153 of 336, columns 294 to 342 of 816]
565.52001953125 565.440002441406 611.359985351562 616.239990234375 575.919982910156 546.960021972656 582.320007324219 611.200012207031 612.400024414062 611.039978027344 626.719970703125 652.719970703125 691.440002441406 716.400024414062 669.359985351562 702 658.719970703125 701.359985351562 702.799987792969 675.52001953125 695.760009765625 687.760009765625 643.760009765625 632.559997558594 672.719970703125 698.880004882812 754.559997558594 738.559997558594 724.880004882812 692.080017089844 722.159973144531 691.679992675781 652.960021972656 643.440002441406 670.719970703125 637.760009765625 666 623.359985351562 588 560.799987792969 555.679992675781 594.640014648438 581.840026855469 544.239990234375 496.559997558594 494 538.320007324219 548.320007324219 544.719970703125
534.559997558594 568.640014648438 577.119995117188 589.039978027344 563.919982910156 550.239990234375 594.640014648438 629.440002441406 655.440002441406 623.200012207031 634.159973144531 658.559997558594 650.640014648438 706.080017089844 698.559997558594 680.799987792969 685.359985351562 712.239990234375 719.119995117188 735.280029296875 726.559997558594 680.47998046875 650.080017089844 679.440002441406 675.840026855469 667.840026855469 722.880004882812 709.52001953125 684.080017089844 666.159973144531 686.880004882812 689.760009765625 649.440002441406 614.960021972656 615.919982910156 599.679992675781 632.799987792969 615.119995117188 614.239990234375 577.200012207031 575.039978027344 547.599975585938 527.359985351562 520.159973144531 539.119995117188 499.119995117188 483.679992675781 492.399993896484 508.799987792969
536.559997558594 532.320007324219 571.280029296875 574.559997558594 542.799987792969 555.359985351562 584.320007324219 623.840026855469 607.52001953125 593.280029296875 632.559997558594 619.280029296875 637.840026855469 709.280029296875 712.159973144531 685.119995117188 716 722.799987792969 767.440002441406 735.200012207031 710.080017089844 672.640014648438 659.280029296875 682.960021972656 712.640014648438 715.52001953125 745.760009765625 753.359985351562 701.440002441406 655.440002441406 643.280029296875 635.52001953125 622.640014648438 620 633.200012207031 613.919982910156 614.880004882812 587.119995117188 620.719970703125 606.719970703125 647.280029296875 645.119995117188 591.359985351562 572.880004882812 587.760009765625 517.52001953125 486.239990234375 504.079986572266 552.080017089844
577.280029296875 556.400024414062 536.719970703125 531.52001953125 540.400024414062 584.880004882812 603.280029296875 586 569.52001953125 594.799987792969 617.200012207031 605.760009765625 662.080017089844 662.159973144531 708.960021972656 708.47998046875 755.679992675781 748.799987792969 784.400024414062 773.599975585938 706.640014648438 684.640014648438 686.080017089844 670.47998046875 713.359985351562 749.679992675781 772.640014648438 734.239990234375 693.359985351562 658.400024414062 694.239990234375 650.640014648438 666.320007324219 668.47998046875 669.440002441406 627.119995117188 643.119995117188 583.440002441406 627.280029296875 665.200012207031 726.080017089844 683.359985351562 618.559997558594 580.159973144531 552.559997558594 501.679992675781 508.799987792969 541.119995117188 526.080017089844
615.280029296875 571.840026855469 542.159973144531 524.719970703125 558.719970703125 584.47998046875 566.640014648438 548.960021972656 565.919982910156 566.960021972656 587.039978027344 611.440002441406 621.200012207031 671.840026855469 702.960021972656 742.080017089844 763.919982910156 745.280029296875 773.52001953125 787.599975585938 741.679992675781 735.200012207031 680.719970703125 696.559997558594 689.599975585938 724 767.52001953125 764.400024414062 703.840026855469 686.47998046875 700.559997558594 670 674 674.640014648438 663.679992675781 656.799987792969 662.239990234375 594.640014648438 642.47998046875 690.239990234375 738.719970703125 650.799987792969 615.039978027344 565.599975585938 520.080017089844 481.040008544922 509.040008544922 516.799987792969 519.599975585938
632.719970703125 604.559997558594 568.239990234375 538.239990234375 516.719970703125 529.52001953125 536.640014648438 542.400024414062 551.359985351562 578.400024414062 591.840026855469 611.440002441406 636.960021972656 670.320007324219 665.280029296875 726.159973144531 748.400024414062 723.039978027344 743.200012207031 791.599975585938 792.960021972656 738.880004882812 703.52001953125 739.039978027344 714.559997558594 749.440002441406 760.239990234375 758.799987792969 720.960021972656 723.919982910156 680.799987792969 633.440002441406 625.919982910156 659.440002441406 631.760009765625 617.440002441406 653.200012207031 578.559997558594 657.760009765625 633.679992675781 703.359985351562 688.559997558594 604.080017089844 564.159973144531 552.080017089844 494.480010986328 483.119995117188 476.880004882812 526.799987792969
589.119995117188 582.880004882812 580.320007324219 538.960021972656 516 540.47998046875 578.960021972656 579.280029296875 584.239990234375 598.239990234375 616.559997558594 622.719970703125 660.080017089844 637.119995117188 669.359985351562 737.440002441406 766.640014648438 745.359985351562 712 754.400024414062 778 788.320007324219 753.919982910156 757.119995117188 752.159973144531 790.47998046875 745.760009765625 709.440002441406 692.320007324219 670.320007324219 663.039978027344 674.400024414062 632.799987792969 597.52001953125 601.679992675781 591.039978027344 577.52001953125 564.400024414062 581.679992675781 597.599975585938 721.840026855469 678.320007324219 635.200012207031 575.359985351562 532.47998046875 550.320007324219 498.880004882812 478.880004882812 502.880004882812
564.719970703125 542.640014648438 535.200012207031 508.399993896484 522.400024414062 555.840026855469 554.559997558594 582.080017089844 611.119995117188 614.159973144531 645.760009765625 645.760009765625 608.559997558594 622.239990234375 660.080017089844 730.880004882812 748.640014648438 737.200012207031 712.159973144531 721.599975585938 754.080017089844 783.280029296875 784.960021972656 795.679992675781 759.760009765625 768.159973144531 768.880004882812 727.280029296875 689.200012207031 716.320007324219 680.559997558594 643.280029296875 630.47998046875 612.799987792969 606.080017089844 572.559997558594 652 675.440002441406 573.599975585938 550.960021972656 607.919982910156 646 594.47998046875 617.52001953125 609.840026855469 562.880004882812 500.959991455078 477.679992675781 510.880004882812
592.559997558594 579.440002441406 565.760009765625 524.159973144531 500.720001220703 515.039978027344 543.119995117188 554.960021972656 575.359985351562 576.400024414062 590.159973144531 601.200012207031 594.320007324219 618.880004882812 648.400024414062 711.359985351562 733.280029296875 761.599975585938 720.239990234375 705.52001953125 733.039978027344 747.52001953125 781.760009765625 751.679992675781 729.840026855469 770 784.239990234375 731.599975585938 731.359985351562 752.239990234375 728.640014648438 693.440002441406 669.599975585938 630.080017089844 610.880004882812 606.159973144531 648.960021972656 684.960021972656 603.440002441406 556.559997558594 581.119995117188 614 561.200012207031 596.719970703125 617.679992675781 562.080017089844 496.320007324219 485.440002441406 543.200012207031
583.760009765625 563.359985351562 542.47998046875 532.640014648438 498.720001220703 521.039978027344 520.799987792969 530.320007324219 541.280029296875 547.200012207031 560.400024414062 580.799987792969 584.960021972656 603.039978027344 661.119995117188 704.640014648438 708.080017089844 721.119995117188 722.47998046875 692.640014648438 715.919982910156 745.119995117188 772.320007324219 725.840026855469 718.47998046875 754.239990234375 810.719970703125 782.47998046875 769.679992675781 845.840026855469 838.799987792969 734.640014648438 678.400024414062 652.320007324219 638.719970703125 629.039978027344 635.52001953125 647.039978027344 663.119995117188 588.880004882812 536.400024414062 581.039978027344 540.640014648438 584.400024414062 566.880004882812 555.919982910156 492.799987792969 483.440002441406 502.880004882812
587.359985351562 569.119995117188 556.719970703125 505.200012207031 501.920013427734 534.880004882812 540.080017089844 560.960021972656 583.280029296875 600 598.559997558594 625.840026855469 631.52001953125 612.239990234375 630 706.400024414062 714.159973144531 692.47998046875 714 703.919982910156 696.239990234375 724.400024414062 741.280029296875 704.880004882812 708.640014648438 746.559997558594 792.080017089844 779.119995117188 820.640014648438 858.640014648438 874.400024414062 762.799987792969 688.719970703125 661.760009765625 674.47998046875 671.359985351562 672.080017089844 654.799987792969 646 573.200012207031 637.039978027344 527.119995117188 524.640014648438 550 545.679992675781 540.559997558594 483.440002441406 481.359985351562 526.719970703125
540.559997558594 524.239990234375 539.599975585938 494.799987792969 513.840026855469 539.760009765625 548.400024414062 581.200012207031 605.52001953125 619.599975585938 626.960021972656 601.359985351562 608.239990234375 584.960021972656 618.320007324219 655.200012207031 703.119995117188 703.359985351562 682 679.039978027344 731.359985351562 727.359985351562 751.840026855469 716.159973144531 696 711.039978027344 759.280029296875 759.280029296875 764.080017089844 772.400024414062 810.320007324219 769.760009765625 711.760009765625 712.799987792969 671.840026855469 644.400024414062 634.47998046875 624.640014648438 601.359985351562 595.840026855469 611.200012207031 562.080017089844 536.400024414062 498.880004882812 493.839996337891 488 472.239990234375 472.880004882812 499.679992675781
563.200012207031 533.52001953125 517.52001953125 488.399993896484 538.960021972656 583.679992675781 595.280029296875 607.440002441406 609.359985351562 576 584.799987792969 571.52001953125 585.119995117188 579.440002441406 585.599975585938 601.039978027344 656.47998046875 687.200012207031 683.200012207031 687.200012207031 709.599975585938 728.239990234375 746 713.52001953125 676.960021972656 691.440002441406 724.640014648438 753.760009765625 745.919982910156 777.919982910156 777.52001953125 690.960021972656 664.559997558594 639.760009765625 633.039978027344 609.440002441406 604.47998046875 577.200012207031 586 587.119995117188 530.400024414062 518.559997558594 509.119995117188 498.720001220703 504.880004882812 543.760009765625 530.640014648438 481.519989013672 487.600006103516
583.200012207031 555.599975585938 524.880004882812 484.480010986328 521.840026855469 590.640014648438 580.960021972656 612.559997558594 578.239990234375 549.440002441406 584.159973144531 548.159973144531 601.679992675781 544.159973144531 586 619.440002441406 634.559997558594 607.760009765625 632.799987792969 734 675.440002441406 694.320007324219 693.119995117188 725.760009765625 672.799987792969 683.679992675781 699.440002441406 727.919982910156 803.440002441406 869.440002441406 803.760009765625 724.799987792969 708.400024414062 683.760009765625 654.320007324219 625.440002441406 590.400024414062 561.840026855469 551.919982910156 552 582.880004882812 561.440002441406 532.880004882812 545.440002441406 587.760009765625 556.559997558594 543.440002441406 488.959991455078 495.519989013672
577.679992675781 537.760009765625 517.679992675781 484.720001220703 512.960021972656 533.359985351562 550.799987792969 620.640014648438 607.200012207031 552.159973144531 524.719970703125 559.440002441406 564.080017089844 536.080017089844 607.52001953125 601.599975585938 589.679992675781 579.599975585938 628.47998046875 670.159973144531 667.119995117188 702.640014648438 664.719970703125 686.47998046875 646.47998046875 662.320007324219 685.200012207031 704.559997558594 788.320007324219 776.799987792969 704.239990234375 678.159973144531 690 665.52001953125 637.200012207031 627.280029296875 578 612 589.840026855469 627.440002441406 630.719970703125 606.159973144531 578.159973144531 573.679992675781 607.760009765625 594.640014648438 550.799987792969 480.559997558594 475.119995117188
561.840026855469 553.119995117188 525.760009765625 486 507.920013427734 551.52001953125 595.919982910156 612.400024414062 567.840026855469 578.719970703125 515.039978027344 534.719970703125 517.760009765625 537.919982910156 602.400024414062 615.760009765625 580 564.080017089844 615.200012207031 666.080017089844 677.440002441406 654.960021972656 677.52001953125 648.080017089844 653.440002441406 687.280029296875 734.400024414062 759.119995117188 815.52001953125 761.52001953125 689.440002441406 648.960021972656 632.559997558594 629.840026855469 608.960021972656 598.47998046875 626.880004882812 653.359985351562 640.719970703125 664.719970703125 673.760009765625 642.47998046875 620 611.440002441406 620.719970703125 594.320007324219 545.919982910156 496.720001220703 472.079986572266
567.760009765625 545.919982910156 510.559997558594 489.760009765625 503.519989013672 521.840026855469 570.080017089844 552.880004882812 536.159973144531 579.919982910156 545.119995117188 498.399993896484 517.280029296875 587.52001953125 616.559997558594 587.52001953125 557.52001953125 569.52001953125 631.599975585938 658.159973144531 625.280029296875 651.440002441406 638.960021972656 649.599975585938 672 707.200012207031 820.239990234375 805.52001953125 720.960021972656 684.239990234375 665.52001953125 671.679992675781 655.679992675781 654 635.280029296875 627.52001953125 679.599975585938 687.679992675781 662.320007324219 620.559997558594 613.599975585938 583.840026855469 547.280029296875 565.599975585938 550 564.799987792969 541.200012207031 482.320007324219 473.519989013672
516.719970703125 544.799987792969 533.280029296875 492.640014648438 494.239990234375 484.079986572266 542 504.959991455078 524 578.640014648438 534.47998046875 489.440002441406 537.200012207031 610.320007324219 584 558.719970703125 537.200012207031 601.359985351562 690.960021972656 691.919982910156 619.840026855469 623.280029296875 616.559997558594 666.159973144531 679.440002441406 698.080017089844 814.640014648438 785.359985351562 743.679992675781 728.400024414062 721.840026855469 707.599975585938 666.799987792969 639.760009765625 663.679992675781 688.400024414062 707.039978027344 672.880004882812 653.52001953125 629.919982910156 578.719970703125 561.359985351562 643.039978027344 592.640014648438 512.47998046875 508.720001220703 511.600006103516 469.519989013672 520.960021972656
495.200012207031 517.599975585938 485.359985351562 465.200012207031 470.880004882812 461.359985351562 495.679992675781 491.440002441406 537.200012207031 539.840026855469 535.599975585938 477.279998779297 509.519989013672 612.080017089844 583.039978027344 540.559997558594 545.760009765625 625.840026855469 762.880004882812 698.799987792969 656 606.559997558594 603.440002441406 654.559997558594 630 663.679992675781 764.559997558594 758.47998046875 740.47998046875 759.919982910156 722.400024414062 694.640014648438 645.200012207031 689.840026855469 716.47998046875 734.47998046875 691.760009765625 657.039978027344 614.080017089844 594.559997558594 587.359985351562 621.840026855469 642.239990234375 653.679992675781 583.919982910156 514.880004882812 479.440002441406 484 550.640014648438
513.840026855469 482.720001220703 484.079986572266 477.920013427734 478 466 493.600006103516 483.200012207031 492.320007324219 540.239990234375 513.039978027344 481.839996337891 531.919982910156 589.599975585938 596.799987792969 540.559997558594 571.840026855469 710.080017089844 760 671.200012207031 643.599975585938 622.960021972656 605.599975585938 629.119995117188 604.239990234375 660.320007324219 704.080017089844 705.440002441406 713.200012207031 750.640014648438 709.599975585938 684.960021972656 680.559997558594 717.919982910156 713.280029296875 679.200012207031 661.200012207031 613.359985351562 611.599975585938 629.039978027344 657.599975585938 634.719970703125 650.960021972656 583.280029296875 574 581.760009765625 504 458.799987792969 520
507.839996337891 524.640014648438 507.679992675781 526.47998046875 521.200012207031 486.959991455078 462.480010986328 466.720001220703 477.440002441406 483.760009765625 477.040008544922 466.959991455078 525.52001953125 541.52001953125 540.239990234375 521.919982910156 678.080017089844 640.400024414062 673.359985351562 612.559997558594 604.559997558594 618 609.679992675781 578 577.280029296875 623.52001953125 761.119995117188 779.039978027344 689.760009765625 696.719970703125 696.640014648438 714.320007324219 720.960021972656 759.440002441406 729.52001953125 692.320007324219 645.760009765625 645.200012207031 657.919982910156 682.239990234375 687.599975585938 656.799987792969 634.799987792969 614.640014648438 598 569.919982910156 517.039978027344 480.239990234375 473.760009765625
524.47998046875 539.919982910156 545.200012207031 587.119995117188 532 495.679992675781 500.239990234375 489.760009765625 454.640014648438 457.359985351562 450.399993896484 483.839996337891 518 538.159973144531 511.839996337891 590.880004882812 574.559997558594 653.679992675781 651.52001953125 578.960021972656 552.559997558594 557.280029296875 587.599975585938 615.679992675781 595.119995117188 594.320007324219 636.400024414062 730.47998046875 653.52001953125 664.159973144531 653.599975585938 681.359985351562 692.799987792969 764.47998046875 718 678.47998046875 681.039978027344 685.599975585938 707.440002441406 666.159973144531 641.840026855469 613.52001953125 581.919982910156 582.880004882812 542.239990234375 515.359985351562 498.239990234375 457.679992675781 517.919982910156
