Scripts_&_data/B6_all_seraphim_analyses/Environmental_files/LASV_rasters/Elevation_NGA_0.04.asc
NCOLS 408 
NROWS 336 
XLLCORNER -7.19999999887477e-05 
YLLCORNER 1.9999752 
CELLSIZE 0.04166665 
NODATA_value -2147483647 
[rows 64 to 95 of 336, columns 219 to 291 of 408]
392.24 385.96 389.28 388.24 385.32 383.64 386.28 379.4 377.2 380.8 379.36 376.96 375.56 372.96 369.04 366.92 365.32 363.16 361.28 361.44 360.8 362.52 362.04 360.6 359.12 356.92 356.48 356.76 356.4 355.68 355.2 351.84 348.88 348.6 349.36 349.24 346.76 344.68 344.44 343.44 343.8 343.64 343.16 342.36 340.08 340.76 341.44 339.6 339.8 338.88 337.8 337.84 336.84 337.36 337.32 337.04 337.56 336.48 335.04 333.92 334.68 333.8 333.24 332.92 331.36 330.88 328.52 329.56 329.64 331.8 330.44 330.88 323.12
393.88 396.36 388.04 383.28 380.56 381.56 381.96 380.88 379.24 376.92 375.16 373.48 371.36 368.88 367.8 366 362.96 360.96 360.52 359.76 359.36 360.12 358.68 358 356.76 356.12 357.48 355.92 355.2 352.8 351.6 350.04 349.44 348.4 348.04 347.64 347.08 346.48 345.16 343.92 343.64 342.88 342.28 343.32 341.76 341.6 340.32 338.8 339.64 339.52 338.68 338.48 336.68 335.92 335.4 337 336.04 337.64 336.44 336.08 333.32 333.48 333.24 333.12 331.32 330.44 329.8 330.8 333.16 330.6 330.56 330.16 322.76
395.64 394.16 390.52 387.64 383.68 379.16 378.52 378.56 377.92 376.68 373.4 369.32 367.28 367.04 366.12 364.24 363 360.16 358.88 359.16 358.52 357.36 355.48 356 356.16 358.08 355.2 353.48 352.8 351.4 350 349.16 348.04 347.32 347.12 346.24 345.92 344.48 343.24 342 342 342.56 343.6 343.72 342.08 341.4 341.08 340.08 339.68 339.48 338.16 337.2 336.88 336.44 337 337.24 335.96 335.44 335.96 336.28 334.36 332.8 331.4 330 331.36 330 330.88 332.28 330.68 331.88 330.24 330.44 323.08
394.48 391.36 387.96 384.68 381.04 378.52 374.88 376.64 375.2 372.72 371.48 370.52 367.32 363.72 362.64 362.16 361.24 359.8 359.36 358.52 356.44 354.32 356.72 359 356.16 355.44 353.68 352.24 351.04 349.8 348.28 347.6 346.8 346.56 345.4 345.08 344.68 343.4 343.8 343.2 343.56 342.48 341.36 340.76 342.08 342.44 341.6 340.4 340.08 338.6 336.2 335.04 334.76 337.08 334 334.44 333.4 333.04 334.2 335.16 335.24 334.36 333.64 333.64 331.52 332.2 333.16 331.12 332.88 329.88 329.88 330.32 323
390.76 387.64 384.88 381.76 378.56 375.68 374.6 372.08 372.52 371.16 369.16 367.8 366.56 365.04 362 360 359.12 359.72 360 358.44 355.32 353.04 365.68 356.2 352.76 350.72 350.88 349.48 349.8 349.12 347.52 346.72 346.84 346.16 344.4 343.6 343.44 342.6 342.56 342.88 341.8 342.96 342 341.48 340.12 342.2 340.8 340.2 338.16 336.96 337.12 337.8 337.36 336.8 336.68 336 333.72 330.68 331.88 332.52 334.32 333.92 334.8 332.28 332.28 332.16 332.16 332 331.64 329.96 328.96 329.92 321.76
387.52 385.12 382.68 379.4 376.76 373.24 372.56 371.6 369.88 368.48 367.04 365.64 363.84 363.2 362.8 361.52 359.6 358.48 358 357.08 354.8 352.88 359.64 351.92 349.8 349.32 348.64 347.96 347.44 346.84 347.08 346.52 345.8 344.2 344.36 343.8 342.76 341.16 340.88 344.48 340.6 340.76 340.6 341.48 341.32 339.76 341.08 340.44 340.28 338.2 338.24 338.16 337.96 335.76 336.6 333.6 335.76 334.08 331.08 330.16 331.92 330.48 329.72 329.44 333.92 333.2 331.36 331.12 331.04 329.36 327.8 321.32 315.56
384.8 381.64 379.76 377.36 375.28 373.04 372.2 370.64 368.56 367.04 366.28 364.36 363.32 361.92 361.96 361.52 360.16 358.08 356.2 354.16 354.28 355.4 353.92 351.04 349.56 348.16 348 347.08 346.6 346.36 345.48 344.6 343.92 343.32 342.72 342.48 341.72 340.08 339.68 339.68 340 340.08 339.96 338.6 338.64 339.8 339.84 339.48 339.92 338.36 338.92 337.96 334.4 335.12 333.68 331.76 331.24 331.52 331.92 334.32 329.92 331.04 332.36 328.04 328.32 330.48 332.4 331.8 332.68 329 327.36 317.8 321.88
381.2 379.28 377.24 376.12 374.08 371.76 369.6 368.68 367.64 365.88 364.84 364.04 362.64 361.8 360.64 358.92 357.8 357.08 356.56 355.2 353.76 352.32 351.8 351.64 350 349.04 348.08 347.2 346.36 345.76 344.96 344.16 343.48 343.28 342.72 341.76 339.8 340.28 341.92 340.68 339.4 339.36 338.68 338.72 337.64 336.68 336.52 336.08 335.56 334.88 334.68 334.16 332.56 333 331.92 331.68 332.96 334.6 334.72 334.52 335.84 335.48 334.6 332.12 326.72 328.28 329.64 331.84 329.28 323.04 320.16 319.56 321.52
379.32 377.52 376.04 373.88 371.88 369.96 367.76 365.6 364.84 364.08 363.56 362.92 361.88 360.72 359.44 357.84 356.32 356.12 355.92 355.48 355 353 350.88 349.84 350.12 350.12 348.88 347.52 346.08 344.8 343.88 343.2 343.32 342.72 342.04 341.68 341.44 340.64 340.4 339.92 339.32 339.56 339.08 339.12 338.04 337.36 336.8 336.16 335.68 334.56 333.76 333.64 333.4 332.96 332.12 332.04 332.16 332.92 334.36 334.52 336.32 334.44 334.32 332.56 331.8 331.96 322.2 323.16 327 328.24 326.72 328.24 325.96
378.2 375.8 374.48 372.16 369.84 367.96 367 365.28 363.92 362.64 362.24 361.36 360.04 358.48 357.68 356.36 355.08 354.72 354.36 354.68 354.56 353.48 352.68 350.24 348.28 348.4 348.28 347.56 346.32 345.32 344.92 343.52 343.24 343.4 343.44 343.12 342.12 342.24 341.44 340.24 340.04 340.08 339.2 338.28 338.16 337.56 336.56 335.76 335.56 335.52 335.2 334.08 332.6 332.76 333.28 333.16 333.44 334.6 332.96 332.6 333.2 333.2 332.52 332.44 332.4 326.68 322.28 331.12 330.96 328.68 330.6 330.8 328.28
377.56 373.64 373 371.32 369.28 367.56 366.64 365.16 364.16 362.68 360.56 359.52 358.68 357.08 357.16 356.84 356.64 355.68 354.2 354.4 352.48 352.56 351.96 351.28 348.88 346.72 346.48 346.96 347.56 347.16 346 345.68 345.28 344.08 344.48 344.52 344.04 343.4 341.68 341.52 341.08 340.04 339.08 338.52 337.44 336.4 336.08 336.76 335.12 334.72 335.48 335.32 335.36 332.32 334.4 335.56 334.96 333.8 333.04 330.72 329.04 331.12 330.92 328.52 323.72 323.32 322.24 327.64 328.16 327.32 332.24 329.72 327.6
376.24 374.12 372.28 370.96 369.76 368.44 366.92 365.92 364.2 362.68 360.48 358.88 358 357.2 357.36 356.36 355.24 354.32 353.6 352.52 352 351.32 351.52 351.68 351.16 350.76 349.28 346.84 345.56 345.64 346.36 346.44 345.96 345.68 345.84 345.04 344.68 343.52 342.76 341.8 340.6 339.96 338.6 336.84 336.52 335.96 335.12 335 334.6 334.52 333.72 334.52 332.76 332.96 333.92 333.36 333.08 330.96 329.32 327.6 326.12 325.84 326.4 326.12 329.2 328.68 325.8 327.2 326.28 324.56 324.88 325.84 321.2
377.12 375.16 373.44 371.4 370.16 368.04 366.76 365.56 363.4 362.04 360.12 359.76 358.08 358.44 357.8 356.2 356.04 354.44 354.08 352.92 353.32 352.24 352.12 351.4 349.56 350.68 349.84 347.64 346.68 346.2 345.56 346.88 348.08 347.96 346.64 345.8 344.72 343.6 342.72 341.88 340.44 339.36 338.32 337.52 336.84 336.6 337.48 337.16 336.6 336.56 335.76 335.32 335.64 336.52 334.84 332.92 333.12 329.32 332.24 332.2 332.4 331.72 330.8 330.04 329.12 328.36 325.84 326.44 324.84 326.84 327 324.96 326.76
377.92 376.2 374.44 372.64 370.96 368.92 366.48 364.92 363.24 361.92 360.04 359.52 359.56 359.84 358.28 357.56 356.24 355.76 354.72 354.2 353.16 352.96 351.88 350.56 349.88 348.68 349.4 349.24 348.84 347.68 347.64 347.72 347.72 347.32 346.8 345.76 344.16 344 342.64 342.24 341.28 339.84 338.84 337.2 337.2 336.96 338.12 338.24 337.92 338.4 337.76 337.2 336.84 337.64 339.28 338.2 336.84 334.36 332.76 332.28 332.32 332.6 330.96 329.48 329.28 327.12 328.8 329.88 329.64 330.2 331.32 331.08 331.48
378.52 377.04 375.6 373.08 371.24 369.36 367.24 364.92 363.4 362.16 361.24 360.4 360.44 360.08 359.6 358.16 357.4 356.52 355.48 354.48 353.24 352.44 351.12 350.96 349.76 350.56 349.92 349.08 348.68 349.4 349.84 349.52 347.76 345.96 345.32 345 344.88 344.56 343 342.04 341.6 341.52 339.72 339.24 338.4 338.24 338.16 339.04 339.48 338.48 337.76 338.32 337.92 339.24 339.84 339.76 340.56 336.16 334.44 333.88 332.68 332.08 330.52 329.96 328.84 327.12 330.68 330.76 329.92 329.76 329.64 330.6 332
378.64 377.4 375.96 373.32 371.04 369.44 368.28 365.56 363.64 362.32 361.92 361.56 360.76 361.08 360.04 359 357.52 356.8 355.32 354.52 353.32 352.72 352.04 351.8 351.28 351.52 350.64 349.8 349.92 350.12 350.28 350.08 348.16 346.24 345.28 345.44 345.4 345.56 344.88 343.96 342.72 341.12 340.04 339.8 339.88 339.76 339.24 337.64 337.08 338.16 338.72 339.28 339.48 340.12 341.08 340.72 341.8 342.92 337.76 334.76 334.6 334.56 331.52 331.04 328.76 331.36 331.68 332.04 331.24 331.28 330.72 329.8 327.52
379.2 377.64 375.64 373.48 371.8 370.28 368.12 366.48 364.72 363.48 363.24 362.8 362.96 361.68 359.52 358.88 358.6 357.48 355.96 354.36 353.56 354.44 353.8 352.68 352.28 351.8 350.72 350.12 351.68 351.64 350.04 348.68 348.2 347.96 347.84 346.08 345.44 345.24 345.6 344.92 344.24 342 341.4 340.44 339.96 339.68 338.8 337.68 337.88 337.72 338.6 341.28 342.48 341.6 342.4 342.4 341.96 343.04 341.76 337.24 335.6 336.56 336.68 333.28 331.28 332.68 334.28 333.64 331.88 331.68 330.2 330.16 328.04
378.76 377.36 375.56 373.96 371.96 369.84 368.88 367.32 365.52 365.64 365.52 364.68 362.76 361.48 361.12 359.68 358.16 357.44 356.52 356.12 355.44 355.48 353.96 353.32 352.6 351.84 351.76 352.4 352.04 350.84 349.76 349.36 348.44 347.72 346.52 347.84 346.56 346.24 344.2 345.36 345.52 344.32 342.6 341.28 340.28 338.84 338.44 339.68 340.48 341.36 340.88 340.92 342.36 343.32 343.56 342.04 340.92 341.28 342.8 339.84 338.08 337.4 339.56 339.12 333.2 334.84 334.76 333.44 334.36 332.4 331.08 329.6 328.56
378 376.48 375.12 374.28 371.96 370.28 369.36 368.56 367.48 366.8 365.76 364.4 363.72 363.4 361.52 359.28 358.68 358.4 357.72 356.4 356.2 355.72 354.16 353.48 353.48 353.48 353.84 352.84 351.72 350.92 350.84 349.88 349.2 347.36 347.96 348.56 348.28 348.04 346.92 345.64 345.6 345.84 344.52 342.6 341.16 341.32 340.92 341.24 341.64 343 343.96 342.8 341.76 341.6 342.52 342.08 340.84 340.12 341.16 340.76 339.4 338.04 338.08 335.44 335.68 336.4 335.4 335.24 334.32 332.16 330.64 329.16 330.96
377.44 376 375.48 373.44 372.36 371.08 370.36 368.76 368.6 367.36 366.44 365.68 364.8 362.52 361.88 361.36 360.2 359.32 358.68 357.44 356.28 355.68 355.76 355.4 354.76 354.64 354.4 353.24 352.56 351.32 350.68 350.44 349 348.68 349.48 349.6 348.76 348.08 348.04 347.24 346.08 345.24 345.16 345.16 344.56 343.68 343.84 343.72 344.2 344.76 345.32 343.68 341.52 341.32 341.88 342.36 343.76 342.28 340.48 338.36 337.52 337.96 336.76 338.32 339 338.04 336.6 335.24 334.4 332.36 330.92 333.36 334.72
377.8 377.08 375.08 373.88 373.28 371.72 371.16 370.36 369.84 368.88 367.6 366.4 364.8 363.96 362.96 361.84 360.68 360.2 359.68 358.56 358.24 357.64 356.44 356.32 355.6 355.12 354.48 353.16 352.36 351.56 350.84 350.12 349.52 350.76 350.72 350.04 349.48 349.4 348.64 347.52 347.28 346.96 346.48 346.48 346.96 347.8 347.16 346.64 346.32 346.36 345.68 343.64 343 343.32 342 341.68 338.8 338.2 339.12 339.04 339.04 339.88 341.4 341.64 340.6 338.16 336.36 336.6 337.36 336.72 334.24 331.64 338.2
378.24 377 376.68 375.16 373.52 372.84 371.88 371.32 369.28 368.68 367.84 366.8 366.32 364.52 363.68 362.16 361.88 362.48 361.76 360.44 358.92 358.4 357.36 356.84 356.32 354.92 354.48 353.64 353.16 352.48 351.64 351.08 352.08 352.56 351.24 350.76 350.48 349.92 349.56 349.52 348.32 348.2 349.04 347.88 348.4 350.04 351.04 350.6 348.96 347.84 345.08 344.32 342.72 341.6 341.68 341.44 340.16 339.88 339.44 341.88 342.36 342.6 341.4 340.92 338.92 338.4 339.4 340.12 338.76 338.88 337.12 334.36 334.76
379.28 378.48 378.28 376.12 375.12 373.92 373.4 372 371.28 370.72 369.68 368.24 367.52 366.36 364.84 365.04 364.12 363.08 361.92 360.76 359.64 358.4 358.44 357.2 355.72 355.32 354.88 354.16 353.52 353.48 353.32 352.8 353.6 353.72 353.12 351.92 350.96 351.12 351.16 350.4 350.4 351.4 351.28 351.04 351.28 352.12 352.4 353 351.72 348.52 345.88 344.56 344.28 344.4 344.56 344.68 344.72 343.48 342.8 342.68 341.8 341.88 341.32 341.24 342.2 342.08 341.72 341.28 340.12 338.76 337.24 338.04 336.4
381.64 380.64 378.8 377.4 377.2 375.76 374.88 373.88 372.8 371.28 370 369.56 368 367.2 367.04 365.36 364.28 364.12 362.8 361.76 360.72 359.76 358.48 357.44 356.52 355.84 355.68 355.32 355.36 354.84 354.92 355.2 355.44 354.56 353.52 353.48 353.12 352.28 351.8 351.68 352.12 352.12 353.52 354.44 354 353.12 353.16 353.6 351.76 349.04 347.76 349.36 349.92 348.16 347.68 346.96 345.28 344.84 345.08 342.2 343.72 344.92 344.92 343.92 344.76 344.28 343.32 343.2 341.84 340.4 338.96 338.04 337.32
384 382.52 380.68 379.52 378.16 377.72 376.4 375 373.92 372.44 371.68 370.32 368.8 368.04 367.32 366.76 364.84 364.2 363 362.48 362.04 360.32 359.52 357.16 357.24 357.08 357.08 356.4 356.16 355.84 357.24 357 356.48 355.8 355.24 354.44 354 352.92 352.44 352.6 353.4 354.84 355.92 356.96 357.44 356.6 355.24 352.2 349.16 349.04 351.04 352.68 353.44 351.52 348.84 347.36 347.24 345.32 344.12 346.6 346.84 347.72 346.8 345.6 346.68 347.32 345.04 344.72 343.92 342.36 341.16 339.8 338.64
385.52 384.52 382.48 381.72 380.16 378.64 377.12 376.12 376.32 374.52 372.8 371.08 369.84 368.56 367.56 366.16 365.04 364.56 364.48 363.52 362.04 361.6 360.56 360.04 358.64 358.32 358.04 358.12 358.16 358.44 357.8 357.44 357.68 357.2 357 355.12 354.84 354.56 355.16 355.88 357.32 357.12 357.64 358.16 358.52 357.16 354.88 352.16 350.68 351.64 355.96 356.2 354.4 353.68 352.08 350.84 349.4 346.36 348.64 350.64 351.68 352.24 348.64 349.76 348.96 346.72 346.8 346.68 344.6 344.52 344.28 342.32 340.4
386.56 384.6 383.56 383.16 381.68 380 379.52 378.24 376.56 374.36 373.08 372.04 370.48 368.52 367.64 367.44 367.72 366.44 365.72 364.8 363.6 362.72 361.4 360.6 359.6 359.76 360.8 360.76 360.08 359.48 359.92 359.48 358.88 358.64 357.04 356.68 356.36 357.04 356.76 356.88 358.76 359.16 359.68 359 358.36 357.6 354.92 352.88 353.96 357.72 358.36 355.72 358.36 359.16 356.48 355.28 350.68 351.76 351.08 352.76 354.32 351.24 352.04 351.92 350.24 350.44 348.08 346.92 348.16 347.84 345.88 343.48 342.76
387.92 386.48 385 384.2 382.76 381.36 379.76 377.76 376.44 374.84 373.6 372.16 370.96 371.44 371.32 369.72 368.2 367.4 367.2 366.36 364.24 363.24 362.88 361.84 361.32 361.76 362.92 362.64 361.88 361.72 361.76 360.6 360.52 360.16 358.84 358.56 359 359.56 360.16 361.48 362.24 361.92 360.88 360.2 358.88 356.16 355.36 355.88 359.8 361.88 359.24 359.24 363.16 361.96 359.32 359 353.12 356.64 357.8 358 357.36 354.36 355.72 352.08 354.76 354.88 352.4 351.72 350.64 350.48 349.48 348.48 346.28
391.16 386.72 384.84 384.36 383.52 382.28 380.44 378.28 376.48 375.68 375.08 373.84 373.48 373.36 372.44 370.48 370.6 369.56 369.2 367.64 366.36 364.96 364.16 364.12 364.4 364.6 364.6 363.8 364.48 364.4 363.96 362.96 360.96 361.12 361.08 360.4 362.04 363.28 363.44 363.36 363.68 364 362.36 360.48 358.8 358.8 359.24 362.44 364.92 362.96 360.8 365.48 364.84 366.04 364.28 361.8 356.48 362.32 364.48 363.04 362.16 357.16 359.88 354.76 357.92 357.84 357 357.6 355.08 355.04 352.16 351.72 349.2
390.08 388.56 390.84 390.76 388.92 385.28 381.92 379.24 379.12 378.24 377.28 376.6 374.88 374.8 374.4 373.44 372.88 372.96 370.28 368.88 367.48 367 367.32 367.44 367 366.84 366.64 366.36 366 365.08 364.6 364.04 363.68 362.76 363.64 364.64 364.96 366.12 366.04 365.92 365.8 364.52 361.88 360.72 360.48 360.72 365.52 366.88 366.76 362.76 367.04 370.84 370.4 370.68 368.88 360.56 358 364.8 367.72 368.12 366.56 361.68 364.32 358.76 364.52 363.48 363.72 361.04 358.84 359.12 356.36 355.44 353.08
394.52 394.44 391.92 390.08 388.2 384.52 382.08 381.04 380.48 380.24 380.24 379 377.64 376.6 375.92 374.4 374.72 372.96 371.32 370.64 370.28 369.6 369.12 370.12 370.12 369.96 368.56 368.4 367 366.36 367.04 366.6 365.48 365 368.44 369.68 369.96 369.16 367.64 366.16 365.04 364.04 363.2 361.56 361.84 367.16 369.4 369.16 365.76 367.84 368.64 373.16 374.68 373.08 364.88 363.72 364.44 364.6 371.64 373.16 370 368.76 372.08 363.24 368.36 370.04 370.2 366.84 361.44 362.76 359.76 359.96 356.96
400.28 395.8 392.64 390.24 387.56 385.68 384.72 383.16 381.48 381.4 381.64 381.76 379.92 379.48 378.08 377 374.72 373.56 373.84 373.44 372.4 372.04 373.28 372.16 371.48 371.16 370.56 368.96 368.2 368.52 368.88 367.68 367.88 369.6 373.28 372.64 372.04 370.64 368.64 367.56 367.24 365.56 363.6 361.92 370.44 372.44 373.28 369.6 370.52 374.6 374.12 377.6 376.08 373.96 371.68 364.72 371.88 367.6 370.92 378.16 376.04 370.88 376.88 366.36 371.12 375 374.68 372.72 367.32 368.2 365.12 365.72 362.08
