Scripts_&_data/B6_all_seraphim_analyses/Environmental_files/LASV_rasters/Elevation_NGA_0.04.asc
NCOLS 408 
NROWS 336 
XLLCORNER -7.19999999887477e-05 
YLLCORNER 1.9999752 
CELLSIZE 0.04166665 
NODATA_value -2147483647 
[rows 224 to 255 of 336, columns 292 to 364 of 408]
919.8 911.56 904.52 907.4 891 875.76 883.08 895.8 894.32 912.2 887.4 887.72 917.16 943.92 943.76 957 1012.92 1114.4 961.96 932.96 933.88 961.52 1030.88 1027.2 884.12 881.56 871.36 874.72 863.68 855.56 865.8 880.6 885.92 888.16 894.52 900.56 928.2 931.64 938.48 933.16 926.04 917.32 923.84 950.88 984.48 970.84 982.28 1009.8 1023.36 1055.44 1093.2 1103.6 1113.16 1100.6 1081.6 1071.72 1079 1089.04 1106.32 1121.24 1130.48 1129.32 1196.72 1221.48 1185.4 1198.48 1225.76 1174.08 1104.68 1110.6 1156.92 1175.76 1179
955.12 922.24 913.96 903.56 895.4 885.64 869.28 883 885.84 893.28 880.92 877.24 893.92 895.8 895.12 908.84 924.36 946.28 913.28 898.04 902 924.36 936.96 908.2 876.52 867.6 880.92 874.32 889.16 878.24 882.32 866.84 868.12 868.68 877.36 904 917.08 941.12 946.8 916.64 915.28 929.08 949.28 951.36 974.8 987.44 1023.6 1051.12 1057.48 1073.12 1079.92 1052.28 1076.4 1098.28 1075.2 1041.24 1063.76 1034.6 1071.76 1056.16 1065.76 1073.84 1090.96 1160.24 1149.32 1200.28 1211.72 1190.16 1113.4 1079.4 1121.84 1127.92 1125.36
983.36 941.36 937.8 897.44 888.16 887.2 872.4 871.12 873.92 879.84 876.24 866.44 875.56 877.84 881.16 893.8 903.32 886.96 884.68 888.88 891 886.16 880.32 865.6 871.48 884.32 898.28 899.6 897.84 899.36 902.36 881.76 888.92 891.08 875.08 883.36 899.44 927.76 916.76 905 932.84 936.68 958.6 973.12 986.96 1003.08 1050.24 1060.4 1067.68 1065.64 1067.76 1033.72 1032.44 1066.24 1049.2 1021.68 1007.4 983.48 978.24 964.32 1016.8 1006.84 997.8 1040.96 1127.6 1187.36 1174.72 1161.8 1133.96 1068.48 1090.68 1096.24 1107.24
935.08 977.72 954.12 909.52 906.48 900.96 882.04 875.8 867.32 866.84 868.4 870.52 864.72 862.24 872.32 868.72 874.8 868.72 884.32 888.36 876.56 855.84 861.04 888.32 954.12 909.64 913.68 916.36 909.4 895.76 887.4 891.8 920.24 910.56 900.68 885.92 895.72 897.32 906.6 913.96 935.8 958.8 952.52 967.88 983 1023.28 1052.8 1049.36 1049.32 1035.48 1006.88 995.2 1036.68 1068.84 1079.72 1036.96 968.08 932.96 951.84 941.08 953.52 961.2 997.2 1006.36 1030.48 1111.24 1138.56 1105.84 1101.32 1065.92 1102.4 1087.76 1132.76
947.68 971 984.28 915.56 913 907.48 904.96 889.32 872.76 873.08 866.32 851.12 845.48 844.44 849.24 858.88 864.44 874.84 881.68 885.2 866.16 870.16 881.44 895.76 944.96 1064.52 949.4 918.92 912.44 910.48 910.36 914.76 935.68 932.32 915.68 914.96 924.48 920.08 924.12 937.4 944.16 963.84 986.2 997.04 1012.64 1027.64 1032.72 1037 1010.76 985.84 969.08 1005.48 1022.24 1044.56 1037.32 1003.64 978.88 930.24 926.48 937.8 967.08 1015.92 989.64 1078.36 1104.6 1093.28 1112.32 1091.36 1062.56 1040.76 1086.04 1083 1120.76
964.16 1003.04 984.16 977.88 965.24 935.64 889.08 876.04 869.48 871.96 869.2 868.96 866.44 858.76 846.4 869.2 868.64 876.16 872.8 872.32 869.64 890.72 890.24 901.8 942.68 1237.56 986.76 933.88 922.52 920.16 927.68 934.48 941.44 943.2 911.84 944.28 948.24 939.04 952.24 955.84 969.48 978.8 998.8 1006.52 997.2 997.88 1017.96 1026.44 1027.04 1023.56 999.32 971.44 960.8 983.32 997.56 949.36 971.52 948.56 910.56 953.48 994.28 1028.8 1012.6 1101.12 1081.6 1073.2 1094.08 1072.16 1066.04 1039.84 1088.92 1060.12 1088.64
942.72 974.6 996.92 955.08 893.84 877.28 871.48 866.64 867.84 866.28 870.04 868.12 867.16 864.04 845.36 844.96 850.76 874.32 867.76 864.8 877.76 892.52 908.64 913.6 931.6 978.76 992.08 910.84 911.84 922 941.52 962.92 955.76 939.28 926.68 939.84 954.12 955.32 970.24 974.48 988.48 987.36 983.44 1003.04 986.88 995.44 1011.44 1006.2 1017.08 1026.68 1008.24 1009.88 961.08 932.6 940.48 929.56 944.04 927.16 917.72 951.8 984.08 1028.12 1056 1071.56 1043.8 1074.04 1087.96 1055.2 1028.84 1043.08 1050.88 1047.2 1099.52
952.84 939.44 904.76 885 877.96 871.96 867.68 871.64 864.8 862.76 860.76 864.68 853.12 849.48 849.56 844.4 860.32 861.04 856.76 874.48 883.8 891.44 902.72 900.92 913.32 917.88 908.4 902.28 907.96 913.56 936.96 942.28 968.76 950.92 945.52 964.32 974 974.36 984.2 983.08 980 970.96 983.64 970.72 969.6 1002.68 1022.76 1010.84 979.04 1007.04 990.76 996.48 1006.76 982.32 958.76 934.28 911.8 914.6 944.6 982.52 1001.92 1037.2 1087 1115.12 1038.6 1037.64 1033.96 1043.36 1024.56 1022.64 1017.88 1033.68 1079.72
936.28 935.4 911.4 887.8 878.04 871.64 880.96 879.56 872.2 872.24 866.96 861.96 872.16 871.12 848.08 852.12 876.08 873.68 867.76 877.28 872.2 886.04 893.88 892.12 901.24 914.32 903.48 890.12 894.52 909.4 911.72 899.56 920.12 960.32 966.2 973.2 977.52 973.64 975.04 972.24 960.84 958.72 960.32 942.92 954 997.2 1021.8 1008.04 980.12 959.52 968.24 972.04 988.8 995.96 975.84 923.8 921.12 978.6 958.76 977.4 1027.12 1076.64 1096.28 1099.92 1022.68 985.12 999.68 990.72 1013.72 1006.32 993.04 1013 1039.36
998 1001.76 960.2 896.72 884.64 881.24 891.56 884.84 876.56 874.68 874.52 873.68 877.88 865.96 848.28 856.32 875.64 890.4 888.28 885.88 884.6 883.64 899.44 891.48 907.84 910.56 899.8 882.36 881.04 886.32 880.56 869.68 905.84 961.92 971.76 972.44 964.16 957.24 959.4 961.52 969.52 944.28 941.96 921.64 957.4 988.8 1008.64 998.08 993.36 969.84 946.96 931.44 956.68 947.4 898.08 920.68 974.76 974.96 994.44 981.52 1025.72 1090.08 1119.36 1105.08 1015.64 958.24 973.96 963.24 988.68 992.36 972.44 965.96 1033.2
975.04 999.52 1010.72 928.04 893.32 891.44 897.08 895.68 885.36 884.36 886.36 882 882.48 858.52 842.36 874.28 851 892.72 896.52 896.96 894.76 896.84 896.72 894.48 898.44 908.4 904.64 883.6 872.52 883.76 858.32 879.4 890.08 963.96 960 954.16 966.88 967 974.28 964.96 947.76 937.4 908.48 958.64 974.32 1003.32 993.36 968.2 963.84 970.68 965.36 962.36 923.84 903.6 918.4 966.96 981 978.28 1001.76 1006.64 1039.96 1110.08 1079.76 1056.32 992.72 941.28 934.96 955.84 958.88 952.6 895.96 895.84 1005.8
949.64 972.68 950.68 905.4 911.6 911.4 907.44 909.52 895.48 894.48 888.8 885 877.08 867.68 837.64 833.8 814.48 851.08 879.44 899.96 908.36 903.64 900.92 892.28 885 901.56 899.12 878.08 865.68 880.48 861 888.32 904.32 928.84 955.76 902 969.16 978.8 962.08 944.84 929.12 936.56 915.48 972.24 991.28 1008.12 995.12 969.92 951.6 939.12 929.48 923.32 924.24 905.84 901.36 923.24 923.28 925.72 983.76 1043.56 1052.48 1089.52 1045.76 1031.52 988.52 956.48 912.64 915.12 930.12 901.08 817.44 873.92 949.76
942.12 929.52 939.24 914.24 895.16 890.8 888.96 899.8 896.56 894.56 885.48 881.76 874 881.56 844 854.96 783.2 789.4 814.2 888.96 899.04 904.96 903.44 901.12 883.24 889.96 884.32 873.96 858.16 856.48 879.6 893.28 911.6 931.16 915.28 845.16 865.32 943.28 953.24 949.48 943.32 921.36 891.96 932.68 980.24 994.16 997.64 991.24 984.6 969.16 946.92 950.92 955.28 940.48 877.92 908.56 897.16 956.04 995.96 1038.48 1047.96 1079.12 1036.76 1000.68 1001.64 977.72 921.84 886.96 879.52 848.16 796.84 900.08 951.96
946.12 908.24 932.64 918.92 897.68 874.32 864.32 878.48 862.56 898.6 902.12 888.28 874.72 896.68 876.72 830.44 768 797.64 829.72 864.84 872.96 867.36 905.44 903.92 887.52 891.4 880 871.28 870.52 846.08 863.08 906.12 894.72 861.04 871.24 833.32 835 884.8 905.56 941.28 931.88 931.36 895.52 949.16 964.52 960.48 970.36 972.52 987.56 971.84 959.8 957.28 909.84 898.16 863.56 877.6 917.4 965.16 1016.8 1021.84 1040.04 1068.44 1056.92 1004.08 982.68 966.92 941.16 895.44 881.44 821.68 772.32 890.96 912.24
901.4 918.36 930.84 925.96 902.44 902.28 887.28 857.32 805.72 872.92 898.44 893.72 850.76 870.4 851.56 796.84 765.84 780.52 829.12 849.12 867.56 852.48 865.96 895 903.68 907.28 905.84 872.68 833.28 825.44 882.48 919.76 879.88 853.72 846.6 838.16 830 838.36 865.44 923.48 942.36 919.32 893.2 932.12 951.6 947.16 947.44 949.52 984.76 994.96 939.6 903.96 872.72 859.48 883.36 908.32 913.68 962.68 986.4 1012 1026.04 1044.64 1062.04 1042.56 1018.84 1001.32 983.56 914.52 814.48 782 747.56 766.04 833.96
908.52 911.72 921.32 931 929.88 917.28 885.04 832.84 748.12 794.96 917.4 906.12 835.12 788.96 798.04 795.88 772.4 770.64 816.24 828.36 814.84 825.44 818.88 838.16 885.92 880.24 848.88 849.48 822.48 842.36 876.6 898.36 861.68 839.76 828.96 823.32 804.56 822.36 850.76 857.08 881.88 910.56 885.48 910.4 934.2 960.36 929.52 944.76 997.08 983.2 970.52 933.76 870.84 857.08 894.44 933.24 931 926.08 954.16 1011.24 992.6 1009.28 1020.08 1047.8 1045.4 1043.56 1014.96 933.48 848.48 810.32 741.2 689.2 728.88
904.6 903.36 913.72 927.16 939.2 946.44 895.32 763.52 730.8 778.8 852.76 830 763.08 761.24 788.72 788.08 779.4 776.84 817.28 835.84 813.8 795 821.88 840.16 855.92 848.24 841.84 819.4 810.44 855.8 884.6 891.4 855.84 822.72 820.04 816.8 795.68 810.32 816.72 834.6 854.64 920.6 884.6 906.76 959.12 982.24 930.2 951.32 988.76 938.32 918.96 910.36 865 863.24 917.8 944.44 968.32 955.48 961.32 1005.96 989.64 1009.04 1012.24 1023.28 1037.2 1061.16 1035.6 967.48 922.08 880.88 709.52 666.88 699
905.8 902.84 912.36 914.8 874.44 862.56 832.64 758.28 732 747.4 760.56 766.8 741.64 770.8 785.4 782.08 783.48 775.64 808.4 836 832.16 792.48 818.92 816.4 822.32 854.96 840.96 803.52 825.04 866.6 863.68 849 840.4 830.2 800.4 801.6 803.64 815.44 835.96 871.2 895.28 919.52 880.24 908.24 947.04 930.64 930.16 921.76 939.92 894.88 884.8 877.28 852.24 884.12 929.16 955.08 998.68 989.92 995.32 1019.04 988.96 993.08 983.76 1020.72 1013.76 1035.12 1013.52 965.48 918.88 920.28 709.28 675.84 709.8
898.32 893.96 902.36 865.48 802.48 768.92 761.28 739.76 735 743 727.92 730.88 747.52 772.84 774.28 779.64 766.08 776.04 797.52 821.88 812.36 805.72 809.8 803.04 794.16 843.08 831.28 792.04 808.4 838.28 855.08 840.68 828.2 811.08 773.8 792.2 826.44 832.36 857.04 869.56 899.64 904.84 879.2 893.08 915.88 910.48 887.12 872.48 878.6 857.96 832.88 852.56 887.76 872.28 904.48 963.48 992.2 1018.28 1000.64 1011.64 1001.56 955.44 977.64 1013.6 996.12 1013.48 1021.64 952.2 926.76 855.04 710.8 668.64 711.44
882.96 888.48 891.56 839 785.72 753.72 746.68 733.2 719.92 727.92 720.76 748.08 767.88 793.04 767.08 754.28 779.44 731.84 755.28 787.64 783.64 759.64 773.32 784.6 785 826.24 816.36 793.64 787.88 818.24 847.56 854.2 833.04 800.84 749.36 760.08 814.48 832.24 871 913.68 917.4 906.44 897.2 873.76 904.36 928.44 840.92 817.48 863.4 873.28 891 900.92 918.6 906.88 899.76 926 951.44 993.4 984.24 1003.8 1017.84 977.96 958.04 970 965.92 1004.16 1019.68 969.44 973.24 893.28 767.84 656.36 675.48
903.88 909.36 932.52 907.88 917.8 865.24 768.84 746.64 735.28 727.92 724.76 719.48 726.32 734.6 752.08 740.92 749.64 740.2 707.48 752.64 745.36 712 759.16 763.12 764.4 806.12 813.68 786.12 815.24 841.04 854.24 841.28 817.12 787.16 736.8 777.48 790.32 825.8 854.52 909.36 915.12 908.4 893.88 880.36 876.36 856.08 780.48 863.64 892.04 913.76 923.72 924.56 947.48 937.2 923.84 944.4 978.84 1000.2 972.16 978.08 1008.88 995.04 949.36 963.52 985.44 978.12 1015.28 1000.48 1027.2 969.64 888.16 699.08 651.32
912.96 923 938.76 923.56 955.96 966.84 900.48 758 752.76 744.32 735.84 721.08 709 717.16 732.04 726.76 724.68 710.8 685.72 717.16 739.72 717 738 724.32 746.08 769.84 785.68 777.32 806.4 829.48 836.52 823.52 814.64 778.32 732.92 763.92 773.96 825.8 878.68 902.56 914.64 901.28 893.44 894.88 843.32 773.72 750.8 735.24 821 921.08 946.64 950.56 965.44 969.8 957.6 975.88 1001.4 1001.84 963.28 984.52 1019.48 990.4 948.76 941.88 953.36 908.36 907.48 915.28 968.52 939.88 867.68 810.64 718.92
908.68 915.32 918.08 943.2 950.48 952.88 811.04 747.24 744.44 739.24 747 740.64 723.12 702.32 719.52 727.64 717.32 707.92 689.76 686.52 712.92 710.8 707.04 701.92 726.2 727.68 788.92 768.4 768.64 796.84 796.4 782.8 773.08 765.52 730.32 729.16 754.92 797.72 816.88 831.48 893.6 879.8 869.32 854.64 790.08 743.6 691.48 743.2 897.36 954.04 963.64 958.04 946.48 955.36 973.44 968.04 978.16 983.52 966.84 959.44 996.56 991 974.6 952.76 942.92 936.28 852.28 842.6 812.84 853.8 845.84 791.56 863.4
891.48 897.44 910.68 938.48 952.56 961.24 824.76 755.84 731.56 724.08 752.56 737.36 717.6 699.76 707.96 729.28 723.92 720.36 717.36 696.16 699.08 725.08 716.92 697.84 704.76 715.52 741.52 753.88 749.4 770.72 783.92 789.72 756 724.44 701.76 705.48 708.52 725.32 722.56 738.92 799.96 844.04 834.12 776.88 787.08 728.8 701.4 764.28 911.04 899.2 928.76 936.88 927.72 948.16 964.92 969 943.28 953.6 942.36 948.72 981.88 1006.04 997.72 981.84 965.76 943.44 864.28 780.92 774.2 834.96 784.24 739.72 847.64
898.16 914.2 921.48 936.24 901.32 849.44 775.84 746.8 728.32 718.28 732.88 736.56 723.56 713.08 697.96 714.64 719.2 711.8 713.48 702.24 695.8 722.8 723.12 696 714.88 724.04 736.44 745.44 751.56 745.56 743.56 717.88 716.4 694.2 711.92 686 683.52 694.4 715.36 726.72 758.68 802.92 808.64 733.8 717.28 701.6 707.52 835.6 882.72 876.48 911.8 915.36 918.52 938.4 946.44 975.36 955.28 930.04 926.48 946.68 958.24 971.52 986.04 1002.44 947 895.12 920.4 824.76 768.44 749.2 760.68 721.56 816.8
929.2 951.6 962.56 961.52 852.52 806.76 806.04 799.6 744.8 725.28 708.68 710.92 705.4 703.44 694.92 690.96 710.36 709.72 703.4 711.44 692.08 706.68 720.76 698.88 712.32 720.84 717.96 721.6 741.6 748.44 757.08 764.36 778.08 738.72 733.88 707.4 688.48 713.72 718.56 726.6 732.92 716.72 765.24 717.6 700.52 721.12 750.72 868.32 884.2 883.8 877 885.48 904.84 922.16 941.88 954.6 963.52 938.52 916.76 949.16 963.52 977.24 1008.44 1020.08 923.12 856.52 864.32 844.4 782.2 742.6 691.4 727.28 773.24
959.6 960.64 984.24 965.4 878.2 821.32 859.08 826.76 759.4 754.04 739.64 725.44 714.8 713.84 709.2 695.16 686.24 686.44 682.76 698.8 707.12 690.56 707.84 692.16 707.96 714.12 701 713.72 715.88 729.36 747.68 762.2 749.6 718.96 711.8 711.84 692.2 713.8 712.24 729.28 717.44 704.52 696.4 683.92 686.28 742.36 830.8 886.6 907.68 909.32 898.4 903.04 912.28 907.04 923.2 937.44 940.8 934.36 908.32 934.2 961.04 994.36 1001.04 952.88 859.68 809.88 795.88 804 746.72 744.8 688.08 723.44 747.28
994.28 972.08 933.04 897.56 823.48 793.32 819.44 779.4 748.2 741.24 733.04 738.76 735.68 727.72 710.68 704.36 700.76 702.88 703.76 695.48 686.68 677.12 679.72 674.64 696.68 698.44 692.68 702.04 702.8 718.68 723.56 737.68 725.2 715.4 699.64 681.84 701.72 712.52 715.36 723 681.08 683.36 678.24 700.44 717.2 804.16 887.68 923.6 926.88 926.12 916.4 913.48 920 904.68 907.16 924.48 911.24 929.4 912.68 913.68 947.2 965.48 977.36 936.36 873 876.92 798.44 745.96 712 711 694.84 700.6 755.68
996.44 998.12 851.64 733.44 770.72 772.04 768.6 757.84 745.32 736.24 723.04 713.84 734.04 716.04 714.8 715.04 711.44 716.6 712.72 723.04 718.64 713.16 709.2 697.28 674.96 668.44 670.8 692.4 694.76 714.28 712.8 723.4 716.56 701.16 694.4 677.68 700.76 715.28 719.68 721.16 682.64 698.2 708.32 719.36 779.28 843.92 899.48 922.24 919.4 906.04 915.44 909.24 908 913.44 895.08 904 897 914.36 898.12 914.36 928.4 940.48 964 948.28 869.84 867.72 845 759.28 753.64 734.72 689.08 698.64 750.32
840.6 817.4 742.6 700.16 725.48 744.64 744.6 737.04 730.2 721.88 712.24 701.8 707.36 720.72 710.48 712.68 712 712.64 715.08 719 726.72 728.24 721.36 708.72 713.92 702.92 680.6 677.88 674 711.04 703.96 710.52 711.52 683.64 676.24 699.48 712.44 716.36 726.76 724.64 678.88 700.2 732.8 791.36 769.32 877.48 877.88 894.68 904.68 905.6 907.48 902.52 884.44 911.44 909.64 892.28 883.56 902.8 887.2 915.96 939.6 949.24 963.36 922.36 845.12 809.96 819.8 773.2 736.24 739.32 700.16 670.72 696.96
667.2 743.2 697.36 679.2 670.52 705.88 703.76 739.76 740.92 725.08 713.12 717.92 719.4 696.24 684.48 687.96 709.68 704.84 707 716.88 714.56 720.32 726.64 720.48 711.12 699.68 702.96 701.52 668.8 699.04 678.52 677.64 694.12 681.92 689.16 710.92 733.28 758.2 745.8 717.48 674.32 714.36 787.36 843.12 848.44 884.68 855.08 859.8 886.4 904.76 889.28 876.16 872.48 891.96 897.92 892.76 872.64 871.88 886.16 905.24 929.92 922.88 896.52 878.16 863 832.04 772.92 743.92 741.92 734.44 703.08 680 672.88
646.48 649.2 642.6 655.92 652.52 663.76 672.52 716.8 710.84 711.92 694.04 700.52 709.24 714.28 695.04 681.64 698.64 707.36 705.52 705.6 706.2 717.28 714.28 707.36 708.48 705.92 700.04 690.08 675.76 673.4 687.52 693.4 677.4 677.04 712.36 719.56 743.76 774.88 703.08 668.32 691.24 720.76 741.96 766.76 819.12 869.36 859 852.36 875.36 893.76 894.24 872.72 862.2 880.36 895.64 872.44 862 845.8 861.16 872.8 901.24 909.96 841.36 858.64 850.28 825.36 773.04 730.04 723.92 707.28 708.92 711.64 671.68
