Scripts_&_data/B6_all_seraphim_analyses/Environmental_files/LASV_rasters/Elevation_all_0.04.asc
NCOLS 816 
NROWS 336 
XLLCORNER -17.0000652 
YLLCORNER 1.9999752 
CELLSIZE 0.04166665 
NODATA_value -9999 
[rows 198 to 219 of 336, columns 539 to 587 of 816]
476.760009765625 478.799987792969 514.200012207031 507.959991455078 500.920013427734 512.200012207031 548.640014648438 507.799987792969 487.239990234375 433.239990234375 398.920013427734 391.559997558594 416.079986572266 398.519989013672 425 440.320007324219 440.440002441406 326.160003662109 217.440002441406 202.960006713867 194.800003051758 174 156.279998779297 150.960006713867 157.160003662109 165.399993896484 167.360000610352 199.119995117188 272.239990234375 186.080001831055 87.2399978637695 51.8400001525879 101.279998779297 104.440002441406 130.240005493164 262.160003662109 194.320007324219 173.639999389648 156.440002441406 224.119995117188 224.559997558594 236.720001220703 333.880004882812 380.399993896484 273.440002441406 305.119995117188 336.679992675781 346.880004882812 253.800003051758
423.640014648438 437.679992675781 445.399993896484 433.720001220703 446.160003662109 494.040008544922 551.880004882812 510.959991455078 448.359985351562 402.839996337891 390.200012207031 374.440002441406 359.720001220703 372.559997558594 382.079986572266 434.440002441406 408.359985351562 302.880004882812 221.039993286133 201.320007324219 166.039993286133 158.839996337891 149.639999389648 140.039993286133 125.879997253418 117.120002746582 122.040000915527 145.039993286133 149.600006103516 165.880004882812 82.3199996948242 59.7200012207031 127.400001525879 173.919998168945 227.080001831055 250.880004882812 190.240005493164 184.039993286133 230.639999389648 263.320007324219 334.279998779297 272.279998779297 356.359985351562 368.480010986328 308.640014648438 354.559997558594 390.480010986328 392.600006103516 351.480010986328
413.399993896484 426.880004882812 408.279998779297 415.839996337891 437.839996337891 514.359985351562 594.080017089844 493.279998779297 438 403.959991455078 379.519989013672 370.079986572266 353.799987792969 362.200012207031 378.399993896484 389.720001220703 385.760009765625 314.359985351562 206.520004272461 214.080001831055 211.360000610352 176.880004882812 154.639999389648 166.199996948242 172.600006103516 127.76000213623 107.360000610352 125.639999389648 114.480003356934 86.5599975585938 58.2000007629395 168.919998168945 190.720001220703 293.399993896484 300 274.640014648438 282.679992675781 275.679992675781 290.559997558594 343.040008544922 330.799987792969 337.600006103516 358.320007324219 407.839996337891 354.200012207031 352 404.480010986328 374.640014648438 368.279998779297
412.440002441406 403.760009765625 397.799987792969 416.040008544922 432.799987792969 459.160003662109 514.400024414062 452.119995117188 436.799987792969 398.519989013672 371.359985351562 354.799987792969 363.559997558594 343 342.519989013672 350.440002441406 380.119995117188 303.880004882812 234.679992675781 286.119995117188 238.520004272461 190.520004272461 168.479995727539 162.960006713867 143.119995117188 131.279998779297 110.519996643066 85.7200012207031 114.400001525879 61.8800010681152 109.76000213623 149.679992675781 335.959991455078 427.119995117188 273.200012207031 256.640014648438 385.880004882812 367.559997558594 356.359985351562 340.200012207031 379.040008544922 393.760009765625 408.799987792969 385.760009765625 390.040008544922 391.920013427734 364.200012207031 369.200012207031 328
402.079986572266 374.959991455078 378.720001220703 382.279998779297 430.760009765625 470.040008544922 514.200012207031 419.519989013672 365.079986572266 345.920013427734 340.079986572266 333.040008544922 336.160003662109 338.640014648438 353.160003662109 363.399993896484 393.320007324219 431.720001220703 368.040008544922 337.799987792969 277.760009765625 252.199996948242 217.080001831055 213.479995727539 233.559997558594 152.440002441406 142 106.440002441406 96.1600036621094 41.2000007629395 146.880004882812 416.640014648438 349.920013427734 295 222.320007324219 272.279998779297 383.079986572266 389.760009765625 353.600006103516 325.399993896484 355.480010986328 369.399993896484 378.239990234375 360.200012207031 385.440002441406 376.160003662109 340.279998779297 306.119995117188 348.839996337891
376.640014648438 362.640014648438 358.600006103516 362.119995117188 380.079986572266 428.440002441406 453.160003662109 428.279998779297 374.480010986328 345.119995117188 325.200012207031 312.959991455078 321.760009765625 347.799987792969 367.279998779297 384.320007324219 392.320007324219 455.640014648438 417.839996337891 280.440002441406 237.240005493164 218.960006713867 244.360000610352 222.960006713867 287.079986572266 204.600006103516 181.479995727539 197.720001220703 117.040000915527 55.9599990844727 158.479995727539 375.359985351562 209.039993286133 176.759994506836 213.240005493164 288 334.839996337891 366.239990234375 288.279998779297 284.119995117188 308.320007324219 327.839996337891 346.799987792969 367.720001220703 383.679992675781 350.119995117188 313.559997558594 301.839996337891 366.880004882812
362.920013427734 343.959991455078 341.239990234375 341.480010986328 335.440002441406 382.559997558594 383.440002441406 452.239990234375 467 375.359985351562 351.440002441406 321.440002441406 373.359985351562 348.399993896484 343.760009765625 370.959991455078 368.600006103516 455.679992675781 335.839996337891 247.960006713867 230.839996337891 201.559997558594 218.839996337891 200.679992675781 197.199996948242 221.800003051758 175.520004272461 211.720001220703 159.440002441406 58.1599998474121 94.5999984741211 149.440002441406 145.919998168945 152.360000610352 179.919998168945 283.119995117188 309.600006103516 304.799987792969 293.600006103516 359.119995117188 382.679992675781 376.440002441406 330.720001220703 329.959991455078 361.760009765625 348.600006103516 295.079986572266 301.640014648438 343.720001220703
362.760009765625 339.200012207031 328.640014648438 330.079986572266 310.640014648438 317.880004882812 331.920013427734 407.880004882812 458.200012207031 429.600006103516 422.359985351562 338.119995117188 296.040008544922 329.480010986328 363.040008544922 356.239990234375 324 377.160003662109 473.720001220703 337.239990234375 209.839996337891 188.639999389648 175 168.240005493164 192.360000610352 235.880004882812 177.240005493164 168.360000610352 133.479995727539 47.4000015258789 72.4800033569336 121.120002746582 87.4400024414062 114 148.479995727539 243.679992675781 300.959991455078 248.279998779297 316.119995117188 362.399993896484 397.079986572266 369.760009765625 280.679992675781 249.119995117188 272.559997558594 287.959991455078 263.239990234375 310 310.760009765625
348.880004882812 328.040008544922 311.320007324219 303.359985351562 293.640014648438 306.399993896484 305.679992675781 323.760009765625 365.200012207031 372 337.559997558594 314.079986572266 289.640014648438 318.519989013672 344.760009765625 340.760009765625 307.040008544922 359.959991455078 485.959991455078 462.279998779297 321.480010986328 251.440002441406 183.520004272461 162.240005493164 169.520004272461 190 260.399993896484 206.279998779297 109.680000305176 44.2799987792969 49.0800018310547 70.9199981689453 103 125.959999084473 147.759994506836 240.960006713867 316.359985351562 242.039993286133 306.119995117188 359.640014648438 363.559997558594 341.279998779297 245.119995117188 275.480010986328 286 256.920013427734 279.519989013672 304.279998779297 313.720001220703
368.040008544922 332.200012207031 298 282 266.880004882812 284.200012207031 283.720001220703 275.600006103516 278.440002441406 318.600006103516 314.559997558594 303.040008544922 279.359985351562 297.040008544922 363.079986572266 369.799987792969 317 324.640014648438 399.519989013672 474.600006103516 425.880004882812 283.119995117188 222.679992675781 190.080001831055 149.440002441406 232.360000610352 295.760009765625 161.479995727539 70.1600036621094 35.2799987792969 63.5200004577637 99.1999969482422 123.160003662109 142.759994506836 206.479995727539 322.279998779297 293.720001220703 223.160003662109 318.799987792969 375.119995117188 338.679992675781 258.119995117188 228.440002441406 289.640014648438 328.040008544922 313.160003662109 307.799987792969 328.720001220703 330.480010986328
355.720001220703 326.119995117188 297.480010986328 267.679992675781 238.479995727539 240.559997558594 221.080001831055 239.960006713867 307.079986572266 340.799987792969 298.239990234375 272.279998779297 340.320007324219 445.160003662109 361 358.600006103516 348.279998779297 297.359985351562 386 454.040008544922 432.600006103516 366.079986572266 348.239990234375 326.160003662109 196.720001220703 212.160003662109 307.920013427734 134.440002441406 48.7599983215332 36 76.9199981689453 114.199996948242 135.479995727539 187.639999389648 291.679992675781 299.279998779297 212.520004272461 300.440002441406 333.079986572266 351.440002441406 310.600006103516 220.720001220703 243.720001220703 280.959991455078 268.359985351562 236.839996337891 233.800003051758 258 280.119995117188
331.920013427734 331.119995117188 320.959991455078 282.959991455078 255.520004272461 229.679992675781 206.639999389648 207.839996337891 256.200012207031 275.880004882812 240.919998168945 259.079986572266 344.239990234375 340.239990234375 290.119995117188 288.720001220703 292.799987792969 292.799987792969 278.359985351562 390.320007324219 332.720001220703 344.480010986328 402.959991455078 339.079986572266 246.279998779297 171.839996337891 255.639999389648 144.360000610352 108.440002441406 36.1599998474121 63.2799987792969 95.6399993896484 119 234.720001220703 270.239990234375 199.080001831055 191.960006713867 282.239990234375 297.279998779297 275.640014648438 260.839996337891 229.080001831055 220.440002441406 264.799987792969 278.640014648438 213.720001220703 278.239990234375 305 297.799987792969
314.679992675781 307 323.399993896484 291.720001220703 274.679992675781 260.160003662109 251 223.399993896484 206 211.639999389648 186.279998779297 232.600006103516 280.640014648438 313.079986572266 281.359985351562 239.199996948242 235.800003051758 214.720001220703 221.119995117188 327.239990234375 296.760009765625 278.079986572266 256.239990234375 277.320007324219 251.919998168945 175.240005493164 111.879997253418 93.1999969482422 66.6800003051758 31.3199996948242 37.1599998474121 77.4400024414062 182.240005493164 252.679992675781 206.520004272461 175.399993896484 235.600006103516 240.440002441406 252.279998779297 210.919998168945 215.399993896484 180.279998779297 204.919998168945 220.919998168945 218.360000610352 221.600006103516 278.600006103516 294.279998779297 341.040008544922
300.600006103516 285.119995117188 317.239990234375 313 280 244.800003051758 233.160003662109 229.360000610352 210.559997558594 210.720001220703 183.800003051758 204.479995727539 301.679992675781 316.679992675781 255.279998779297 198.559997558594 165.479995727539 165.479995727539 241.199996948242 251.960006713867 225.720001220703 196.919998168945 202.080001831055 188.919998168945 167.559997558594 134.240005493164 101.319999694824 88.4400024414062 69.9199981689453 42.0400009155273 31.8799991607666 92.4400024414062 213.880004882812 193.320007324219 133.679992675781 168.839996337891 157.039993286133 163.600006103516 163.240005493164 156.119995117188 146.600006103516 167.199996948242 213.720001220703 216.279998779297 201.240005493164 248.679992675781 268.440002441406 318.160003662109 346.959991455078
286.200012207031 277.279998779297 297.320007324219 299.279998779297 308.760009765625 278.399993896484 248.080001831055 228.080001831055 205.919998168945 186.360000610352 279.920013427734 272.279998779297 292.119995117188 288.839996337891 249.639999389648 246.720001220703 201.759994506836 154.279998779297 248 259 226.039993286133 161.639999389648 184 258.040008544922 180.240005493164 137.759994506836 224.399993896484 228.440002441406 163.679992675781 79.5599975585938 34.4799995422363 98.0400009155273 139.839996337891 107.440002441406 97.0800018310547 93.5199966430664 93.120002746582 99.1600036621094 116 110.199996948242 124.959999084473 169.279998779297 199.679992675781 156.119995117188 207.479995727539 267.559997558594 247.279998779297 252.279998779297 273.880004882812
240.360000610352 248 259.799987792969 266.399993896484 250.399993896484 223.119995117188 226.720001220703 188.919998168945 165.800003051758 136.759994506836 229.160003662109 259 233.720001220703 232.080001831055 232 197.440002441406 208.039993286133 144.320007324219 164 213.440002441406 248.600006103516 146.720001220703 225 297.119995117188 268.119995117188 155.880004882812 205.960006713867 174.320007324219 127.279998779297 66 39.3600006103516 53.7999992370605 63.9199981689453 65.5999984741211 67.7200012207031 67.7600021362305 67.5999984741211 72.120002746582 82 86.3199996948242 111.800003051758 132.960006713867 151.199996948242 180.639999389648 210.800003051758 215 262.399993896484 313.720001220703 361.880004882812
209.880004882812 226.320007324219 223.600006103516 229.119995117188 233.559997558594 211.559997558594 203.919998168945 179.520004272461 137.039993286133 165.919998168945 229.479995727539 222.119995117188 184.160003662109 206.479995727539 237.080001831055 185.160003662109 231.919998168945 205.240005493164 136 208 213.720001220703 147.039993286133 180.080001831055 173.919998168945 146.520004272461 108.360000610352 76.5199966430664 47.2000007629395 35.0400009155273 27.7199993133545 31.5599994659424 34.7999992370605 41.2799987792969 45.3600006103516 50.2400016784668 51.1199989318848 41.5200004577637 45.1599998474121 55.7200012207031 60.7599983215332 86 106.23999786377 129.520004272461 182.960006713867 242.360000610352 287.760009765625 327 343.959991455078 354.799987792969
195.240005493164 203.800003051758 200.639999389648 194.520004272461 185.520004272461 203.559997558594 183.240005493164 157.919998168945 134.119995117188 188.960006713867 220.440002441406 180.119995117188 208.479995727539 168.160003662109 222.479995727539 174.720001220703 186.399993896484 176.360000610352 133.759994506836 126.720001220703 113.440002441406 90.4400024414062 84.8399963378906 79.5999984741211 70.7200012207031 50.1199989318848 42.0400009155273 32.3199996948242 31.8400001525879 28.6000003814697 31.2399997711182 31.3199996948242 31.8799991607666 36.3199996948242 36.2400016784668 39.7999992370605 38.1199989318848 41.7999992370605 54.560001373291 64.2799987792969 73.0400009155273 102.279998779297 146.080001831055 197.880004882812 242.119995117188 301.720001220703 343 336.119995117188 374.839996337891
177.080001831055 166.279998779297 161.720001220703 163.800003051758 172 148.800003051758 160.960006713867 148.720001220703 137.240005493164 179.479995727539 216 169.240005493164 188.119995117188 150.520004272461 156.559997558594 128.919998168945 110.040000915527 97.5599975585938 82.0800018310547 75.0400009155273 66.1999969482422 61.5999984741211 59.4000015258789 50.7999992370605 52.4000015258789 43.3199996948242 34.7999992370605 30.1599998474121 32.439998626709 29.5599994659424 32.560001373291 30.6800003051758 30.7600002288818 31.9599990844727 31.6399993896484 32.3600006103516 38.7599983215332 52.5200004577637 67.879997253418 85.5999984741211 87.4800033569336 126 170.800003051758 230.960006713867 258.799987792969 311.359985351562 321.679992675781 352.760009765625 397.160003662109
139.440002441406 129.800003051758 133 157.199996948242 150.800003051758 139.039993286133 138.880004882812 154.800003051758 120.080001831055 175.080001831055 152.800003051758 118.199996948242 103.199996948242 98.1600036621094 108.680000305176 98.0800018310547 96.1600036621094 91.6800003051758 76.5199966430664 67.7600021362305 63.1599998474121 58.2400016784668 52.560001373291 47.2799987792969 42.2799987792969 40.3600006103516 33.1599998474121 29.1599998474121 30.0799999237061 28.6000003814697 32.5999984741211 31.8400001525879 33.2799987792969 31.3999996185303 29.6800003051758 30.8400001525879 33.5200004577637 44.439998626709 66.8399963378906 101.23999786377 130.720001220703 150.080001831055 197.320007324219 226.839996337891 264.480010986328 282.559997558594 308.799987792969 364.799987792969 420.519989013672
140 100.199996948242 97.6399993896484 120.639999389648 129.479995727539 129.360000610352 133.119995117188 136.679992675781 112.120002746582 113.23999786377 84.4800033569336 76.5599975585938 81.5999984741211 97.6399993896484 112.879997253418 110.919998168945 110.959999084473 100.080001831055 88.0800018310547 85.1999969482422 81.0400009155273 82.4800033569336 70 64.4000015258789 53.5200004577637 37.5999984741211 32.4000015258789 29 27.7199993133545 30.5200004577637 29.9200000762939 30.1200008392334 32.560001373291 32.4000015258789 30.4400005340576 30.5200004577637 37.0400009155273 62.7599983215332 85.3600006103516 112.319999694824 139.199996948242 184.880004882812 246.320007324219 289.399993896484 303.640014648438 332.720001220703 363.600006103516 396.160003662109 439.320007324219
134.600006103516 117 79.4800033569336 111.599998474121 123.160003662109 114.279998779297 108.639999389648 86.2399978637695 71.1999969482422 71 71.3199996948242 80.8399963378906 93.9199981689453 108.440002441406 127 129.479995727539 134.080001831055 129.639999389648 134.800003051758 136.800003051758 130.679992675781 116.080001831055 103.279998779297 87.1999969482422 64.2799987792969 41.5999984741211 31.7600002288818 28.7999992370605 28.0799999237061 30.7600002288818 29.8799991607666 29.2399997711182 29.6000003814697 30.1599998474121 31.8400001525879 32 38.3199996948242 62.1599998474121 83.4800033569336 114.080001831055 165.679992675781 220.600006103516 245.559997558594 308.160003662109 369.399993896484 414.839996337891 441.640014648438 462.559997558594 433.880004882812
