Scripts_&_data/B6_all_seraphim_analyses/Environmental_files/LASV_rasters/Elevation_NGA_0.04.asc
NCOLS 408 
NROWS 336 
XLLCORNER -7.19999999887477e-05 
YLLCORNER 1.9999752 
CELLSIZE 0.04166665 
NODATA_value -2147483647 
[rows 224 to 255 of 336, columns 219 to 291 of 408]
201.48 251.56 345.8 254.96 283.6 304.68 311.76 277.64 440.48 469.72 262.08 438.16 283.24 726.6 582.92 356.6 703.32 427.76 1041.8 1107.44 1001.28 1256.72 1101.68 1065.8 920.04 490.88 695.88 828.24 838.88 858.64 873.76 893.12 907.28 942.8 992.64 1126.08 981.28 1120.72 1154.04 1283.6 1374.16 1287.64 1141.76 687.84 734.96 1142.96 1306.68 1315.16 1505.48 1506.2 1514.48 1531.92 1321.28 1449.08 1495 1532.92 1530.2 1609.44 1415.32 1194.36 1223.8 1214.36 1202.36 1182.72 1168.56 1160.28 1087.16 1067.92 1033.08 972.84 980.4 952.44 928.48
227.88 309.12 314.6 349.96 533.8 619.36 356.12 315.6 394.32 417.8 334.44 566.68 226.24 440.4 498.8 493.96 828.16 656.32 904.64 1132.88 1220.36 1348.08 1067.48 1064.76 939.44 624.56 708.08 749.36 921.08 871.4 887.16 914.36 978.48 976.76 1000.64 1093.64 1290.68 1601.44 1524.04 1607.16 1528.44 1322.84 1220.44 824.04 992.8 1046.04 1390.96 1275.32 1471.2 1512.88 1604.12 1580.4 1432.08 1567.2 1601.16 1561.96 1509.48 1380.08 1247.76 1180.32 1209.12 1184.6 1167.48 1164.56 1151.4 1135.04 1141.52 1088.64 1042.52 982.04 946.04 957.4 973.44
471.8 299.68 336.16 629.56 1263.08 929.12 340.08 366.6 358.12 361.28 338.48 439.52 299.68 598.36 694.36 859.36 572.28 625.2 585.08 940.88 1385.4 1314.12 1073.44 1084.8 943.04 899.48 799.76 740.2 807.96 860 891 937.8 914.24 968.44 1008.2 1099.4 1286.68 1610.24 1723.04 1669.28 1574.48 1353.52 1275.28 975.12 1132.88 1028.08 1316.12 1217.32 1423.88 1608.48 1636.56 1523.4 1504.08 1542.24 1635.84 1665.56 1441.96 1211.8 1327.84 1234.68 1151.92 1123.12 1153.16 1161.8 1145.36 1133.4 1115.56 1122 1054.44 992.32 956.12 945.12 958.84
375.16 385.4 503.44 837.48 1326.2 677.92 393.36 437.84 402.56 360.24 369.4 304.36 271.76 295.92 672.4 856.6 724.12 802.88 676.92 691.56 1108.52 1165.96 1089.16 1129.48 1124.4 1022.88 857.52 844.16 851.04 845.04 1060.28 1118 944.28 1005.4 1039.2 1173 1210.72 1411.4 1651.6 1744.64 1573.96 1510.4 1348.88 1161.92 1009.6 1277.16 1374.32 1226.88 1373 1520.2 1486.4 1334.52 1582.68 1589.36 1418.88 1343.16 1227.4 1176.36 1224.6 1219 1142.24 1134.72 1104 1105.76 1083.6 1105.2 1096.52 1003.72 954.04 954.76 957.36 949.24 929
177.08 228.4 305.24 800.2 1087.08 863.6 628.08 477.32 447 405.48 371.92 383.28 401.6 325.56 293.44 513.48 479.24 576.2 742.4 904.68 990.48 1111.48 1080.04 1083.64 1158 1087.2 765.4 941.52 964.8 913.36 1226.72 1306.44 1089.6 1093.08 1183.44 1284.6 1359.16 1643.92 1827.04 1771.76 1726.52 1695.64 1321.84 1161.96 1199.28 1314.72 1400.84 1243.2 1225.2 1092.84 913.6 830.32 1075.2 1380.56 1035.84 901.76 1067.04 1212.84 1189.96 1124.68 1093.16 1076.52 1082.08 1073.04 1064.92 1028.8 999.44 1010.04 964.92 928.12 944.08 929.76 920.4
168.64 204.72 328.44 633.52 1051.44 1387.84 1041.96 494.56 447.6 443.56 395.6 345.32 388.56 420.76 295.32 419.56 418.24 615.24 484.4 723.36 1083.24 1131.24 1076.4 1055.4 1164.28 1198.84 887.52 1179.52 1104.8 1104.6 1346.24 1331.68 1241.24 1041.12 1228.4 1261.96 1291.48 1509.68 1847.76 1978.56 1912.88 1836.52 1407.76 1334.76 1474.36 1525 1434.56 1304.4 858.24 787.24 763.88 809.4 877.32 840.96 839 761.88 793.4 1189.04 1289.8 1175.6 1130.04 1095.32 1113.68 1014.72 1014.36 1017.16 953.8 923.48 934.16 935.24 917.6 912.56 928.56
163.76 231.16 256.52 419.84 790.96 1465.92 1123.4 718.96 641.32 467.8 456.68 418 374.04 392.88 373.84 381.24 497.48 638 646.68 591.84 829.92 1060.16 1080.88 1045.6 1149.8 1248.6 1257.92 1429.32 1202.44 1326.28 1438.92 1384.32 1176.04 1106.08 1237.12 1298.4 1746.52 1766.16 1846.28 1908.28 2007.24 1918.32 1548.04 1238.76 1243.96 1228.76 1386.48 1213.48 783.24 856.24 810.6 756.64 768 766.12 755.6 792.24 745.16 972.52 1136.56 1156.84 1111.64 1081.48 1049.68 1002.96 954.72 963.52 937.8 912.24 916.76 951.04 913.24 934.96 936.96
158.44 243.04 201.28 301.6 572.08 889.08 1440.56 866.48 1013.96 636.16 615.4 554.68 470.36 430.6 471.4 701.24 445.28 487.6 828.16 626.16 709.2 873.96 1043.6 1020.84 1141.8 1332.88 1450.44 1437.64 1457.2 1610.08 1550.44 1398.72 1372.28 1112.56 1250.44 1614 2161.8 2084.08 1918.68 1962.44 1886.8 1887.8 1510.08 936.2 846.96 908.88 945.52 958.4 762.36 908.04 793.12 741.32 746.96 752.32 749.16 752.72 743.4 1056 881.28 1014.72 1177.08 1139.4 1135.32 1092.4 962.88 935.32 911.4 920.08 927.6 938.28 919.4 941.52 949.88
150.92 237.28 180.08 282.76 424.28 637.4 1124.04 1120.2 1261.4 880.92 736.2 729.2 584.56 586.84 463.56 586.76 636.92 546.72 708.44 742.24 755.84 697.6 1047 976.44 1060.68 1183.8 1358.24 1492.08 1654.64 1870.92 1966.44 1650.92 1524 1263.56 1275.12 1689.08 2181.24 2136.76 2091.08 2026.48 1722.4 1505.8 1140.76 809.8 764.48 781.68 811.24 768.08 745.32 741.24 870.56 740.72 739.4 744.84 736.56 727.56 730.8 867.68 771.24 831.48 1064.52 1028.88 1061.24 1016.76 958.76 905.96 898.84 927.24 927 929.24 924.48 920.24 923.44
153.8 214.92 270.44 306.36 284.88 381.36 785.56 1134 1286.44 899.72 919.88 862.08 605.8 805.96 858.04 765.96 870.72 762.8 773.24 726.04 810.92 692.04 747.72 758.68 1054.4 1202.44 1456.08 1524.88 1631.28 1999.6 2380.68 2090.52 1626.36 1620.04 1554.28 1764 2028.84 1996.52 2112.16 2118.68 1642.92 1445.36 1072.52 781.2 755.84 751.76 763.16 748.32 739.56 729.16 739.16 725.04 728.44 736.2 726.16 723.6 727.96 730.8 739 806.8 945.44 969.16 916.88 902.28 904.4 933.2 926.84 883.92 888.24 871.56 894.72 911.12 972.44
157.68 188.2 283.52 260 233.84 418.16 421.12 801.64 794.16 630.96 1004.8 828.64 858.4 1029.76 1238.84 805.24 959.12 772.12 941.64 826.92 1021 1058.32 614.08 751.48 916.04 887.8 1035.72 1288.4 1298.76 1704.48 2016.56 2270.72 1989.64 2289.92 2194.48 2011.08 1904.56 1808.12 2025.8 2173.24 1941.04 1529.36 984.92 834.04 934.24 830.68 743.48 741.56 738.68 742 734.76 723.2 722.64 730.36 719.84 717.96 722.52 729.36 747.08 781.84 873.08 869.44 831 824 769.12 777.64 844.44 851.6 884 908.96 938.16 961.6 969.84
159.24 165.08 197.68 282.48 185.52 173.32 282.52 446.6 340.08 364.36 1102 944.16 1123.08 1273.36 1128.32 879.48 1035.28 1017.72 1332.44 1044.08 1187.36 1294.16 686.6 688.8 816.4 929.92 961.68 1207.52 1280.96 1427.16 1750.2 2226.52 2362.56 2706.6 2241.64 2059.12 1859.52 1712.92 1864.96 1721 1858.8 1848.64 1262.2 1151.8 902.48 758.92 745.8 738.88 744.48 733.88 727.36 719.52 728.96 726.76 718.8 725.12 735.24 739.24 772.44 906.04 830.6 778.96 808.88 770.24 803.08 855.36 869.2 905.48 922.48 915.16 944.4 988.44 979.04
208.28 180.4 176.24 231.28 176.72 156.08 323.16 279.12 233.68 297.56 977.08 739.16 848.64 1080.2 1303.6 1405.48 1365.44 1483.76 1674.68 1499.88 1520.4 1290.64 1046.52 746.24 991.84 931.32 1066.88 1354.8 1679.44 1704.88 1892.56 1973.4 1922.92 1877.16 2136.52 1947 1754.68 1579.8 1546.92 1264.2 1346.04 1644.48 1521.36 1275 882 765.44 751.32 755.52 750.56 743.28 728.4 719.72 728.8 726.88 722.92 726.24 734.48 749.72 792.2 868.44 845.68 737.08 740.48 781.76 914 928.04 894.88 903.2 917.64 940.16 958.12 961.44 959.96
179.92 162 180.16 182.36 185.84 156.24 221.2 256 176.16 268.2 527.16 678.04 987.84 1229.96 1410.68 1604 1540.88 1510.12 1743.92 1716.76 1536.04 1199.04 1171.84 1104.52 1060.08 996.28 1135.12 1546.08 2069.12 2016.04 1789.32 1468.32 1513.2 1495.4 1593.36 1815.08 1648.8 1428.08 1223.16 1162.68 1117.36 1245.96 1258.32 1227.4 1098.72 970.28 806.28 761.04 746.64 733.2 724.2 717.92 729.6 717.04 719 723.04 734.92 736.4 785.12 867.96 774.8 738.76 833.84 876.32 894.48 901.48 887.92 909.44 933.68 942.2 960.96 935.76 979.8
128.64 139.24 170.76 175.6 142.28 185.4 180.04 187.52 146.24 370.32 782.96 1164.36 1627.24 1417.4 1339.84 1090.56 1543 1547.92 1755.04 1677.36 1601.44 1175 1216.08 1211.36 1212.56 1169.68 1211.4 1684.32 2148.2 1950.16 1530.08 1225.48 1342.64 1303.56 1251.24 1507.92 1580.88 1408.56 1167.8 1073.04 968.76 1065.12 1029.92 1020.04 870.36 832.12 780.96 759.44 779.32 750.36 729.28 722.24 716.72 720.2 730.04 743.44 740.68 723.76 738.56 744.08 735.4 871.76 909.88 906.72 894.6 882.92 897.84 907.28 919.04 922.6 920.92 946.84 922.52
124.32 130.12 142.48 129.8 152.2 235.76 154.68 150.32 168.32 319.36 678.64 883.28 1395.84 1150.2 1145.44 967.44 1159.28 1485.4 1789.76 1707.12 1319.84 1197.16 1239.64 1262.2 1264.64 1252.36 1263.4 1540.44 1804.56 1464.52 1465.04 1266.28 1175.08 1191.96 1180.36 1230.6 1357.44 1298.84 1352.92 1205.44 1050.12 874.28 843.04 794.56 820.4 855.24 762.28 784.36 742.72 734.88 722.36 710.32 711.24 715.28 720.76 752.32 742.92 735.96 797.28 909.36 822.76 814.72 847.2 879.12 878.56 869.2 890.08 915.08 919.88 909.92 898.12 897.64 888.68
105.84 121.64 125.12 125.24 142.16 166.8 143.68 191 275.12 273.84 802.68 678.2 1302.44 873.68 816.16 1014.08 1391.44 1514.88 1730.96 1498.84 1382.48 1260.48 1236.68 1234.56 1238.8 1286.04 1496.04 1755.4 1514.88 1251.28 1216.64 1188.04 1162.64 1165.88 1171.28 1226.44 1169.32 1321.76 1899.88 1495.64 1049.64 865.2 809.48 789.32 756.92 747.6 746.96 757.96 764.52 752.6 732.84 702.4 716.92 725.28 766.52 856.32 788.08 793.92 889.04 847.28 847.44 820.68 851.88 882.76 877.76 868.96 882.32 901.88 903.8 895.92 889.04 887.92 884.44
110 111.48 106.96 121.2 131.68 139.4 145.52 208.56 187.72 494.8 600.24 453.96 977.84 684.12 686.48 801.72 989.52 1456.52 1624.6 1327.36 1457.56 1292.04 1284.32 1266.04 1331.28 1634.48 2101.28 2054.16 1607.12 1272.24 1219.92 1185.64 1159.68 1152.68 1161.52 1187.48 1158.6 1411.88 1783.92 1511.28 1099 919 969.8 1067.6 785.36 816.56 735.04 738.72 775.36 731.56 727.16 706.64 731.56 733.24 768.2 797.36 748.64 746.52 823.28 864.96 823.92 797.32 888.84 856.44 863.64 867.32 885.24 893.4 881.04 879.84 873.88 872.04 888.6
86.6 93.6 105.84 118.72 128.84 158.24 185.12 245.92 385.64 402.32 280.72 385.52 717.08 519.48 735.6 853.72 1112.28 1277.2 1159.84 1218.92 1324.76 1328.96 1401.92 1404.96 1519.64 2038.76 1964.72 1961.8 1551.08 1236.24 1182.96 1170.4 1167.4 1163.16 1155.92 1152.64 1159.48 1257.16 1415.96 1243.76 1092.76 1105.36 1144.88 1214.32 935.36 782.16 733.92 723.88 724.88 716.04 708.28 710.68 718.04 727.08 735 732.32 746.36 749.96 853.4 844.16 813.72 809.44 1209.92 890.16 848.16 847.92 872.96 899.76 889 872.36 871.44 890.36 889.12
102.44 102.2 92.6 101.48 111.04 130.96 174 440.28 492.96 275.04 311.32 477.24 539.56 386.4 589.08 682.28 836.36 1067.16 1123.36 1185.68 1248.92 1339.04 1451.6 1766.64 1874.36 2064.6 1771.56 1722.68 1465.24 1223.72 1178.2 1176.48 1162.92 1156.44 1153.76 1153.08 1156.84 1208.44 1208.16 1215.48 1163.08 1155.88 1131.96 906.04 908.4 912.68 814.16 744.48 731.2 724.72 719.84 706.92 716.84 749.28 722.4 727.88 755.96 769.76 800.08 802.28 800.12 795.84 1000.12 835.76 834.2 863.84 871 892.52 879.24 860.68 867 869.96 874.52
142.28 126.36 98.56 96.4 100.84 156.32 138.08 210 366.48 476 357.32 312.96 389.68 423.48 762.28 1164.88 973.36 1042.28 1138.72 1312.92 1477.28 1554.32 1681.88 1942.08 1870.48 1863.04 1786.96 1405.52 1406.28 1255.04 1183.8 1172.6 1155.2 1151.2 1157.56 1157.16 1153.76 1162.04 1205 1220.92 1196.08 1160.28 1167.16 1150.8 1105.48 1005.76 910.76 833.8 731.28 720.8 710.64 701.12 707.6 732.96 715.96 721.84 736.72 774.08 793.08 788.8 786.16 768.24 783.12 817.68 836.8 871.4 873.08 904.32 897.6 863.52 868.08 881.96 887.48
164.76 177 127.24 101.24 101.28 164.68 121.36 142.56 157.16 173.68 265.68 417.28 416.76 376 557.24 1069.88 1067.68 1001.64 1179.56 1414.2 1682.2 1863 1972.24 1986.92 1730.84 1582 1418 1302.4 1235.52 1242.68 1237.24 1200.64 1168.84 1158.52 1152.88 1170.12 1223.76 1230.28 1259.96 1212.04 1188.36 1166.64 1147.72 1100.64 1055.76 1015.16 899.84 745.56 720.32 718.44 710.4 703.32 700.12 712.56 726.16 748.96 732.52 736.4 775.28 785.36 782.08 762.96 779.92 802.36 851.88 887.48 886.44 896.96 913.4 866.72 895.4 914.68 912
135.72 136.8 124.52 107.2 83.68 136.44 205.04 140.56 135.16 140.88 213.08 332.52 426.8 286.12 274.6 745.28 747.2 421.08 664.56 933.16 1687.68 2160.24 2312.88 2051.32 1719.8 1510 1297.52 1221.36 1202.56 1204.6 1254.32 1223.56 1199.28 1157.56 1152.68 1169.8 1366.16 1517.08 1424.72 1183 1166.56 1170.84 1146.64 1100.6 965.64 904.96 881.2 736.6 713.2 705.32 694.84 699.2 725.32 731.08 739.96 727.36 733.6 743.32 753.96 756.24 763.36 770.48 776.4 816.68 849.4 874.16 872.72 894 924.48 878.44 898.48 904.92 908.72
101.12 96.16 118.68 156.08 123.48 136.92 167.84 163.36 177.48 196.36 150.32 248.84 416.24 422.48 401.24 339.56 272.28 325.4 426.92 551.76 1063.84 1456.44 2088.68 2335.64 1812.28 1547.88 1385.36 1259.24 1221.72 1172 1203.92 1175.76 1167.68 1171.6 1175.4 1220.32 1273.16 1386.96 1420.24 1188.24 1158.76 1148.36 1097.32 914.48 812.72 927.04 852.64 749.04 705.68 690.8 696.56 763.96 762.44 757 745.68 745 766.28 781.52 798.04 775.12 770.92 764.12 799.72 824.92 824.04 837.68 850.12 855.88 873.88 884.56 900.08 907 891.2
131.68 146 169.2 188.92 142.92 141.64 145.84 160.12 200.6 216.08 170.68 180.52 256.4 220.08 249.92 260.96 218.48 249.64 268.44 689.64 1560.76 2102.52 2259.84 2369.16 1955.68 1663.44 1452.48 1335.04 1236.08 1179.36 1155.2 1144.2 1152.48 1170.96 1159.6 1141.48 1223.68 1273.92 1229.76 1203.32 1170.12 1128.56 1053.88 958.6 904.08 769.04 776.2 744.56 705.28 690.76 713 763.2 774.04 696.84 723.6 797.6 793.16 776.28 826.04 800.44 809.36 792.6 808.12 854.36 846.28 835.08 835.44 859.28 863.6 881.32 891.32 897.64 904.6
147.04 167.52 212.8 223.56 179.88 171.4 200.24 188.4 405.36 384.96 166.6 184.2 172.48 197 228.56 320 270.28 256.84 328.56 769.4 1497.8 2133.52 2243.32 2059.56 1871.36 1685.4 1500.08 1339.64 1264.4 1203.24 1154.32 1125.76 1119.76 1151.44 1123.32 1102.12 1126.44 1152.24 1143.24 1158.92 1171.24 1203.96 1186.8 1133.4 972.56 819.08 758.84 710.76 691.52 689.36 724.84 751.64 705.8 706.12 729.92 778.84 778.56 769.04 793.2 786 809.96 810.72 836.8 860.2 872.64 885.88 859 884.36 886.4 899.48 873.88 893.16 940.24
201.28 239.84 245.24 321.08 301.52 260.52 347.04 366.2 542.52 510.72 183.36 201.88 167.76 182.96 203.56 210.88 317.6 360.68 523.24 1082.08 1566.92 1807.44 1823.6 1757.56 1690.68 1582.68 1494.24 1387.8 1316.24 1265.28 1276.64 1317.2 1184.88 1104.36 1093.04 1136.64 1121.36 1215.44 1237.8 1110.2 1141.84 1149.16 1163.04 1135.28 1034.4 839 743.4 727.04 707.76 697.48 708.12 701.32 716.44 732.2 736.44 743.24 704.4 758.36 764.56 740.32 783.24 859 876.8 940.48 934.84 908.28 877.72 893.76 905.56 907.4 906.12 936.8 987.08
190.68 344.76 259.76 285.64 245.48 263.48 261.52 347.08 284.52 231.44 196.04 189.32 206.6 229.96 226.64 269.4 316 508.68 947.2 1513.4 1561.32 1524.2 1511.28 1534.4 1511.28 1475.08 1447.32 1411 1344.92 1302 1331.44 1328.92 1196.12 1165.96 1085.88 1100.4 1087.56 1223.44 1402.2 991.92 1030.92 1022.2 1050.32 1014.6 948.16 836.36 771.48 723.92 731.24 700.68 699.2 687.76 708.76 726.24 732.48 705.24 702.2 751.24 726.76 722.6 882 1005.36 998.72 1016.96 967 957.36 909.04 931 922.68 930.68 942.08 956.04 972.92
191.8 306.68 323.88 266.32 335.88 316.2 264.84 305.52 247.48 214 204.68 204.96 221.4 265.08 334.64 277.6 377.92 726.6 1126.16 1548.92 1516.16 1390.44 1423.4 1500.52 1485.76 1451.32 1428.92 1412.44 1461.32 1353.6 1385.72 1384.16 1191.12 1045.4 1027.72 1074.6 1047.44 1028.96 1042 976.44 962.68 981.6 901.64 887.44 899.2 801.44 759.36 760.96 721.56 686 699.28 696.96 725.2 688.76 672.24 674.2 676.24 694.6 745.56 775.92 1016.96 1069.64 1061.92 1036.52 1013.32 971.56 886.68 932.6 961.44 955.44 972.36 991.32 985.68
171.52 223.16 326.64 372.6 375.96 307.6 256.32 235.92 227.36 224.2 236.4 212.44 215.08 262.48 277.2 319.88 551.6 1006.4 1245.4 1593.92 1451.6 1343.6 1388.4 1517.56 1505.84 1520.16 1506.48 1434 1486.48 1479.96 1426.4 1471.76 1202.6 1016.4 1093.8 1104.16 1007.48 999.76 1001.6 972.24 942.92 944.6 889.2 769 786.08 764.12 742.48 733.96 712.56 680.16 685.84 698.16 693.72 654.36 653.68 653.52 650.4 694.64 753.12 875.92 846.96 941.28 1043.68 1028.32 878.44 670.52 722.08 779.08 824.96 759.24 806.36 932.68 966.56
169.52 189.6 366.16 340.64 528.68 296.28 244.24 248.24 238.88 242.56 255 249.52 259.24 282.6 300.52 369.08 422.68 768.28 1216.76 1520.84 1254.12 1220.44 1402.24 1475.16 1524.76 1671.32 1588.88 1534.64 1536.44 1527.72 1503.8 1537.44 1165.72 1018 1077.64 1041.36 995.6 1000.72 1000.6 972.44 965.96 936.24 923.64 799.32 731.56 734.16 746.08 721.68 716.12 664.6 670.48 700.68 718 664.24 639.64 633.68 644.2 665.68 708.92 735.76 679.4 647.08 650.6 646.04 624.48 618.04 617.6 624.44 630.88 633.16 639.52 668.28 673.52
181.36 228.12 305.84 463.48 651.24 573.24 383.12 246.6 247.76 253.44 301.64 314 365.16 345.76 391.12 455.68 675.04 1007.12 1387.6 1286.76 960.88 947.32 1353.64 1469.92 1542.36 1447.56 1419.28 1633.68 1573.84 1565.36 1565.88 1564.84 1277.68 1032.08 1017.76 1053.56 991.04 1036.72 982.32 964.4 973.48 953.44 832.84 744.88 727.24 710.12 732.84 686.44 668.28 704.72 705.36 705.48 684.52 709.56 639.76 628.4 640.32 640.56 665.32 671.36 669.48 644.84 633 625.36 616.8 610.44 609.08 614.68 625.04 620.76 633.32 634.92 643.64
