Scripts_&_data/B6_all_seraphim_analyses/Environmental_files/LASV_rasters/ENM_natalensis_Mylne_all_0.04.asc
NCOLS 816 
NROWS 336 
XLLCORNER -17.0000652 
YLLCORNER 1.9999752 
CELLSIZE 0.04166665 
NODATA_value -9999 
[rows 84 to 104 of 336, columns 188 to 234 of 816]
0.788088903106289 0.778845376678395 0.773958304436603 0.793651725139377 0.781340845097219 0.786224970741696 0.780517908993039 0.785849802123161 0.778460122189867 0.80408712595583 0.806735036532103 0.79956217362008 0.773830561414828 0.783300377250016 0.790120945847313 0.782323516025076 0.793799524360749 0.783740608746972 0.803151565776811 0.781573229984089 0.807743844925097 0.783882527379731 0.769734401326349 0.799499017329428 0.787392841350301 0.804228469037868 0.790151466628001 0.812428700520037 0.808496955285393 0.785303755986752 0.779404029026906 0.788435694634634 0.802008106384707 0.771432518944523 0.76669199211517 0.775793140322399 0.787133853733186 0.790268883017816 0.773654255799542 0.767580181299386 0.772619241293817 0.766793151354663 0.785145139183131 0.804359340267335 0.811262999527475 0.803696450486312 0.800559929776873
0.782685865126647 0.799120145615442 0.791484595565101 0.774100308730075 0.789713675028899 0.801497616588004 0.7747855522131 0.77125554809364 0.775470097952462 0.772032792802447 0.77174605622183 0.805587835223182 0.807232383937888 0.783223376929515 0.776418404075368 0.786173147919946 0.774034268744175 0.778918972552927 0.781711721960072 0.787418534677158 0.796641249942454 0.754929862107128 0.779291421434795 0.790497986478484 0.784056907067639 0.803960767659644 0.79924610535347 0.807983826181238 0.78267380202557 0.772068232940978 0.770035359525409 0.783920911123181 0.785367251840548 0.776473799153455 0.788097096897717 0.773556128758715 0.770694707947617 0.772172372668974 0.76981285520906 0.769070416138816 0.775660714316419 0.754753340328473 0.770804479325647 0.761823047030044 0.770947231774422 0.779495824734975 0.759099423899333
0.792031234075964 0.77519759342578 0.779409994174986 0.796610478836481 0.81727657471644 0.810429906108842 0.797894989671585 0.790660951004361 0.777125611118218 0.780841258673034 0.796364365584368 0.796222374604295 0.814330589319598 0.778338555811479 0.787304344127321 0.800641773972655 0.776473531763402 0.796133018764468 0.772297198955183 0.758529750681799 0.772502383276065 0.768526005122405 0.789853750701175 0.772251482254023 0.764232213515157 0.807139880384153 0.809258112009009 0.79236592326205 0.76833561889614 0.754105532365885 0.771347197023275 0.791039550367411 0.790125683965522 0.78119936685207 0.790050829761409 0.781089652854099 0.770406623053732 0.78594866781674 0.765546636732762 0.76085114719697 0.760261000573144 0.684928664499352 0.773506397372102 0.779192703213746 0.806395539028117 0.783747460570339 0.777957258173417
0.785519660953883 0.775256730931629 0.801822081731711 0.792594277905412 0.810628698698745 0.817540121966768 0.810925915814096 0.809607952587889 0.779688215498643 0.768769470277919 0.782957205205845 0.797992016857 0.820298221131816 0.805075037054197 0.788296013761923 0.812930549814068 0.772844804278751 0.809175509764514 0.806414741892961 0.77924738256569 0.767705818370589 0.770017785280869 0.765160346221788 0.769229867479235 0.764724500442058 0.758596961439434 0.788679143736287 0.759084980623162 0.767805232808285 0.754164095196306 0.767289497644229 0.763479955887546 0.751475898295203 0.785235165115493 0.781753021253025 0.771531399296695 0.767805814253624 0.776520663268558 0.774219195578852 0.751874455547731 0.720804952468607 0.729827817568642 0.660915118475168 0.767712235401275 0.787678001467461 0.787233204390701 0.788771037788452
0.771713330263893 0.778395702051299 0.80053057713405 0.790294583296979 0.795361802751501 0.812298047831751 0.811408261054754 0.811063374528409 0.796695781420437 0.78795286188672 0.784710578515768 0.810259698225513 0.81305781981913 0.788373486254352 0.789955598782137 0.795169332133101 0.774295300590547 0.759579291641284 0.774645071664777 0.716810382525289 0.768043527579146 0.745852598617696 0.755425078979263 0.748130888548843 0.776004264670177 0.78275104860228 0.775733946933274 0.690524707582033 0.744705220571682 0.762765508277204 0.765937420126159 0.752932577259824 0.750779620385785 0.762272791592887 0.761660629881758 0.770110073194731 0.755588179767783 0.748884930823522 0.74139804367597 0.728147972759687 0.748453007310094 0.754689736365166 0.745558469998925 0.750446071023624 0.755764707459 0.788184547396961 0.739402423239412
0.766121923115775 0.777510920161372 0.792147512958094 0.773487373924025 0.794905046204684 0.778523453252592 0.765568016913238 0.809568008135827 0.796387465617498 0.799819647693234 0.804654046407473 0.818451675964213 0.809977286689935 0.777680989635069 0.778670998609688 0.802871005110912 0.788032275688826 0.738276076475579 0.783444178545972 0.750919874422782 0.768017387749585 0.771414430338346 0.754523296213762 0.763005377703061 0.762509291768317 0.802598148356968 0.759627387976014 0.757091765889618 0.778778667715286 0.767456387917472 0.763978155593037 0.739321675054998 0.70995772126813 0.717235835382582 0.750324676985274 0.755699033273687 0.737472992305455 0.751203072287513 0.758234933644173 0.696141678132261 0.75736184215425 0.765461544406154 0.770275750667346 0.732698331086036 0.773318847737318 0.764812497043752 0.722433573084559
0.771141982545267 0.778588612408546 0.78264812125759 0.774869943053546 0.783331349311349 0.779369769139971 0.770484092221085 0.792749245411855 0.813393115529842 0.804348807593849 0.814546645044945 0.812079603028061 0.808556341286547 0.800567372113105 0.780389499803652 0.790670346691808 0.773212370593684 0.761729601289032 0.762779040341511 0.765103743711555 0.716393991891228 0.768033383521146 0.767283987569537 0.792664749374119 0.751755768037233 0.807162852687596 0.766514118874616 0.766282014201433 0.774495498639486 0.773954559372055 0.76461209620094 0.741288310857408 0.760115186583159 0.704222122717725 0.720637817977534 0.752802837809549 0.719513876482214 0.627128707800563 0.724391575958637 0.754502166640977 0.737159468604336 0.706658312670833 0.747715067784069 0.740306799443025 0.719400919179719 0.630858914751536 0.726112899911613
0.764801742254367 0.768702983746939 0.784859419755227 0.795959002089424 0.788514667903 0.772704228050283 0.785750710044853 0.741311380131501 0.772311936805956 0.809512544702913 0.813751959407512 0.796008956443583 0.775450589039918 0.777787733348006 0.789816350223716 0.775867169778967 0.766658971607998 0.76174698826445 0.769636915770058 0.784116204930948 0.744680889966635 0.782557533723032 0.771586420816356 0.75715097666836 0.803371931644047 0.755115979632929 0.745460479204277 0.759793402411148 0.759486309643531 0.767511932814962 0.770379939802515 0.761558169510275 0.755781498068493 0.694436107838208 0.778263066911847 0.74844099053168 0.759298916199155 0.687513969723075 0.683459478033367 0.724721632297627 0.775968396475586 0.796558716465128 0.748187338400662 0.719423669953364 0.741283866492473 0.70459383957168 0.73532741964582
0.764101984143353 0.760683064158733 0.768286595612074 0.778164303600522 0.789473225774367 0.7761754276375 0.766247815639391 0.748904100861917 0.756388109731605 0.767229795526951 0.775756285611774 0.796634814148979 0.788714678848144 0.786726800045963 0.775470001649215 0.797486070956281 0.769366000696577 0.789330438107717 0.810707757015977 0.73986415809433 0.782665887620256 0.739560463707888 0.796855090351695 0.804528882255762 0.745849186604575 0.764268075255299 0.776368769964425 0.772561075108765 0.661510829734022 0.752578949035026 0.762339742355979 0.766777045664522 0.753727054724993 0.747094461903021 0.769807522784296 0.729811905173523 0.757961920679519 0.714891440677056 0.70829931945886 0.765914729987956 0.784177927531361 0.74911291109194 0.710052626613303 0.687438339542767 0.737399534128349 0.694304568936136 0.719259739929176
0.773245784426798 0.767941103673358 0.775045082728045 0.778231416645964 0.792106641381258 0.775475243038664 0.7687787481826 0.741965121417179 0.732997130690199 0.772058920737054 0.769179787235839 0.778037291068673 0.776678454603785 0.778638239631174 0.790672007417381 0.80136493986691 0.787431547116545 0.799338851294403 0.78233568775833 0.780780101555458 0.757192759145207 0.79722899450019 0.781283603066288 0.681810767892584 0.736835199639199 0.728297476482437 0.772759951699479 0.765805840580903 0.763772820140644 0.735833569439234 0.774857574032973 0.766029965995417 0.768116466548288 0.773005221002767 0.755265514026285 0.706659750740872 0.694018629163393 0.639042693819057 0.70199205501016 0.746212581407046 0.76687902515162 0.734152693529914 0.655903479738301 0.709073079018183 0.703390847762174 0.714490887460278 0.705097567600697
0.796802574516191 0.769608422703342 0.761932904602974 0.782464772572489 0.781397359846762 0.761593956644286 0.776133683051238 0.782919842133942 0.727471299423585 0.771206485678128 0.763029791564287 0.763121462836146 0.742797039673436 0.762394802845664 0.771049212638807 0.783213422864061 0.776579364685015 0.775344339777915 0.769049442278478 0.80021773837377 0.796788629408149 0.782266942753868 0.759533638342841 0.653724610194275 0.676800737351232 0.694116370491528 0.755523826285863 0.766322035116588 0.755303437410401 0.766540718890934 0.790773755481763 0.746076970734216 0.729167682531648 0.752986607088149 0.757753149918068 0.749741371785779 0.716088076147936 0.732637784604803 0.75662879146643 0.74890986926542 0.703674588001431 0.691998305056115 0.602680451697819 0.5605001033855 0.683946772894614 0.65275506691333 0.662068742951039
0.77280043100873 0.769283446406255 0.766778690949856 0.765224339843204 0.770160941857705 0.721947535250793 0.758871832902183 0.776064783134778 0.743031569212182 0.763219463365848 0.766322773852879 0.76118499708514 0.778474009059224 0.764545029136956 0.782738812621546 0.775511649533403 0.758531475375543 0.721240732008431 0.761834425736838 0.797032848390669 0.785934144874037 0.811037940468498 0.75737953893737 0.627654896506661 0.678401526080297 0.721825276864371 0.635457537464765 0.763073489398832 0.770255476562682 0.764630951180424 0.78688262862506 0.693009713797455 0.767111219674497 0.608119480315731 0.692087892644357 0.737858081532102 0.72515671923256 0.736729336234249 0.748137312314738 0.741713211959753 0.596924136330453 0.703323564184476 0.651162335465517 0.559978855708291 0.620141626452127 0.683352908606564 0.635958696151294
0.757634437883369 0.766215788951728 0.76714268890546 0.749067832978151 0.764216266285396 0.680319057779042 0.771238665397629 0.760073352366344 0.786316036199168 0.794979012095574 0.761254420607563 0.77274144207745 0.806748416783319 0.790900625486893 0.782781325251397 0.772906523057149 0.776180714466493 0.692836941910845 0.768636334237419 0.787967019349095 0.799264478066553 0.808996689039485 0.792730131642013 0.769337783200101 0.741621551089888 0.778767118489682 0.742688109228168 0.762023505555489 0.769009117982475 0.774436753445173 0.778626569881262 0.680724357374595 0.715753658899331 0.664791060257179 0.695865867020906 0.622737524799588 0.639328762267634 0.699951799174428 0.730714933568628 0.709088139876169 0.665395950884372 0.628481047548223 0.619592890969271 0.517585535567509 0.64514934792102 0.654610559320599 0.66838404164635
0.737788055972555 0.773807034691566 0.755872387829785 0.762001902007703 0.737936972119011 0.729841709413818 0.769845964560133 0.747311429726391 0.787754626350698 0.777419752305119 0.772638063604493 0.781279531299778 0.797101798809966 0.792042190121395 0.775510712730006 0.77309488271715 0.776602154161779 0.798681538694977 0.786835578674907 0.799245059862471 0.772208684605751 0.777312282771449 0.795729689385368 0.800061196693238 0.764754184549451 0.769640912822369 0.766099502351939 0.768548205550638 0.774680072823385 0.785547551260614 0.772021473208702 0.687529259410806 0.756344480116922 0.720329263019132 0.744521428029341 0.694375208617106 0.704108892484112 0.728844261412671 0.58796095916139 0.556921607164367 0.566618439322787 0.626866178243873 0.606741301700069 0.593709444590138 0.616786918922474 0.613856335421204 0.673698585667533
0.766110243342781 0.786520010636024 0.71036722646118 0.739901944190783 0.744961237720667 0.769738734477206 0.780602332629366 0.785845908710541 0.773847694948811 0.749909372694218 0.782924769908407 0.79182832779968 0.78943671075256 0.779781973559722 0.77318322380102 0.771988167383562 0.783436662935944 0.799119961013662 0.804755158336786 0.797020574780575 0.722924160728271 0.736660645401431 0.764217387619053 0.791885968078487 0.705304459183762 0.750668562139302 0.75680032486655 0.793362213781985 0.783312413693238 0.798263085893996 0.756608465881113 0.758165199999071 0.732201024686574 0.739503015664839 0.738383031970585 0.73862215368557 0.715737663292731 0.599164071015914 0.604569831104336 0.576119087118631 0.639837394452665 0.646514350812441 0.609717811330841 0.623751347837761 0.62833893530504 0.632369990365477 0.648547052971368
0.76669653045248 0.759564957705518 0.773494091393861 0.738094011379809 0.68106681248306 0.769169824365058 0.782514968478017 0.778539172173344 0.794909579290287 0.797697832429185 0.793235492425656 0.794509757159633 0.775095442824942 0.78776147335141 0.779281713875675 0.780765020684037 0.802261233563958 0.799411227929551 0.803881928432627 0.780045460664027 0.769710804394704 0.765044802418224 0.764258616043645 0.785433503971991 0.719406266835834 0.781822897008836 0.756805816754876 0.76402211752973 0.770910923973179 0.758115724936563 0.62318631390334 0.712226395579827 0.635246772228169 0.750882365611026 0.739442558000464 0.736417574001113 0.672681171009227 0.668674003325652 0.60579855574161 0.635301305957282 0.625326084916519 0.608400815132301 0.606762952794372 0.620476137398641 0.613800280923005 0.614370407664312 0.628702055994286
0.772637788241869 0.80052683574097 0.767144977301002 0.763981021245883 0.755444956725442 0.765488678835722 0.772611932752272 0.775531720098334 0.792785206858796 0.815797824497513 0.807612400393472 0.78370261876624 0.787013309362396 0.793173383111634 0.79558376969166 0.798700279334838 0.790862760664103 0.796749280750815 0.788388413803219 0.76919610319131 0.750969534448843 0.77689940276986 0.73266746308411 0.786373844386808 0.753142387745417 0.76079309238308 0.7589859489553 0.66298402859957 0.744311904939087 0.740876609889748 0.630802483292689 0.749910499918954 0.732159746182629 0.756769804264178 0.687515856615573 0.686664984493292 0.61098495968707 0.577043930596019 0.538666228744105 0.533789019506653 0.586150216321006 0.552865319659183 0.582872716500343 0.519082509318328 0.596485993217589 0.605530694035164 0.619315040467749
0.803961052632517 0.801861509326144 0.750589596378578 0.770256150106292 0.774030002338044 0.735388856422192 0.730287280676395 0.769347943852505 0.767679081372583 0.759426432898887 0.777926443672971 0.771776498433597 0.776556005553607 0.79593599442984 0.79039755347334 0.797349249963215 0.783214660483586 0.775107755288762 0.781753727482218 0.771805321917655 0.77334289188942 0.742188063912485 0.765894206013865 0.78778339076832 0.787078223842917 0.765003232250586 0.692953723988973 0.75358134110324 0.759461476740024 0.764622853392112 0.75002559489249 0.639055677374942 0.754838470699988 0.763942051369305 0.699870007733173 0.704549224097044 0.644089896514975 0.660475915979621 0.52472078798592 0.577635215966349 0.567487655297897 0.511422564507828 0.598713346229032 0.603405539129982 0.617052945845389 0.623397663775215 0.608295808158072
0.776876929966281 0.763042996525826 0.766654728662944 0.767713425334855 0.76636507853759 0.715674383806285 0.741209181692143 0.772000937977516 0.772747793408096 0.771359077142373 0.782166424845078 0.780414220145526 0.793438609966879 0.791102927767864 0.774648696784649 0.775523805654188 0.782264352066521 0.776009077535814 0.772250128720531 0.771658754098975 0.799613825294695 0.774914007626988 0.815218362001635 0.814303440297339 0.79581779806441 0.769752451823224 0.76940845699265 0.764433164535354 0.768513994559982 0.791866164555761 0.791993341518605 0.621423203649587 0.715394786632727 0.743498791459987 0.769930116013104 0.701916917172098 0.723571221707601 0.650752122198857 0.634883530955518 0.618870975963992 0.580536519991324 0.549377468831199 0.557568312659576 0.600477612032874 0.572756706922102 0.60866854892644 0.628250423242442
0.748771727037381 0.75992239726863 0.676964255315027 0.724614644344914 0.764902854832554 0.74764412963699 0.770734148674889 0.786889076307009 0.790379606701783 0.779146158504529 0.790462095231892 0.785999564860982 0.790731625111329 0.799510528146628 0.774987109710083 0.771640040469068 0.785600427924881 0.797102223300647 0.762396077944605 0.768407698106912 0.716338700624355 0.720614585571449 0.813956365900503 0.81645659740675 0.783650220543277 0.766932056507198 0.777692005436234 0.744767659393199 0.769021082607178 0.770321450666894 0.694324751932338 0.728687644863692 0.719295596532572 0.594771132984499 0.665342736441188 0.644899404742075 0.666123863757892 0.647266335802219 0.556056841313179 0.582112684263526 0.559788085220877 0.558819534660025 0.563313393673939 0.600857177928516 0.596093528173224 0.640858275057207 0.606120123856271
0.766444219592259 0.709471287636877 0.661170886772048 0.744902697093073 0.716039964408165 0.761959740342984 0.770669872986428 0.770227062374977 0.778392503664677 0.788557252533491 0.78423216017386 0.788848462564208 0.793211786870593 0.782804381234417 0.774696712138816 0.782447626015714 0.804943123028606 0.793962312720827 0.733381724957949 0.784754574644434 0.79931254511977 0.783740536243947 0.736513877004448 0.768425764551608 0.809310272197368 0.801124983407974 0.772770610938889 0.756199532791822 0.75517676028872 0.760246062111642 0.713007012931813 0.660091813838219 0.69284856528189 0.644475000495203 0.707469388258272 0.672352499658644 0.601439458280075 0.627470629727186 0.514675947093859 0.467762369065817 0.44460366987913 0.523830864715349 0.565774764500406 0.613580498631151 0.592620560064213 0.630317612007875 0.625629478618575
