Scripts_&_data/B6_all_seraphim_analyses/Environmental_files/LASV_rasters/ENM_natalensis_Mylne_MRU_0.04.asc
NCOLS 360 
NROWS 264 
XLLCORNER -17.0000652 
YLLCORNER 2.9999748 
CELLSIZE 0.04166665 
NODATA_value -1.7e+308 
[rows 168 to 188 of 264, columns 188 to 234 of 360]
0.529936626621832 0.41661304782261 0.468902630078894 0.437681890782711 0.464046682935726 0.517301532881696 0.514564251011697 0.600002997300734 0.58699755386813 0.559406194676823 0.479968931749534 0.549419351921422 0.525116048495662 0.467473830215999 0.457927955781856 0.473078312827703 0.522731059778341 0.487136300596091 0.474523400849064 0.435600295558035 0.4718786485054 0.564677842422571 0.53840103136392 0.445938575243245 0.622431573287521 0.556973496225671 0.617797167874596 0.63888152070341 0.649793084944781 0.642175432513817 0.518374054737185 0.613758831906246 0.611722770869324 0.624297775146835 0.623829949421944 0.624298833146864 0.617009623000872 0.624153933719621 0.560663099155633 0.58488467355716 0.62661455529791 0.518634597961496 0.627188229676042 0.621673654859158 0.618431455690037 0.497942975150595 0.588585504419208
0.491680269073942 0.442881878859356 0.423497130021211 0.439772738213999 0.528222614825715 0.479859355752092 0.434353038669309 0.555335445613246 0.567651776100821 0.470934878216751 0.507402058254865 0.497044119754729 0.496552551359512 0.48543114826094 0.486570513125013 0.481527394073322 0.535073352905687 0.493670342833678 0.498488187610423 0.476022308219664 0.553897938262336 0.544048175255906 0.593156570306136 0.67606191908743 0.464545362483702 0.549241895351136 0.594056997046202 0.622222838501811 0.641194777019199 0.63391149534291 0.562220861653354 0.658653405384222 0.631061000302264 0.640182672292422 0.641535570955267 0.641658416716966 0.629587760555547 0.623227005388066 0.538912056797125 0.476625227289079 0.587708791537231 0.569217959127434 0.638358246850558 0.619046966231503 0.615914594300224 0.607347021728857 0.612895594280499
0.492699907941859 0.52835638187505 0.424194043468292 0.436273265543549 0.423615471343668 0.479673669328151 0.442375674095799 0.476581890233717 0.51945975354627 0.500966213687063 0.559305623523011 0.524808147873475 0.503500392838441 0.589938892415979 0.534356674489461 0.509243409330003 0.496505881361068 0.555452366416232 0.487645294519026 0.515690122924452 0.546133478368029 0.480518066247054 0.590997827336739 0.656476327519647 0.63204855396948 0.644143300702034 0.614593961263229 0.568774435872939 0.618208599208817 0.60924568181059 0.518644430752456 0.656654373589957 0.611276819412926 0.659129410360752 0.645496327524006 0.61209544408869 0.633496567725768 0.628176817057236 0.596870772391526 0.604972035054575 0.584804208837597 0.636774772385952 0.622641385882342 0.610869200524508 0.578713349546923 0.58174495325739 0.611590827807228
0.477500350448695 0.543010897750097 0.481211244075442 0.482062117741957 0.48751748755345 0.522358540102714 0.508210103593043 0.510797273100413 0.509829445811829 0.488490396198699 0.543057614009078 0.546076086961499 0.558337539959276 0.573153155691958 0.561966792712107 0.510607309792487 0.547470904389543 0.540939813352884 0.541614538746812 0.495240074596098 0.488800863517298 0.481555559315871 0.562215032300282 0.566102506724066 0.638025394384567 0.636357371661213 0.610743477108099 0.521734632235302 0.617673841928801 0.554334925513829 0.66285973990079 0.658113118668647 0.630638338908391 0.649618940815094 0.588217844719333 0.632331213295434 0.612256221814018 0.576876363203307 0.515928080374294 0.516167283794983 0.575965984034694 0.566422236008047 0.614690634087442 0.580414726288983 0.56927613081676 0.508547752538736 0.565907095493374
0.463668517578073 0.529901418189259 0.447020570714382 0.481967173492625 0.512143345797781 0.506370951442935 0.491036635560231 0.509658219848087 0.552033219405717 0.50787532332395 0.552679455126867 0.552897476238179 0.553652909767873 0.539519429920399 0.512278543860275 0.543623278250305 0.5536248044287 0.503647939642981 0.529063892223331 0.521159281040991 0.547536237700099 0.502851329702665 0.600182575160718 0.614673167297599 0.615983329877692 0.613939771414414 0.593307526636759 0.618845062232196 0.646351973716838 0.596124286038846 0.562928839254324 0.554224990676171 0.529255859108535 0.559219165951871 0.530635052554038 0.538012086062807 0.577637763206886 0.597857950225844 0.609907154741785 0.53562574856742 0.596255267336329 0.588580113864378 0.62551347852499 0.592601643523658 0.615439627959807 0.61261267452754 0.61983757984866
0.536779100731024 0.511186896904266 0.441811038917016 0.468303921640205 0.509425673944969 0.551766732232437 0.545751079545429 0.532366164332703 0.535703125266223 0.50354939230446 0.450830417155903 0.515517646609014 0.557669303078416 0.55315535438174 0.560792320007787 0.546291550489319 0.52642614772508 0.529959807056783 0.522412226832768 0.479398394197871 0.60041436255463 0.584934220614584 0.590403894663555 0.511139885895999 0.600561524101051 0.570148846482021 0.610867354746072 0.630584028186193 0.633027011276223 0.643246809645091 0.654416502914844 0.623960273828023 0.533364116238585 0.571276365389223 0.607835848270033 0.596832477793039 0.46892564842752 0.494635641863931 0.596222260478391 0.556311498288655 0.585502730099757 0.620957739419695 0.625420808157854 0.651921595710879 0.620502504973974 0.591389703431665 0.560734175313156
0.537631775628351 0.485793221425296 0.471029065261541 0.50614122544758 0.547580010169009 0.549682319207823 0.522328237721566 0.545581023650567 0.500353462725704 0.547999326384951 0.486529822974651 0.539102207062577 0.530544294292463 0.557855731621758 0.538882200405568 0.537768549223526 0.505547289006523 0.512910612622376 0.518694900980416 0.55555068187936 0.485566786788567 0.504167609152597 0.610349913283765 0.590633970891813 0.585353934754749 0.59158995366437 0.578509708881993 0.604655102709633 0.621437705776986 0.585080774372285 0.640732474017596 0.611222749976578 0.61697179874345 0.643137324271983 0.638062392813751 0.558745407685544 0.449332105587696 0.540133214623044 0.581220375711864 0.515361182426256 0.566570039191607 0.591128560007376 0.613883357913781 0.71189415781932 0.699301147238305 0.58741239007133 0.626663853317708
0.531999379153665 0.482677085573206 0.5371496834316 0.60041230715373 0.563269049129728 0.529146978627246 0.505951684395557 0.496780972413248 0.475152179745813 0.5723448354382 0.54972841587934 0.556778465855749 0.537990842616763 0.538266221974114 0.54081908545983 0.513012998583926 0.49912306079609 0.535939575599346 0.554136266781062 0.566634065269811 0.50084082971381 0.545857137073114 0.599043721941165 0.558063105686763 0.559199713919058 0.521729238315378 0.588126317831197 0.581760092833829 0.567890154094162 0.626221663186051 0.609289012495983 0.604211232462657 0.635983020593342 0.643859256590552 0.598693999761511 0.609769929116387 0.53430201041417 0.565227872250232 0.555933126352337 0.580583591530761 0.547118405342716 0.589627446558393 0.51561452842365 0.594452636754124 0.471978437558548 0.48985945660729 0.574181141875093
0.514399492575101 0.577756596460123 0.601270433028554 0.539306238709474 0.51284378305176 0.509253938816596 0.457197610211022 0.460299601440457 0.499553693897038 0.550212852487 0.580428129843513 0.561884269105571 0.528375845561766 0.525873772669427 0.523514512436588 0.510568882856116 0.508437000211121 0.543123220664743 0.560626786699565 0.484739001138433 0.584201682573189 0.580872732749569 0.584427616408477 0.583419423991483 0.57133447013606 0.533866408122067 0.50912887184827 0.571719789600595 0.544862206204317 0.604572300113343 0.669361973483814 0.645710498218821 0.634682551234428 0.648909995401237 0.613298518323784 0.534784744077773 0.600130961629483 0.560275761489341 0.578306514809481 0.570442030678605 0.61763977723479 0.573743519470981 0.540496848508278 0.617553617134537 0.546454962153443 0.593813309634279 0.599614397736814
0.533873613060283 0.53838293404656 0.548671118190612 0.541252327668114 0.4852474467168 0.512018824666894 0.550588372512584 0.524715866094391 0.533072841138062 0.586436370379831 0.588003543357009 0.57441423727768 0.54525464873842 0.544344026630197 0.503789567540603 0.518870949129705 0.543504062697992 0.556845991821773 0.605241968161018 0.555980077902881 0.570546584824367 0.596602478685597 0.585785456737398 0.563066805375035 0.578988595145972 0.594316976430658 0.581390262246026 0.585490129924655 0.56621037412514 0.626769009971159 0.642129200163144 0.651591528254286 0.641388296261679 0.588470843943145 0.525936846314426 0.56252632202742 0.501783688180375 0.49061319533204 0.557840007583959 0.558676067531417 0.523221943525008 0.54880233195559 0.591799922358512 0.612115104959762 0.623026078086079 0.610303375027849 0.556454767366639
0.592234382820099 0.507989541737484 0.552504440071309 0.549082423505968 0.536270644239974 0.57934450305452 0.551543229654352 0.564022634494194 0.542285033188203 0.603852738089303 0.596407006246672 0.55610400955259 0.53522516408748 0.526245744601244 0.512533655624736 0.536303945216525 0.543904213996973 0.584196490569811 0.607716854800524 0.601778581353721 0.601400649636838 0.552998355335232 0.523958453507674 0.552536527999645 0.512862291867728 0.570238154852733 0.576569833296943 0.616149401157429 0.613849368122331 0.589084308530839 0.601945660967556 0.632378798697721 0.610065685755504 0.61536791273088 0.611957951810031 0.593020211038337 0.558168475792515 0.541716801154029 0.516017420244803 0.59649153182819 0.656515481682601 0.60527500209633 0.48679137093107 0.495308313248018 0.57028444921259 0.566214471883755 0.562788480120088
0.610513885191967 0.535515389146551 0.508333977036416 0.591919792966061 0.596725798921772 0.583851470247379 0.576730415610725 0.582420938268556 0.58965321038581 0.593881430621145 0.583073904627928 0.548557055070709 0.534491288980043 0.524197065732121 0.520625004948514 0.55786867835854 0.568473975216782 0.552792755567661 0.557952412061116 0.586067089937245 0.588719661803132 0.586222070453797 0.525556627245507 0.577752598259745 0.551087998930836 0.54583722052497 0.541320831842287 0.522792325569098 0.521509303318212 0.578003628700681 0.559474637400221 0.5707658349111 0.55932469639178 0.540848254206179 0.532915536341474 0.574503712197366 0.59499024991845 0.571408987780114 0.538107186066732 0.631132315099 0.660050857215259 0.594673216732488 0.571108512182919 0.533106400662546 0.607552586265445 0.610415649990947 0.586266641614126
0.535732377538436 0.598466901536053 0.588491082743862 0.586214434038902 0.566455479884502 0.526121068990071 0.543767020615857 0.604846963735105 0.604780444910563 0.597193726787276 0.573862126975909 0.532355680735851 0.529211830506673 0.528284586946175 0.534347915407679 0.571833226068678 0.561512509600506 0.546656076667944 0.571337618561613 0.587550304707207 0.57836909617866 0.574505150561916 0.563034364840039 0.581908815804731 0.575960658374418 0.572875022367512 0.567967823974429 0.533892731467278 0.535194331950762 0.588391561033867 0.565437103199793 0.562383954329837 0.583153814656265 0.561884340228037 0.590713991205226 0.561507146394883 0.585854011443104 0.55684262856072 0.59808652510104 0.451134227273991 0.550672466012985 0.58347847026556 0.574756673270524 0.562962185322362 0.571296895426387 0.548990527918644 0.575901557774525
0.514040680426568 0.555701947873294 0.603219641390901 0.557041122538074 0.571657202131601 0.535803287998573 0.556120361108811 0.549540614821592 0.599950672885921 0.545076770735067 0.539626413269615 0.518950044438316 0.517518383545697 0.52289099119293 0.557768488865401 0.597148905264339 0.608452389196153 0.588355106173745 0.581645992728184 0.578448176751925 0.604331737289362 0.620821207443982 0.600080741563659 0.576466994411782 0.582902603824169 0.585541910824066 0.570355895665352 0.574782477823052 0.577327247546587 0.553414095954424 0.545720073983919 0.544171095296455 0.534766067029246 0.540711878484358 0.557145827071693 0.584291729934429 0.600441607963236 0.602154682127107 0.611602724708812 0.522752768919787 0.572203695418386 0.589494354480468 0.580110029461066 0.532455424962533 0.507118092199194 0.550756066575819 0.595211291225876
0.531351769314527 0.586199140744681 0.576336845930354 0.561710407615557 0.546725357303286 0.556615065599905 0.517113825372396 0.567034540735676 0.578240326532994 0.532084701580735 0.488615244065128 0.51471265309732 0.491725121827494 0.512149928160529 0.60109867216544 0.620253556286804 0.580214484707042 0.574323797681124 0.596706321169976 0.600267581100041 0.600348523232075 0.611710749460639 0.571255016457069 0.548392430932053 0.594871165657594 0.553280516888653 0.588414003492939 0.573067946900234 0.504097562621923 0.538497565789254 0.526192487691045 0.555111002508241 0.558090360105039 0.551382698369869 0.528904225015042 0.486319299074607 0.465682834972033 0.600606292644995 0.592676471896002 0.550428209875217 0.576063927120584 0.606305418825444 0.58638865704203 0.562906192059381 0.541932185287451 0.540975752839053 0.567889308652739
0.540950318609781 0.599108572762417 0.559520338345307 0.528856400138349 0.54419379291667 0.542627826054997 0.508936209577179 0.555443987294798 0.525763556260156 0.5136555116127 0.491821696031483 0.478096581369262 0.486402623587542 0.505786327076175 0.583463415043413 0.573556583131644 0.527947687468187 0.607651597116712 0.600350139193466 0.573379141835035 0.572096643829228 0.579892252902431 0.559516451196087 0.551432849991216 0.586225362323761 0.567910415369077 0.567060801759123 0.534328615928196 0.532551042010241 0.536937056340137 0.555100184843546 0.559540541213785 0.537498522181258 0.503202683615163 0.517668986770806 0.446397773606118 0.475848850926746 0.588195733729149 0.604201026671218 0.613834919026833 0.586142561690813 0.474663429506978 0.588756453488363 0.616739760789846 0.616811508744577 0.511405227991285 0.476336265019055
0.538116723075767 0.528559689924311 0.468846895200379 0.488771888820737 0.507707644206791 0.497908848412737 0.471311593655976 0.478296274191157 0.531485810424191 0.503322615487274 0.45115628612331 0.446674074728766 0.502812805611566 0.482026583820608 0.561122242960683 0.57156039692618 0.547603081179355 0.595814879849563 0.592008974325936 0.593250965725295 0.554167324711027 0.564788549649395 0.568937274423551 0.573618043947572 0.54676514655462 0.543242246607835 0.531613939070009 0.513632338978597 0.516669309476153 0.540678581412808 0.55436706497145 0.484393456285116 0.539360351153141 0.543137851038206 0.533979459391769 0.568690544927514 0.558500631719804 0.564620584008911 0.615140856499608 0.502212483525981 0.568499874661943 0.610876906132801 0.601779907118738 0.564699108346914 0.481003096521898 0.52527925899606 0.488309930585554
0.44599818446546 0.403138589666713 0.435395462618597 0.449273650673645 0.530183095781804 0.534207470660931 0.537088689764423 0.42678348634535 0.440921897705512 0.461071337552029 0.496651248677885 0.495924689823164 0.460595363949973 0.485470275154713 0.564020913496223 0.59454032020979 0.594838428542036 0.594991618888664 0.601718635518359 0.579802807201735 0.588329429785349 0.603674677455068 0.579361923905352 0.560921799965485 0.564924845397752 0.537523556919464 0.524850952971193 0.513157799681841 0.506326048923546 0.533522096479761 0.534933856590285 0.539474931325881 0.545260475598842 0.543981860612385 0.564857499471265 0.592627275747921 0.5595349598225 0.545575799279106 0.601994725664592 0.599259876779474 0.574633391352475 0.523734207260356 0.572313204667852 0.535552383447147 0.42067623322238 0.423603602701703 0.500687266218037
0.446990349622158 0.430601666404368 0.464286569799056 0.455126215705204 0.535161984248122 0.551071081280155 0.533737560870396 0.486408632242347 0.514138404673828 0.478550163165844 0.501614744804112 0.53713562361576 0.518453037852188 0.517799559964465 0.53726882959236 0.585922948916803 0.5995194772041 0.607575261354338 0.589546467979292 0.601278089367454 0.59277045418352 0.595226934984738 0.592848199639519 0.587703930550014 0.5606174236914 0.554492654310049 0.534798843113896 0.541548583107544 0.528257427199877 0.524761664755683 0.488851482342379 0.522530229248669 0.516390629422351 0.549029789599437 0.601588627373205 0.591576467847632 0.59020640627692 0.616549685293586 0.64480435846996 0.519910782347271 0.595956691442708 0.526744020539531 0.530820930193231 0.454596915179506 0.40056640897239 0.415751398136705 0.451602670873145
0.425981639862086 0.403439692774718 0.407967832380397 0.419544025846643 0.403997865315324 0.423854505514194 0.469987473524143 0.523863191862571 0.535237614948805 0.524634351055921 0.517227392472336 0.547455258178618 0.58178328412675 0.589351287011991 0.593169144232287 0.591518208194338 0.577336690564416 0.549713348368033 0.526545298904681 0.592330172867741 0.578097269242386 0.560403393669148 0.574705779810991 0.589373026811291 0.571607865535297 0.573776466513574 0.545141840196973 0.527727909945948 0.513369898244 0.532109509052128 0.493875872097774 0.490500825974131 0.482029057553382 0.551770360541201 0.569284711644705 0.584930175369021 0.609380779002834 0.630512987231546 0.606572536576584 0.604223094280389 0.610903903038898 0.521322545860853 0.52051522985565 0.415717324408179 0.396214151214117 0.400079267920383 0.36272071708842
0.406509939748895 0.394795322416047 0.395576877413626 0.438064720325337 0.459279052064786 0.40756628414525 0.43655339288228 0.50560388614716 0.513352471159082 0.51676973599769 0.491415910598699 0.487457526349283 0.591860758370108 0.554126285239307 0.552903934629401 0.578088831486991 0.591866389157156 0.509566733630127 0.520147373952279 0.597162282667357 0.555384005941816 0.557582625963601 0.574504148667063 0.56957736944625 0.554530508224827 0.554919882188277 0.546905005449038 0.557002284958107 0.538827904830929 0.48838974119865 0.463605882353688 0.502446136414176 0.523842485022167 0.494511694688303 0.568535304586489 0.553238375254801 0.599207946576175 0.606837738627606 0.604884342723917 0.600355720354871 0.492158784275858 0.528727202821849 0.470503299396764 0.401330971097113 0.353036651129651 0.339312185489069 0.310580683739814
