Scripts_&_data/B6_all_seraphim_analyses/Environmental_files/LASV_rasters/ENM_natalensis_Mylne_all_0.04.asc
NCOLS 816 
NROWS 336 
XLLCORNER -17.0000652 
YLLCORNER 1.9999752 
CELLSIZE 0.04166665 
NODATA_value -9999 
[rows 21 to 41 of 336, columns 658 to 704 of 816]
0.19951897897499 0.194794918863798 0.195165597958842 0.197811634823991 0.19863143818807 0.198545798876103 0.19459543680206 0.184521934678987 0.186063784981201 0.187631505690565 0.191593247585196 0.196981359620617 0.188276314218788 0.191016278671042 0.18978172317475 0.194065360843417 0.198196344982013 0.198187414581305 0.197124294037241 0.188442593262225 0.186383641540764 0.189038190555852 0.188435811703034 0.193185931619925 0.184113771934217 0.183749595134023 0.190018749325556 0.18582762945072 0.190045266749095 0.185896386588321 0.180919292187793 0.18023251594151 0.184401953158935 0.172922926228153 0.174984525716069 0.178369752835052 0.173461987198187 0.175297153386045 0.179838875580625 0.17970792833547 0.175841403298144 0.178740657260692 0.174067274925091 0.177026229778693 0.180259620484849 0.178965519412075 0.182607511966427
0.202117049229903 0.196102818045143 0.193978486738883 0.202606815078999 0.201624036958789 0.204917893377714 0.202125059784789 0.191672825941336 0.185376842881372 0.190380119947187 0.194882922761724 0.196589796689002 0.19394407566407 0.199641956801588 0.190054066275019 0.188612313484564 0.196479956332256 0.199704611173881 0.199968259469532 0.195410304527713 0.197854073673407 0.197183656226576 0.196219470171267 0.191223896980535 0.188392059712874 0.192355751757879 0.186046973908333 0.180866237596228 0.184453001123648 0.182652577112654 0.184585669958878 0.181544000234267 0.183916168019592 0.18201736709326 0.178085241843456 0.17610146868285 0.177698990560143 0.178262017785812 0.185978413181471 0.189314589716122 0.183185033214867 0.17761620518489 0.173768136804217 0.175240624017701 0.171972817137508 0.173927203057148 0.172199022030077
0.202553403343219 0.202027680958093 0.203639748614253 0.20901378775565 0.210152038919586 0.20864562325774 0.201521038357569 0.192770479400355 0.194014048464078 0.196964272573843 0.187098222140234 0.193405163889471 0.197418755980317 0.190860480339162 0.199964965769867 0.20029560390126 0.203179306451884 0.202270343286686 0.201287252084311 0.200320906710864 0.200750091039175 0.192644651338696 0.194518077533844 0.191361790993592 0.192213235977047 0.193524400307854 0.197357389967731 0.192297782652372 0.185736265183687 0.184837944030395 0.187714881540202 0.193629865891126 0.197421046959205 0.19799807630168 0.193180753498964 0.190893080951387 0.182811518102217 0.180799765144066 0.183981364042502 0.185991243471689 0.188510831542173 0.182904424401321 0.175796045708888 0.176269469065313 0.172353751487067 0.171318805286398 0.171092637423203
0.196535446888123 0.203700904529718 0.212346538127423 0.21534414791914 0.214635872994612 0.206777103546758 0.207883515532235 0.204254506131971 0.202156048128199 0.202683609812895 0.195619706007101 0.205405924145748 0.195633773650037 0.191158864804239 0.195346058858648 0.199003176622429 0.205333778148397 0.204253499132721 0.194886882215433 0.193902029935455 0.193410278766156 0.191901192435356 0.189992779359547 0.186158428479999 0.187614162909715 0.190221237613945 0.192401069701689 0.189837798269743 0.188099841018892 0.192246882453153 0.193919634209896 0.197533666653834 0.199872347294105 0.198778057980303 0.197740333534868 0.195955261288318 0.186402804558103 0.1943745199456 0.188548543503097 0.183395655334296 0.185678183769997 0.175412027245306 0.172793863995874 0.17721549565189 0.180766497472467 0.181744315133852 0.172417012101397
0.213422383909236 0.212496682277774 0.212796813542749 0.211548635911838 0.211101637906466 0.205512395439149 0.208750169242912 0.219410554085539 0.21270399395242 0.210880897995616 0.206880898867931 0.207339366071297 0.188849708027485 0.191468124551293 0.193166010251351 0.196798518370423 0.198141010809677 0.20885637333077 0.206147459438958 0.198935320520049 0.198505886229788 0.197447630346137 0.182625073937246 0.185454856468583 0.192406332268743 0.194133637666978 0.194823485891038 0.194544332182602 0.191552019632684 0.18850346050343 0.193695784662171 0.193682548354348 0.197309027293329 0.192746977807382 0.195829365451077 0.191310488331447 0.192606162451762 0.196699464517661 0.189522754265356 0.184666919232977 0.178130962041205 0.173885215543744 0.172882786253532 0.176816241017453 0.178764184628573 0.191890490946229 0.190635883215077
0.210952072124147 0.206409206902511 0.203094667307135 0.203743009581613 0.208715434331202 0.21258458887624 0.21227660729202 0.214125765783244 0.218493175714989 0.218978289847842 0.215771929482893 0.200760884241904 0.201864938772348 0.198303215221473 0.198628805194601 0.203466816298579 0.208964262937992 0.212057299867224 0.207446973625074 0.202048673323292 0.194949480528747 0.197056044816761 0.195578717630579 0.195358292657915 0.201357200670207 0.204841704680175 0.205995990497384 0.196677940501878 0.194509595097172 0.189164528242731 0.195633301108301 0.195609518197222 0.200667025697744 0.198705495517765 0.191016935544622 0.193464590695482 0.187189945709714 0.191464768461576 0.186378514165658 0.18344221557911 0.180630317783984 0.179639588186928 0.18528092997098 0.19469039523792 0.192203259134668 0.190323535645314 0.186931687476825
0.215133173497426 0.209903197562381 0.204082303579423 0.198179939165779 0.204327298374639 0.21165156203328 0.209117427413386 0.211765936413967 0.211776209962257 0.216384320866775 0.221498331045172 0.206066839131613 0.199557789741657 0.206239811765113 0.208603124810655 0.212533098849556 0.216076971789128 0.209115409789992 0.198535959708048 0.206327344384705 0.206828085908539 0.211953921986321 0.203710728245234 0.204099284253363 0.214369060535344 0.215222188203646 0.206462049424632 0.197676393502244 0.192975028131342 0.189837019581569 0.194128969450935 0.196364692577435 0.198416231412096 0.196987840631564 0.197565368603371 0.191007201797205 0.186451120869695 0.186514965254148 0.188306556735555 0.187547891016921 0.179503827367156 0.179756998094546 0.184427657320781 0.189761616748388 0.20076866549252 0.194004573812985 0.189380385029174
0.216486905117814 0.21136797385443 0.209542579202685 0.203853285972453 0.202928789022375 0.210132715229328 0.208970552231998 0.211660265077231 0.207173395585113 0.205591481687245 0.208930700330221 0.211654499029762 0.211646707303438 0.204529013250245 0.2106313748656 0.211429332901202 0.219291691382554 0.213181501186513 0.215029829260632 0.213948871332912 0.207999876672364 0.212007995983159 0.214199198111578 0.215833328729948 0.212248046913203 0.211175558118232 0.207804964231956 0.197566753213722 0.198724481178104 0.200245452344664 0.199999489785121 0.20702263721806 0.204480765131998 0.203705275346585 0.193046155664418 0.185545247926795 0.183604607415112 0.189149595200044 0.1937040954355 0.186955102355436 0.184982100206709 0.191110581476953 0.198754510583899 0.193255015897762 0.198373876818935 0.210821993261021 0.194166501807695
0.216708925439208 0.20423543235554 0.203931860816616 0.209713276743105 0.200763572234636 0.209081237570959 0.206348641027675 0.200731038149074 0.208048583651599 0.214427200740204 0.213196404351055 0.205032939691656 0.211860952774114 0.214912376337584 0.214574391325222 0.217995387515249 0.227178442484185 0.222565640842271 0.218049895740106 0.214089960597138 0.218525660364103 0.211760821432393 0.219236082041359 0.215907423140159 0.207633582055203 0.201117409085682 0.200316040086886 0.202744625938808 0.20029831890163 0.21066600067518 0.206575473393983 0.204921065899583 0.196114575031798 0.20094874568224 0.199235394647716 0.191495800858962 0.1886312529881 0.189833321204563 0.191572904835792 0.194226913979332 0.193695767648049 0.199217708441943 0.20922160654413 0.208626853585362 0.203941205652134 0.219320553676102 0.199408253440268
0.211251322855067 0.205029606251468 0.20524987141771 0.204943460556208 0.204004480422089 0.208016124009903 0.211842449945763 0.200747875742734 0.206960436807089 0.215142484471694 0.22278432929962 0.209528939576174 0.213583095336182 0.213943059645692 0.219085185224257 0.220931610394956 0.229234283639129 0.226685401484641 0.228579314811372 0.223546965276901 0.219635158321804 0.212274806573055 0.219885144799212 0.214051829642175 0.206178956392923 0.220210291460383 0.216535256642983 0.221265211455055 0.219123009144356 0.213392892409954 0.212000259956859 0.20860984221383 0.195846590376956 0.198643105605968 0.20796104632844 0.203578831086343 0.197416799411565 0.194315938299455 0.187735109094504 0.201159755093594 0.200187345578875 0.211124922616126 0.218579824711309 0.217380470796339 0.207278903606223 0.221135200957917 0.21179279034022
0.2054552208424 0.197380920815809 0.208052243377284 0.202998075802197 0.199367246994992 0.202632250705599 0.211361588129408 0.207267499869915 0.203196405039841 0.206722228034273 0.209415977538149 0.212546072666917 0.21141193576038 0.21754153344835 0.214955453217797 0.213253251106391 0.210674206150689 0.215586910535897 0.230150900655633 0.228230785222229 0.220631064662811 0.217413744800549 0.21848663613455 0.216993344864154 0.215749679979496 0.214275293704375 0.22373890350304 0.222638178372531 0.219852618624822 0.212235760458335 0.208861887374634 0.205168154811629 0.203878916126741 0.206752479689881 0.20464840977897 0.195844998570661 0.199439555345043 0.203875685477031 0.204640001206691 0.211778879359235 0.207754058274196 0.212713121991404 0.219656494530637 0.223096638741429 0.212805014641503 0.210119364317778 0.221359093263032
0.206254079398566 0.202347143028161 0.209403381224018 0.210351178966405 0.204406557123057 0.199696137465153 0.20033120531369 0.208706621157033 0.205249386725547 0.206220930951182 0.206225644618335 0.205696421211533 0.210871213781633 0.217067900886109 0.219933326657333 0.219217184563955 0.213681028987086 0.213162482408759 0.216479833178923 0.220541186278833 0.225251776038109 0.225662808812502 0.233571263665554 0.225639309742668 0.221692078958383 0.22041978394185 0.223717540446323 0.216479962906344 0.210301620816598 0.207261262754116 0.210824243174564 0.206471547354629 0.204941055305606 0.205568292402041 0.206432784959817 0.206390120703451 0.208397183014099 0.213563338091498 0.213027131347872 0.217014555292559 0.222533395593679 0.220625096302591 0.225179901891901 0.219208591718172 0.2122729676113 0.207593858243145 0.221300179290907
0.22399872237744 0.21174816050003 0.208436286747598 0.209348173883038 0.206299533486588 0.204844829359775 0.202206267337939 0.205911955854491 0.209189487307917 0.21325357101578 0.216775310954404 0.217372656990443 0.217121500031447 0.21705374136997 0.22506013784057 0.218719139515318 0.215485753750566 0.206562528477532 0.208113228865417 0.222519437370894 0.223613528554986 0.231559236615638 0.226995308591113 0.224566325045855 0.223481731752179 0.220011481738919 0.2114670680621 0.208817762730541 0.207893958454535 0.208417262724366 0.211967243424426 0.214693913240389 0.21317236529913 0.211613847789263 0.208164271967241 0.2135146589369 0.213866646008275 0.212658467592817 0.212993664402198 0.213858612459375 0.227517479370949 0.223218345484784 0.219652500357656 0.210039969070914 0.216844779008251 0.212859160299188 0.219409775241499
0.19818141717635 0.212557017055059 0.202396649819832 0.215569252937324 0.213977394756805 0.20789193759037 0.205564249206129 0.204257388264132 0.200325031754153 0.215109324622087 0.219622536854778 0.220375198930191 0.227187033325327 0.229134977237245 0.217055697276881 0.211634401427403 0.207884497501909 0.22011131899944 0.218827968229855 0.222281935910941 0.217507365955032 0.22373532338573 0.224961856911743 0.224003203481691 0.221088174431141 0.223321789377324 0.220231454631062 0.220171927900493 0.208180273294816 0.201696039906502 0.195872717210824 0.211548898456952 0.209720982038142 0.212418519452746 0.211569702582471 0.21153900535221 0.211824424130339 0.211538267673858 0.205931650670357 0.220790016515102 0.215866628099369 0.216231444310755 0.220257061748746 0.214067180015443 0.21692585764572 0.214438291947737 0.226923061086286
0.192707217055047 0.209937090158736 0.212375501276288 0.212133159024184 0.212890707347891 0.211700395191556 0.211970438616243 0.213359921211745 0.219232136647097 0.222745534615403 0.212019644372184 0.208007858456073 0.222451482830544 0.223310923891273 0.219682352515479 0.223688550524868 0.211097667601491 0.217798060128857 0.223691629199307 0.227526146278524 0.225407174028534 0.224640983325094 0.235601140523839 0.239151154879485 0.227772801546898 0.218763543855657 0.213130101774945 0.21275840580814 0.218441362770948 0.208559943215365 0.205496594780149 0.210643856888247 0.216382226628345 0.213911091511655 0.211377336920332 0.213149120294595 0.219631442934297 0.212878795473025 0.213261226752987 0.222172674576945 0.215001430699644 0.212568643247679 0.213627138284305 0.218290497518273 0.216382979478805 0.218746688347644 0.213142260500802
0.216495274685867 0.211653814999668 0.21283840382155 0.209600742757508 0.208616783079227 0.214412943908219 0.222467292693773 0.218296547547923 0.220178849188172 0.219270695565975 0.214906228613702 0.220381994260769 0.220890174348633 0.217310866618597 0.212822988993436 0.226264475783566 0.219353917399669 0.224516404864558 0.229811126288409 0.227333353070304 0.230910358460916 0.23021501600761 0.235461511147441 0.229805722339475 0.226128634687142 0.221267720984682 0.21367902289763 0.226166468753311 0.224930987220918 0.212625834449934 0.215339238145574 0.21668228542337 0.216546975675963 0.219475550540434 0.217802068768227 0.211066870171499 0.207932730611266 0.21164463005838 0.218669690076719 0.219120352684582 0.209645310465122 0.211387557810054 0.215325580863496 0.219375038796461 0.218492034192116 0.218400075345193 0.215651624564154
0.216964536317935 0.21416649810191 0.211458888336617 0.213329120081485 0.210095417500798 0.212491201684128 0.217555010334431 0.21205935110701 0.210609970013919 0.217122843510635 0.212956805089406 0.221860545427904 0.221900448154986 0.214571190497944 0.219985396556832 0.225752996478911 0.221586150229635 0.2249931820739 0.229660227427555 0.236209468867047 0.22544953175635 0.219909790535297 0.230144931524692 0.233310827998899 0.217631874492165 0.221757871832423 0.233132715629757 0.24061885418758 0.226866909998539 0.222556373517635 0.222410339629852 0.215357492425206 0.218581864566085 0.216300088201081 0.217906030681256 0.222129830181229 0.212493812958867 0.217272362481282 0.215434691350703 0.218509078858146 0.216975740214845 0.216500487153364 0.219033791386749 0.227633370695055 0.217832541652556 0.214825859608931 0.217525253523228
0.267568693687218 0.218274278630063 0.21353902488933 0.213901022697541 0.214282059581918 0.222816297990057 0.217254748671395 0.211184238934784 0.210518326540297 0.212982732920667 0.218257125463404 0.221905130937231 0.219261774808039 0.227881928029282 0.228861593028427 0.231291259902797 0.224273712200227 0.221311553983461 0.231264622421215 0.238817871340611 0.222003463563187 0.229186259562669 0.235045127441812 0.226505291455324 0.227168160808486 0.225971743150356 0.227901982425264 0.236943829837367 0.234281259355004 0.241167926158098 0.224849911519455 0.220498480947307 0.219643678516522 0.217361435628145 0.22542816355023 0.225331666780278 0.23262424084948 0.235073819281636 0.224276457359674 0.222634073732196 0.231924595690249 0.22073451257903 0.225044159945912 0.219514207967793 0.218508514371519 0.213235390900027 0.219505955462761
0.265816270164652 0.224033155911485 0.212818185140522 0.226412716207808 0.226943570245073 0.225118999436313 0.231770565599506 0.218533863808598 0.226103105027993 0.214362463264702 0.225400021636055 0.219921203797535 0.215256616356895 0.23063619398253 0.226868916629235 0.237275150687336 0.237146555506228 0.231287776041176 0.227162390520055 0.23028855710453 0.240816026808493 0.24216665814125 0.231155063239464 0.220744449072744 0.227537904234742 0.238218399347477 0.242720355586902 0.239351237537311 0.238378052060241 0.236734548239517 0.23402872726525 0.232384758654794 0.229751599142142 0.232904720247069 0.237225376732945 0.243272875200817 0.240032833830183 0.236739747207643 0.227209855354899 0.230054734752634 0.239042639513226 0.23557149925364 0.23360719153026 0.219343301062643 0.231723376040278 0.224758897928853 0.230886386288623
0.254294396679498 0.239444267896438 0.237481477963277 0.243089792529253 0.246417724477575 0.229521915815831 0.224441381114852 0.218891862166639 0.226545438114741 0.22155833996077 0.217457968001755 0.213397481968136 0.233936434465259 0.240356983448462 0.234617582885083 0.246327710572527 0.248192503078461 0.236821196414855 0.221568677121084 0.221743751048922 0.234678807446157 0.242147079217375 0.24157026306362 0.236296616411694 0.243662374421828 0.242703521867807 0.247843259165087 0.242193179311613 0.245445523737022 0.244626447746819 0.23863726491001 0.236990622041725 0.233174943460469 0.236611913562331 0.238043695801282 0.241706634745161 0.250941580564892 0.241797327636308 0.238784125809129 0.242474504665276 0.236129470397473 0.235798533097807 0.235090874078667 0.234319969912054 0.233244933980743 0.233294277437496 0.228557200909574
0.272654811646836 0.27542750805227 0.292683565550009 0.269384192116293 0.245251228231076 0.239643800305165 0.230068216248138 0.226526305666117 0.242027964248584 0.230242408844073 0.230908550913862 0.239299919268217 0.251338690304615 0.241969741794362 0.241479868763941 0.242492049572173 0.234361641397772 0.235930155432234 0.241249866267959 0.240511682001843 0.233649639326665 0.237476258575285 0.237138997622818 0.239823623695625 0.243955754308941 0.248045081874335 0.240098353975242 0.235707653778609 0.238731339458267 0.244351483566022 0.244927725184999 0.234988417687782 0.236061089897361 0.24983315321864 0.24853073623165 0.256615965558328 0.259348395531681 0.241499150141315 0.236335819721903 0.236916660088958 0.232637281755289 0.224480817856057 0.247922216330364 0.239691565379067 0.242801119313791 0.234897353793587 0.237558813066206
