Scripts_&_data/B6_all_seraphim_analyses/Environmental_files/LASV_rasters/ENM_natalensis_Mylne_all_0.04.asc
NCOLS 816 
NROWS 336 
XLLCORNER -17.0000652 
YLLCORNER 1.9999752 
CELLSIZE 0.04166665 
NODATA_value -9999 
[rows 105 to 125 of 336, columns 705 to 751 of 816]
0.404036953292977 0.405197884450136 0.419480488466319 0.415338239990558 0.422149222369148 0.430714004316825 0.536612854817042 0.439123662008168 0.433486824369741 0.453020006757899 0.50322585838454 0.492324890622313 0.497436682508331 0.512378036214423 0.653407764153382 0.733090928840328 0.551976001539308 0.554565977163638 0.571144521886307 0.564424498101818 0.587473667612281 0.59148579595535 0.785945341288259 0.793670963810605 0.799217766848275 0.794222913756695 0.804104537957666 0.635288049649216 0.578603868341088 0.575340930287461 0.597602654754338 0.761820085362375 0.584130488549546 0.651124955886812 0.596080447141247 0.700808395422696 0.661725380571365 0.773243953201013 0.604373175935502 0.618728693808975 0.661140884914538 0.602931724427991 0.759364794960025 0.783364033457091 0.761352439880375 0.762185549628224 0.730635292320508
0.397181971947898 0.405954786521578 0.415330548155543 0.41047397498011 0.425308677118357 0.431810060037017 0.421087092486165 0.423534743285774 0.428336874226106 0.435513714867682 0.453402616165407 0.455011026819924 0.469170453686026 0.516879405667245 0.727448241806933 0.755008989261527 0.551385929125604 0.544127324001006 0.553624075691793 0.572209372792814 0.572285153783018 0.58710109322648 0.626568201174871 0.695516476724817 0.762163043060435 0.799263302518384 0.799939932308662 0.776233536055859 0.707311077624523 0.622545008393896 0.620309230911059 0.71963520529464 0.594596930554843 0.576140235063055 0.607706403984381 0.734190058062246 0.749220809521347 0.728353801980794 0.68557284524902 0.74981723885983 0.601907008846856 0.600675665527406 0.646478671853785 0.757595790679921 0.750811249070619 0.70858646651427 0.746971385497539
0.396623850665747 0.407470981263943 0.39603095883402 0.413462740573384 0.423219186456006 0.421193859659808 0.415847481158315 0.423797829752743 0.417787461577733 0.420324662972223 0.44368950746857 0.435881841834309 0.468437349571458 0.538326694471914 0.612028515809968 0.628490484183606 0.531530219518896 0.548345211238246 0.549994587243257 0.547744648493252 0.555749373554837 0.609541341072046 0.642190612464365 0.743351971604879 0.79852392893954 0.804010700867456 0.700733880541572 0.72789867027754 0.78211378343648 0.771635128483123 0.703344476035457 0.795785147278488 0.723141964836057 0.745666169723574 0.707545834859421 0.703854276834074 0.749806024252186 0.794552905784905 0.79010831525026 0.720630809632397 0.590710476749962 0.671215734432018 0.616881160952291 0.602470826181061 0.665875665790479 0.72705143122419 0.727819067038601
0.391196478809665 0.404281219200741 0.405721618111387 0.403862425507314 0.402315021927409 0.401752483350951 0.393439206499419 0.401203454737501 0.399615359952491 0.424530458762791 0.448404557792786 0.463255041013797 0.671637952681323 0.71305695310145 0.730667556475972 0.56754586361632 0.517594091754844 0.525509557989912 0.552195448749828 0.571600293168977 0.612963235528927 0.689618542759751 0.612776584186491 0.747640314245859 0.785832779663474 0.798816210929437 0.783153146747271 0.760511051388782 0.727037006425811 0.685622473030291 0.745356831815869 0.795157490082897 0.784231332827489 0.775425012738827 0.770981650149523 0.727872846671992 0.733768051435873 0.789925210922987 0.792046604971002 0.765639712923934 0.767760922089766 0.661803758651398 0.585898813164832 0.58755837874065 0.610366593632919 0.731996574563349 0.787139752862548
0.447532839420569 0.383394133379761 0.388678007231218 0.38774091698955 0.392507528180643 0.396950988243597 0.406044604752869 0.401108647170877 0.432432658992446 0.568748369077033 0.507612078034193 0.649523133027869 0.663366623759192 0.758952454344349 0.525883930940103 0.517835251179923 0.503826733163584 0.513446684795412 0.533996747942505 0.564486085376992 0.711853091726952 0.671528451049467 0.714663776294106 0.76089787417503 0.787861851416357 0.800349487950496 0.803883170864093 0.619031748277799 0.578927900382728 0.632357342449864 0.719881315094166 0.677149119325401 0.661706322207131 0.773760378934929 0.783771861644438 0.794464180950654 0.779205673782291 0.764773408744586 0.776985876570742 0.762684725841556 0.77462508696142 0.615718962378676 0.601987558606168 0.604689281015138 0.772285760611866 0.727199979857256 0.736400205512392
0.431254870124334 0.389358636132732 0.380732346331093 0.385349047572343 0.395758839199343 0.460204718174277 0.584856591834647 0.638265607959633 0.63973114148874 0.604034082994709 0.431542547196225 0.553394699744216 0.660435899048466 0.691303949649332 0.625667198903541 0.535955297066317 0.527334228835212 0.528139842474859 0.535108666779948 0.59222877394673 0.765181881810504 0.754131549258385 0.787627243120917 0.713823063467669 0.781002302235507 0.797129162620449 0.69111771939144 0.602841085123162 0.658727811465606 0.77936706429728 0.772169606464543 0.77742172817173 0.773595769965455 0.755426850360027 0.768165085308499 0.794272240317605 0.801064684804086 0.720463656520178 0.769932149326826 0.780217577874939 0.792894060260301 0.773949967940787 0.772965994363505 0.633197381545535 0.792317066740319 0.773080501116449 0.755428566735267
0.401345037888293 0.574486116922343 0.542774123389998 0.629174534045234 0.512672464744724 0.618916715507542 0.674784798949812 0.636262204350312 0.615204370987108 0.428783594289421 0.642380787493569 0.671586314871084 0.612022919293416 0.558330020266817 0.526585634756226 0.493194030412296 0.541976830232866 0.524740891828002 0.651395863334613 0.750498547915476 0.684375423426202 0.767119624316142 0.65295664319829 0.749988772387517 0.710722353433734 0.772855803447149 0.755418328907577 0.615552753201125 0.749899477927189 0.73255270631807 0.726558287693929 0.767845044926216 0.785617731279192 0.773839562335748 0.745620888946215 0.770911416122577 0.797169784571216 0.781994564513346 0.796513241061311 0.796194074183514 0.7730356500635 0.629599274865213 0.752035299950825 0.768908820953798 0.779020688414395 0.805297970136693 0.806790701091725
0.577438906543718 0.54820413122149 0.577100237487469 0.533515519554801 0.683602774090197 0.453313577617612 0.610936688181162 0.416605908677065 0.407754500205834 0.421486671517401 0.673747597385121 0.674359921713209 0.554566864458715 0.468818026709158 0.446838547993095 0.485354735252952 0.592208470130009 0.72615625773904 0.743528592113218 0.798988899000453 0.787227098467126 0.634674140651245 0.694532492006785 0.734372805962038 0.631141593437075 0.718856539932803 0.775238428828318 0.757439863711427 0.76067523215398 0.752089623474088 0.795246491937572 0.772489990257484 0.816483683126701 0.774351870178723 0.747686215968893 0.676882117717507 0.77509839510886 0.781135625659605 0.76810783512867 0.772402862583814 0.653270906997992 0.579253448616629 0.58766453590514 0.61338454680373 0.808867873902898 0.811703627975032 0.814648565368611
0.603131110113712 0.625518386390902 0.612575697793263 0.435181655008598 0.454239845455017 0.628672556255168 0.512069856186915 0.456474828657971 0.407008520834659 0.43984447590561 0.681564241891714 0.651614672737401 0.539500963372962 0.540381201825519 0.589769964313343 0.583213238622017 0.678584020357016 0.580173215937482 0.658702084349301 0.774512663911961 0.797710029356214 0.670201458802126 0.755691927917257 0.783048871117383 0.751894480924327 0.641755095133651 0.672266323454979 0.771075650667455 0.76777413949317 0.62654811281047 0.792333331087946 0.794957512493552 0.804211314211731 0.604410848796449 0.626666365454216 0.791575149308243 0.751561781970728 0.730526708666954 0.584617226544467 0.733956108988914 0.71419115219856 0.738782998000859 0.766228858281577 0.807925639012386 0.808757448569011 0.810653676500568 0.797729341613085
0.616939216823284 0.513850973697513 0.605581362653762 0.590137219221835 0.445343217808392 0.614173899351503 0.657723124388193 0.557648631535071 0.406017476669642 0.491859437254344 0.516634612905965 0.566254224967408 0.52864036212942 0.618419311039853 0.647727633633274 0.630295305942567 0.560066038866725 0.574155901188014 0.741036802086707 0.776867067817929 0.720568308864819 0.727167587513884 0.761368559093119 0.790215630416831 0.766731439669771 0.701876766354975 0.771001109446431 0.789390566340945 0.594203643781365 0.748089493987407 0.774102419522369 0.761924727086669 0.747837491386706 0.758146943590934 0.785576188114779 0.763305282152739 0.777940589956594 0.769155067948246 0.66841434328935 0.794796498266941 0.789733524773724 0.766843041445051 0.769010002662844 0.80820676601678 0.807467546088094 0.771161068549814 0.791171659329207
0.613371729515065 0.444361621222895 0.600040394709841 0.553586525352287 0.62508443340504 0.695417044475723 0.485443010868962 0.447835023115424 0.579190031062108 0.602004012820889 0.604212323715521 0.623662320128299 0.53173956548586 0.535811393233506 0.630165074986092 0.653729653639975 0.68524636909303 0.737703193172979 0.747162556753166 0.759552329887653 0.725857366318564 0.731633404965255 0.723004711899545 0.754867824455122 0.697183856699725 0.691590705043875 0.78094088206677 0.793219476940163 0.670575105407774 0.792636388076952 0.790644428617198 0.790604029419339 0.751990970841262 0.766996818416406 0.72942672420155 0.638338920183073 0.806780618040702 0.805331071395066 0.653989075412172 0.806582153587878 0.801685910925796 0.774141211163473 0.666343878892633 0.773123616826462 0.781420513099418 0.790337617328894 0.799474435520853
0.625761515068567 0.541835075589846 0.603920721733217 0.557446962838994 0.607685451723368 0.687681566904283 0.630756926885894 0.558122413778526 0.496256504659072 0.626072544385769 0.598187587439776 0.416731487751362 0.564613915808407 0.484841700941874 0.601302591655161 0.535837641770893 0.637745532786206 0.717337530130652 0.746638516025318 0.652569854905001 0.648545877001153 0.707233278192985 0.740956269577163 0.685959461873916 0.726800880646999 0.695484544881565 0.77750962472753 0.761995685502352 0.790187323158436 0.789444360666908 0.796468191383372 0.811589720379682 0.810564467880698 0.694694147061997 0.752450350259516 0.737885921922937 0.794900379750049 0.764057654421623 0.769101807022138 0.759055320543756 0.788820657119254 0.766819899564314 0.679984945067862 0.774441601269119 0.783930510601091 0.807905157555746 0.809439363251326
0.619553754141164 0.600379657925019 0.488047186513557 0.507102543744835 0.531623701356335 0.592885179277694 0.626642549167579 0.612535911751281 0.620563856247632 0.647761677375916 0.606428299361837 0.649871874838458 0.608922267233362 0.590818122784878 0.604789682535003 0.568633324724231 0.547162602510971 0.657890369831387 0.677850118279363 0.607043744101735 0.699696296885165 0.667053953288409 0.750114528584224 0.704239148573721 0.750406436840948 0.768097821162423 0.774681632283257 0.783754972579532 0.761385231569216 0.790800318988378 0.787776763327395 0.806776140478896 0.707404311298643 0.706263313772119 0.725264604188205 0.766758729764004 0.776092287204111 0.775805527230866 0.770451732884332 0.769294375664026 0.794444527591882 0.792232597567305 0.76027789367376 0.795218448791448 0.80585400658925 0.810305640444511 0.816458683440719
0.501383450422022 0.546666288478813 0.617020617868405 0.622592272668684 0.597476268124372 0.615023628410644 0.603506779956674 0.626153237176628 0.627614229255355 0.669255693535047 0.641113941887356 0.580078128354104 0.5935032254262 0.624443195050083 0.666634580398476 0.665839739226596 0.6852292093581 0.631973286432626 0.706265931864203 0.745327720953224 0.751146013634439 0.472652930873272 0.652149339823671 0.70156081296495 0.679058803097788 0.752261510248976 0.776469106128469 0.743752817989102 0.747881265264988 0.720453698733451 0.753209175289492 0.785143592857014 0.704926330379871 0.660683302769805 0.634719928066383 0.804299704066991 0.751322589122999 0.759809290266994 0.794980610705466 0.768016920570806 0.696214521745702 0.792121605315986 0.774159445640098 0.669781409673786 0.793769189444084 0.770773009192453 0.740254376833433
0.629620980312238 0.711080102318392 0.703108507995829 0.677913901231271 0.629382577196416 0.535929382479218 0.645562485784329 0.641797338003384 0.615098276737998 0.453272493985666 0.503803713662365 0.556506764529957 0.491748186176996 0.606462565496995 0.666960445574922 0.695789083013408 0.625129022462469 0.686556552167285 0.696446392634726 0.737808368478895 0.732608536572751 0.720915152391037 0.706876234807082 0.704174878516607 0.715029415445178 0.721212258323559 0.744989342204463 0.749471826084701 0.722052634619533 0.74030034616875 0.742255160853018 0.679644128626055 0.692529616081052 0.683175812947826 0.544369976939171 0.723750540680106 0.635947832667434 0.796929451818369 0.783669086334464 0.802344118107146 0.702869293096819 0.7946562726514 0.800440106736724 0.78839759844584 0.75120354089626 0.770337535516735 0.776812996285711
0.620196033724948 0.606000019761142 0.611753340848143 0.629375281142302 0.562897571564879 0.568905885944163 0.585260645757733 0.642849435756309 0.61889904763862 0.613149249920909 0.555377116651645 0.605344660924346 0.46037928527677 0.583152327906862 0.605256402808534 0.543673281262276 0.630907227708301 0.666908282430227 0.656303654575436 0.707040597427118 0.683526664661746 0.682826850663629 0.69365184164105 0.705940096950009 0.697936786626581 0.662767886231126 0.675953196470762 0.622211513924227 0.742695356723383 0.652775023267849 0.70387444269899 0.706220349778849 0.713754944246012 0.665587636234425 0.458925279925878 0.700041051363481 0.799583549976479 0.794643761743684 0.785783071083014 0.736285455730081 0.608313321852076 0.706537342679369 0.807314167276607 0.79294169073829 0.808871751904972 0.797943731052997 0.773240800806916
0.561253100200563 0.545658182962348 0.554915595584553 0.635411947556282 0.606192241800286 0.604250924810845 0.553605739367275 0.5680101926307 0.596216697298654 0.538369516937881 0.482998284441775 0.629802577555019 0.5347363231695 0.56111436333051 0.596526532979614 0.556298225457726 0.436591483806428 0.648985776919557 0.609962042393261 0.621953429962767 0.574662271414122 0.637213399544941 0.694920137212151 0.658623410757924 0.671052004293442 0.67421980642527 0.677952444860032 0.651034373873616 0.685125507740368 0.471545189615171 0.559338005292217 0.707702210234937 0.637318886820389 0.698403331732725 0.646374345639074 0.733188649967273 0.797287271266779 0.798913188064243 0.804755298212316 0.715234230877283 0.678968672265745 0.588637990279219 0.813013798261548 0.79787531542085 0.816957387022383 0.794462760741656 0.783947943397018
0.395961085974099 0.60150743042976 0.663815842184931 0.513860399560772 0.660237230518399 0.690225234139726 0.582941410471483 0.449035328359141 0.574240608990148 0.543297160579434 0.455366388687186 0.55291782359798 0.410287379120721 0.522381975157228 0.59639722534672 0.435288010067661 0.460166599227259 0.642982149898603 0.629529316163499 0.605651193823068 0.685135671539584 0.588702963923387 0.698785533245267 0.681126731945597 0.601023234017983 0.486943521242499 0.632603737507054 0.596621789413959 0.655909504593273 0.669066730869827 0.699285903345983 0.72055084018186 0.691216703195561 0.72121902755126 0.607316293028636 0.680296496213623 0.770419675062245 0.754457173355361 0.731753336320396 0.672257577795373 0.549292250599995 0.577754706557795 0.806255240150051 0.786975993701613 0.800820469188799 0.741060896558283 0.739885494170705
0.598288508482152 0.633207936986566 0.614156595857954 0.600515994462044 0.651224532489522 0.627432599400375 0.57774307537883 0.491856328406862 0.49198331438608 0.471042208844572 0.461731075638718 0.518274823900177 0.459526900338031 0.435240126466542 0.427979473218864 0.563953139663505 0.473610622181773 0.529216720928862 0.580334769931913 0.660134130865591 0.570360813510037 0.562819857768572 0.564264501813785 0.66321168456071 0.656073954818105 0.453448954167477 0.597963775852555 0.573610559551762 0.593449432138321 0.629370506610496 0.685018397739617 0.718609605606819 0.564850059577981 0.715217714842021 0.610589059559598 0.511512160400915 0.681233588743308 0.512900104249197 0.688360821159177 0.554143497800919 0.604535810795346 0.69341633945267 0.785227307608342 0.625855959378893 0.775964910079438 0.787921043183786 0.775258284328831
0.632655939377253 0.665495872947208 0.614311534765134 0.547470066372919 0.575925666485591 0.601093197463696 0.556730098400203 0.586993715296876 0.509628696030264 0.477059490521634 0.436832940678232 0.453215442876076 0.41725443383308 0.398077291600324 0.484962979703425 0.615374774475151 0.410919465826106 0.493355413813587 0.62691050650487 0.622249144316953 0.555356630609282 0.589224625221075 0.586463321545746 0.630864309632298 0.622922259894581 0.519281999024652 0.686024744703831 0.706030553639255 0.703936408950538 0.690344609868633 0.699054277808806 0.652590079862428 0.420939247131974 0.53697898949589 0.709630578318766 0.486380649110411 0.431678499478979 0.39996889449091 0.657816649005367 0.547138776716357 0.608702054319 0.627235554641294 0.71667317989988 0.753068317415104 0.706342279711996 0.794963947014753 0.782228903273315
0.445260949017408 0.588468717114511 0.472307793710386 0.419931501033441 0.502604757185229 0.615712186763184 0.619130862967099 0.598650578260266 0.600181235178906 0.582454671281898 0.566478284229261 0.5345744766722 0.554848971146417 0.435389114410507 0.455959369312296 0.504995649015666 0.430505820325959 0.434475826251087 0.548551252555543 0.57883611938015 0.578521631585786 0.523312339734982 0.602026865288652 0.506363881360367 0.618400526073126 0.610621185229154 0.690870025784639 0.687790953783676 0.697759191237438 0.711564008585969 0.71038798158559 0.408601126327672 0.442891802604063 0.664558811786477 0.721235953752452 0.432732408831015 0.399050943005416 0.586272658341237 0.512939871478248 0.484682787754825 0.52319584347917 0.514162282394824 0.596660849322061 0.733472825388673 0.802866787790652 0.811544337106443 0.791547519859732
