Scripts_&_data/B6_all_seraphim_analyses/Environmental_files/LASV_rasters/ENM_natalensis_Mylne_all_0.04.asc
NCOLS 816 
NROWS 336 
XLLCORNER -17.0000652 
YLLCORNER 1.9999752 
CELLSIZE 0.04166665 
NODATA_value -9999 
[rows 189 to 209 of 336, columns 470 to 516 of 816]
0.29812075899544 0.329311704709211 0.28440448341052 0.383836708937444 0.261757129185984 0.323624202033667 0.409221607351342 0.415286940136221 0.415319458273179 0.537731796482779 0.565279352250875 0.600580302801849 0.602150438696138 0.661123899704446 0.55774191336702 0.548099300003692 0.399034539285242 0.585403225504599 0.718870206857141 0.644153442017125 0.618580589982712 0.615873002445808 0.619955561881131 0.453066175492365 0.476964941768133 0.631530716497106 0.684001833390474 0.693942969861403 0.588684286564374 0.410135548337908 0.634095885423307 0.619821224392418 0.626058241259575 0.624580285711056 0.531595936947956 0.530993891346631 0.466032821286698 0.43705644838915 0.645000165178212 0.742093545734897 0.741645668866111 0.582887587435102 0.649733115653074 0.66157249410077 0.624333461414556 0.546907966520723 0.656204538651344
0.344994409581467 0.336879054543862 0.281900717378887 0.418810695551575 0.28657916555491 0.369631274150111 0.392159610084444 0.368852899353685 0.473517238686248 0.502726421885024 0.494229622214944 0.621600689399815 0.591454482340979 0.555838879073951 0.626187828547851 0.543771599772367 0.584426419651126 0.605277132271921 0.653434244266265 0.645798933059729 0.670578712610358 0.582263632300634 0.637010050536781 0.538526846587729 0.510651153060945 0.594958243026524 0.508738390575503 0.486104938444062 0.551910278261641 0.355460673512374 0.436447914404101 0.447689008106637 0.611047109120907 0.618793348995308 0.5254370895444 0.616932482733129 0.654692809580629 0.658380853534008 0.617742691819915 0.641856276903852 0.633692097988367 0.581049102655056 0.641205614882519 0.639841653175606 0.632705660916286 0.651327727745902 0.659962933665669
0.313058105131825 0.417683044456744 0.276114783604755 0.458881634026651 0.319513644942337 0.357161683812272 0.334955659489499 0.36160358822652 0.327430291177857 0.447856831545127 0.551459830134729 0.602169766762432 0.626727022262091 0.502249842714544 0.608424935438022 0.563723856488233 0.574999967859184 0.635068512276005 0.694853806608085 0.591264643182016 0.630197202686019 0.613668501123333 0.601762732344687 0.623714891149866 0.46804095583583 0.34926487757886 0.333090857940225 0.389474523202337 0.56627564707928 0.51487319751103 0.396023447976177 0.368051796569842 0.462291702921773 0.506014613277492 0.482835854814796 0.581204860302033 0.629923101165152 0.635681117900461 0.627870873082839 0.690967749718915 0.685962100366844 0.642852762389252 0.632986994786432 0.625548551365086 0.638975160809344 0.644350756322689 0.679219316899012
0.24151068447718 0.334599023543077 0.283379172143386 0.41198996503145 0.355274332688812 0.349366937984358 0.311956029276318 0.34845054924578 0.440647447914388 0.431962608640627 0.440957917074997 0.560950715273323 0.625864578100177 0.52416995871613 0.584745578890891 0.565033419221751 0.698296857328343 0.680107766517619 0.687306616400749 0.634307361249753 0.569309326325166 0.584814387062946 0.60397752405231 0.69749413275517 0.742598211094516 0.591992778937063 0.56929404561455 0.462122616064277 0.441507006984338 0.394385815208789 0.313425993232628 0.335085300568907 0.386604211718456 0.427201726585214 0.531099838993438 0.697027024266303 0.737982881624864 0.661303651532524 0.628723803453911 0.637177104283673 0.659670566795927 0.709542627113336 0.630215660048006 0.579790960842747 0.629702562952025 0.656324429568031 0.664573565205467
0.240367327445422 0.235899138916445 0.224622920632123 0.244112479423237 0.292551476583187 0.286350908331176 0.409899234404318 0.460543939110033 0.368798984789869 0.628476383911782 0.538288017092995 0.513678860666984 0.579002928441858 0.569254957752795 0.429731093149365 0.573044691088822 0.560877136046932 0.655605667566362 0.619830620840122 0.387852298478063 0.577864533749608 0.566852257119106 0.647937188331472 0.636374609308583 0.722802316276567 0.57739963059892 0.552536070144642 0.355080669043278 0.361386237365687 0.403071264571872 0.447747001323952 0.405386492937435 0.386043143794328 0.438808485346791 0.674277747014386 0.717654329144984 0.737211448551139 0.613631631747542 0.625901173162404 0.61738147424793 0.651208538166292 0.64827311241043 0.611901192034233 0.625689763950981 0.610019842690874 0.629371482566981 0.677721413129785
0.252532541256598 0.238455230931798 0.260091118853154 0.273273673809742 0.272933077485069 0.271057266933547 0.352770493790735 0.368017701294883 0.310657496683904 0.543630335228339 0.484254201324269 0.433388365741241 0.540008874037596 0.524495729823425 0.463462946586842 0.553525675761448 0.488435529141594 0.566488719060144 0.528465028365448 0.486563736090751 0.463081808378518 0.560255091072434 0.590066857729761 0.550150757814715 0.54111160110123 0.515069338284932 0.501936701034444 0.31001473967145 0.505432114641492 0.584616410084764 0.52799255422137 0.632802913962714 0.623072678071578 0.626719551298375 0.635461477246617 0.58381757534097 0.640807196707224 0.604848976821103 0.6273527701108 0.60420783913696 0.635784150150475 0.741836441824394 0.737828875791453 0.650758176375237 0.655968812961184 0.667792462287289 0.676206184607209
0.314254904543722 0.298427947577854 0.359964517495583 0.2713217137081 0.37845108841688 0.293234235800356 0.287521675299073 0.347022519577379 0.279966957764905 0.264597284730963 0.281007389547151 0.264558806211598 0.514382828798362 0.552998107203152 0.498390149186244 0.563547705499028 0.45959592204574 0.523210617039511 0.529655715734621 0.577629507139876 0.498517234506969 0.33262518458084 0.389194203633294 0.340798056340094 0.466768157075047 0.502160842500372 0.553877013864446 0.475357626569567 0.528630502937649 0.601867157725553 0.403017968265695 0.674563409411189 0.72083605203702 0.700505273832845 0.650191424366028 0.557905627252578 0.615273372729745 0.636238872726365 0.635738917131452 0.60960017606524 0.590558435775977 0.626927806536165 0.661793877199697 0.622214803379348 0.629188052058346 0.741712906866487 0.73792095491111
0.315154179646905 0.377376468646324 0.346773751041698 0.466500564927791 0.348313235898053 0.273069924768316 0.290051848588459 0.300137084203581 0.2498274094013 0.26762187548313 0.415199629880909 0.425614725282814 0.502084039699212 0.517680792957494 0.511287880085683 0.531445723804859 0.501469114858176 0.459960934396381 0.474629129505707 0.611312918684496 0.491972020112369 0.519786159706833 0.566392727744372 0.520028098503003 0.467558234660436 0.511107004431789 0.502389132167941 0.538652501782394 0.550125845884932 0.592533869140261 0.588446264724733 0.638252054570284 0.735407727839603 0.661644429269319 0.608305893676562 0.55227987195043 0.62730993003439 0.629504456733372 0.636742588398796 0.599455493368839 0.607084765505335 0.599626706601982 0.615275542679665 0.624547003730032 0.626530358073586 0.737039483445141 0.743094245154249
0.308926345708066 0.294447824638198 0.435365281436492 0.48616284681882 0.300902608696165 0.291018452102252 0.267566853672054 0.275583819899908 0.290894751769258 0.276761619448042 0.390162953458428 0.445091951424422 0.507972711997837 0.461158562394121 0.468759735300666 0.535474636566561 0.52187615765343 0.505316630862936 0.430560516706933 0.329011414720442 0.507576884876819 0.321817804684486 0.582319545978877 0.478780487817384 0.4547992048933 0.477730012715784 0.553615274028883 0.489268654592777 0.512585219465634 0.527158515052826 0.386673005723634 0.70348068761255 0.729187183916727 0.695857311373326 0.578314255260854 0.603095965876233 0.630704323739255 0.56146610121035 0.627021956148653 0.63751153641836 0.614821467496089 0.60522915920549 0.608732784767579 0.614738149795254 0.67334604740489 0.643391363473334 0.737072041725082
0.259749917792716 0.258670102715695 0.456452261755539 0.428812529347908 0.393619662022188 0.266960423983639 0.275544045799232 0.343999110609641 0.290330906487608 0.260273984663192 0.293559410806236 0.454502285827083 0.557752135037018 0.479887008022106 0.51297826120105 0.561831066237425 0.41911560194751 0.381696694889082 0.306817560893842 0.319826484673315 0.433810240481972 0.49458661839089 0.55546742113847 0.477909924476102 0.467554792128314 0.387774974857045 0.491946990132853 0.656054326465051 0.658287665228656 0.554971616988264 0.598022558764194 0.651948152264752 0.632055349177727 0.620769179413337 0.601766312812131 0.608039286952409 0.560359760347914 0.558052324804093 0.450702424533892 0.623028442363337 0.644091145532123 0.579275570868699 0.601702736110541 0.656330327279411 0.737785516709818 0.731246054481509 0.677780361529841
0.259090877494096 0.375134817655028 0.444555522063219 0.278492008974812 0.306806964960425 0.245338285243181 0.260271917660746 0.283261088148851 0.268667477144649 0.364239294980094 0.30591744864342 0.45337956449607 0.52859697840074 0.538217110786218 0.548916690283587 0.459399655228734 0.428895778347642 0.466902427138914 0.326817223003498 0.444015970405478 0.581133059916234 0.508943381031699 0.477277617037117 0.515144360362415 0.312159111632706 0.468618932264087 0.475803175459494 0.565618651278954 0.581749779033942 0.57286630603003 0.600471113825948 0.600271501527091 0.666612972694031 0.541976004074698 0.512023437056078 0.555410021902171 0.526619806598072 0.520012203670626 0.583082558214503 0.597631050090603 0.59198052552192 0.587263402754976 0.588826457715132 0.618851297369868 0.696763872054972 0.712332247825927 0.648219647687436
0.235880002569107 0.468579507526341 0.441245266155986 0.292487526314675 0.259214464136664 0.246490785418084 0.243177101266295 0.276881300076373 0.324893385491614 0.287136082257336 0.285117027720179 0.413645595836984 0.480278866716639 0.452480664694136 0.510082363732246 0.455870445477924 0.404634827296328 0.433526584059531 0.349166527278515 0.451671723939603 0.50690066176633 0.509415015326795 0.466443964682794 0.4907505418469 0.467125427640822 0.423661461876016 0.490461394252635 0.550388709637304 0.527668210992616 0.505746543842701 0.562580666350251 0.561473893542648 0.580308938767786 0.479713560412397 0.420233651943811 0.510207820851284 0.498015151465966 0.654167304324226 0.697516366794767 0.639845087206525 0.575270671350913 0.597529596903728 0.556025813303249 0.600416611121941 0.594885918301282 0.567137146971242 0.44122215088263
0.414195478340864 0.504370970224413 0.490930909500563 0.311224388910188 0.299089829007858 0.275135680704221 0.293249227507704 0.275192885418425 0.374409649972278 0.390953875122045 0.40582354952958 0.43076810168641 0.435012683642821 0.462597903549817 0.29814433655862 0.51949495999377 0.495600559935185 0.409716864961177 0.383831708688494 0.420154999936866 0.569678444981746 0.53967056917431 0.452317649023758 0.453532408308998 0.491581947754807 0.528197321508574 0.530375544785781 0.540543257524076 0.496552573442831 0.520275514768248 0.577372749479888 0.583048288444496 0.580208127320497 0.486626127633046 0.486866293007775 0.349441150321045 0.487095082767576 0.636317176991011 0.685882719937209 0.615412858873312 0.567821312939627 0.522571276125146 0.575637808679724 0.592007116231487 0.586634542390271 0.438300252989429 0.432876592638266
0.522176447501003 0.490454599337305 0.458649690661841 0.459447754578749 0.442642907140057 0.242953472765746 0.28429259081396 0.395525682586108 0.399251480331413 0.356644853089638 0.384650389662015 0.408305508613636 0.421048634582725 0.443923015078286 0.325948037694512 0.533976447195941 0.495368912900448 0.418468875461354 0.386255121331488 0.483106405330321 0.549242530982782 0.491234726053416 0.474749239963699 0.416898506581729 0.391174791288706 0.539425129515724 0.511317802989863 0.479523303822136 0.469066035047809 0.386444330680944 0.541334218576608 0.545671061400109 0.64868348176301 0.484940541597296 0.326721244099069 0.341070547121252 0.47479850179151 0.468495863703589 0.484011389890181 0.484374836379332 0.508704842158042 0.582583900495508 0.591140459508465 0.660546995038805 0.581434039381858 0.605952166444947 0.586789092608248
0.47615038741671 0.50504254009913 0.520071908689018 0.508171514220495 0.409995876811671 0.432908337054933 0.466794950473612 0.475118238707689 0.468475709491562 0.352561320601716 0.309895862898608 0.330195461408671 0.394405274454869 0.418810509544402 0.425163980022345 0.513037158178318 0.515448444295246 0.411741920611611 0.38225202286731 0.510555716275479 0.521647671488186 0.490774679046706 0.450318745946086 0.424617276903766 0.398952978232861 0.416380392729542 0.449709485876513 0.462866691036669 0.449309989722233 0.399716814823749 0.421841243916745 0.644707524070317 0.659059214729369 0.497155707469819 0.351594748458855 0.463116450864539 0.450042182028177 0.445736774145488 0.455982761680604 0.453071448783841 0.5105483501279 0.377468003558056 0.50869225431743 0.583763615387879 0.649636278124902 0.639858358572919 0.659075356208172
0.465747396909071 0.464379593096806 0.487558835180843 0.525733343049671 0.475518312282252 0.46919384466562 0.570085680913912 0.467398094384179 0.461629567839101 0.432238430704163 0.246464491706966 0.316211380413599 0.385093151346148 0.402227289029763 0.473618392011904 0.517618220495398 0.499222770463862 0.417075023245471 0.396766548350895 0.501560185708211 0.362616064861958 0.406062623521429 0.396066490429027 0.587641290042121 0.469017595858503 0.437202520021159 0.45201911045373 0.458477754153309 0.455705048352053 0.570786395678447 0.56082572134809 0.614326798404498 0.640791659663555 0.557648811259772 0.371627695284979 0.636906539088274 0.562120404339807 0.415368938959954 0.395530688803019 0.490086598135487 0.494582630402292 0.489752675062832 0.650674304233265 0.4930999799097 0.486695922512491 0.500538801128282 0.69483611410447
0.498370191151178 0.5166117938412 0.505346858202235 0.494490663875208 0.492706856088313 0.489072441477358 0.64218845208686 0.442700272272364 0.448755046695299 0.461647336996191 0.375068421262365 0.318139275647905 0.328162566342363 0.375575339682211 0.422252210212186 0.559564967376039 0.549944583365263 0.489364348650637 0.388255464955537 0.393797331098706 0.472043320901065 0.616635628006244 0.524724481728942 0.562321550408731 0.485564056741836 0.496724603771388 0.479584495789214 0.428159613831951 0.349329287741635 0.513216438342125 0.596693841967498 0.596733077870161 0.615531390259592 0.625518141932557 0.631191121464851 0.543420360573971 0.565700338799077 0.505043296854748 0.459438484096341 0.466830895662809 0.459496615004617 0.451780438345451 0.478462319943558 0.474250104321445 0.432395716041166 0.339030391052963 0.644856561713013
0.497663921409961 0.555104964730287 0.484817623372155 0.544726033177128 0.529292057963765 0.475976361320671 0.446318165170811 0.432139622569641 0.439540871607572 0.539511901822004 0.492310515181378 0.40161574591923 0.371243531241841 0.417335170038153 0.397821461656334 0.438487020993281 0.423327380070943 0.410003367233548 0.356294138252859 0.329362789442626 0.402192627176411 0.4579179698058 0.46755772376583 0.499762581697068 0.448447864769302 0.415013559295329 0.45562560665745 0.467549523089899 0.515227393401265 0.610340976664227 0.606495853164523 0.431749597854767 0.355567377451622 0.52979609756449 0.618564673277258 0.516528977540144 0.582819185012938 0.49046457030201 0.621026992151447 0.602226286476675 0.459254752745944 0.360814136398793 0.376058989940368 0.389287638107853 0.296775794268129 0.30233667224851 0.323477699980631
0.543291851254014 0.609656761220074 0.591512317330452 0.590974753133719 0.458811219876628 0.429076795687199 0.424945341346012 0.431895084595996 0.410068706439944 0.407762291994819 0.417828845881824 0.46469853472198 0.351468984967771 0.442134117895691 0.487197717295406 0.485616616453822 0.420118367053228 0.441363168293213 0.402894605218982 0.362043052550283 0.401226859853239 0.412328377744118 0.469217367756115 0.457460267036498 0.431408096366016 0.420632066485333 0.42545620203049 0.31089653413615 0.497674275423248 0.609184281062086 0.580074266039837 0.280274878883539 0.498770579542076 0.61783829827582 0.610200777283266 0.535785219898544 0.51012197210712 0.571283884255202 0.611629751277415 0.669487468707166 0.303067720960299 0.271523124721179 0.272674390642726 0.308380981399875 0.305485000526205 0.31193814965986 0.35212635239347
0.398581923056564 0.571196465368226 0.500632371513703 0.533800567221928 0.427132877451761 0.420894200511592 0.434520735669474 0.432113625984061 0.402445152399989 0.391398520418816 0.424377594460294 0.441140200060804 0.383216333370694 0.45206864897881 0.533751448410417 0.563491192603109 0.507579185805835 0.443984935594054 0.328970717947945 0.352861556615159 0.337540982974674 0.36393364778438 0.396054053002251 0.42846858771965 0.39822386667673 0.407772742949551 0.315374124680321 0.286762868629178 0.270139280923411 0.516789845519166 0.602535488249251 0.604659212991196 0.615850518287869 0.602695677360149 0.481207175474859 0.294970373759546 0.37001816100395 0.399162100252092 0.608152463415469 0.483574144031918 0.294419701918433 0.273899806241473 0.30200887621427 0.271602029866085 0.280716186465509 0.313837176887037 0.353894628491952
0.355372023559054 0.476130732586178 0.452591352217989 0.394886841066668 0.472099762555783 0.488400205529985 0.329632609598743 0.438682509983473 0.450396573639977 0.427821322448101 0.491470909120638 0.441952995776965 0.440824635067958 0.399206278729188 0.5677360058532 0.498001255905359 0.566679422511071 0.422537307291471 0.327825067590601 0.361673935096437 0.383471492890317 0.387422941366916 0.38336207004645 0.401090608325742 0.395328803672731 0.28492479659491 0.248751718926178 0.313596575341706 0.28192584462066 0.308080146237228 0.568829863565968 0.548810461543461 0.410816833301847 0.325951587262523 0.347053823472747 0.3379911745032 0.295687500304375 0.397306693830021 0.365710282762341 0.287161204280834 0.274950143950132 0.404831671119484 0.39741282540316 0.256029613831433 0.274986257090867 0.340792531692992 0.343166758817684
