Scripts_&_data/B6_all_seraphim_analyses/Environmental_files/LASV_rasters/ENM_natalensis_Mylne_MRU_0.04.asc
NCOLS 360 
NROWS 264 
XLLCORNER -17.0000652 
YLLCORNER 2.9999748 
CELLSIZE 0.04166665 
NODATA_value -1.7e+308 
[rows 42 to 62 of 264, columns 235 to 281 of 360]
0.741103459173583 0.742558476900643 0.771831857829185 0.765397853024265 0.778741130908101 0.78613622363346 0.775226341535652 0.707791174970444 0.764812085608691 0.769338936542668 0.772685729221225 0.676530140932998 0.689096133411596 0.638620846581982 0.732650944197474 0.717875711620467 0.740136402528178 0.789785235858012 0.780561359779692 0.785278666420948 0.77421117654274 0.74914086470977 0.764619483227161 0.709191225296777 0.643782845872956 0.697744989943036 0.699588095538919 0.61192973637092 0.648800501697842 0.683143911539669 0.62582120617665 0.629664929002162 0.688731257546078 0.514669732241006 0.530120916511691 0.499223022496722 0.527531797316656 0.624793850895296 0.614158245836027 0.482706560368288 0.605032509814925 0.555302180712879 0.566953296689307 0.588784468327046 0.548681029969931 0.398485870096759 0.490203065021891
0.66997351597759 0.71572752570632 0.74557389526733 0.745802774721078 0.731403015103944 0.735658157051171 0.706967402287195 0.652144775831186 0.614376121313518 0.674687838886751 0.723424812629733 0.757932944803659 0.737694684060556 0.733706273961723 0.762922408674072 0.766536867056831 0.767538013060011 0.727330102728421 0.740432992920926 0.754972737046077 0.754857990300427 0.703712927705352 0.610208637048539 0.594244612501769 0.616098093668351 0.678850717560863 0.699922267674155 0.650780785203712 0.64452688405728 0.662583156219421 0.628483248366948 0.603016342272861 0.688664905861523 0.665313610741137 0.723766956063374 0.469939831927717 0.605952369943822 0.592341327153792 0.624031744262865 0.626591305427359 0.520074012177668 0.460335520995674 0.503025093030824 0.597934107246155 0.402098279049278 0.596740473077012 0.633555716354935
0.732048799190204 0.743394010301939 0.708782243322721 0.735299153710151 0.712009556237063 0.719941871445098 0.746150508293828 0.656972524036887 0.551183697067239 0.57299716494013 0.700535012593829 0.636716735499348 0.764332136950632 0.730453429604864 0.765355425406093 0.780266160286096 0.753395429972748 0.726958330566936 0.720524801711232 0.732510073909058 0.782720042541129 0.734223914001349 0.583976153942803 0.594257449462712 0.524632561607797 0.573068039105742 0.667553200948386 0.622127055549524 0.628802745971886 0.648973904654531 0.570637414895881 0.621882748569335 0.676702569345175 0.68409793064041 0.728716898360333 0.635048980189634 0.621466606337641 0.67279581591216 0.622097644515624 0.605944369039842 0.525447226019728 0.44696519216156 0.551676482060546 0.616698703588912 0.608650173853252 0.623934634205838 0.623475921508099
0.717277669189578 0.681820838022087 0.741894984413777 0.645950850547422 0.706086081088957 0.587044068551738 0.703501223575638 0.664899380821841 0.689843263527326 0.674540684257532 0.687675741076652 0.649025957036916 0.768164241462353 0.74903370470483 0.758581066248136 0.720287159070322 0.73210767784641 0.764456937183796 0.765131758833497 0.709978280158559 0.7669656557276 0.770016017211066 0.721005840874229 0.668425759190646 0.58660039120345 0.68031502454363 0.689636944490762 0.617524425011694 0.596039255149297 0.653821024247887 0.611479993052963 0.651116630978345 0.681118636661593 0.685055435819071 0.559584189599231 0.658932881508676 0.743831630726836 0.734608807760318 0.618994707642821 0.632508207034407 0.623502452296238 0.549077501541276 0.464113254066245 0.601585076189018 0.597594487610447 0.575891064579588 0.62087881736337
0.734459606069862 0.754933472883588 0.752940822296403 0.703092402124713 0.627304982437126 0.592324652375113 0.653597759868253 0.69173051290416 0.712112417801923 0.697944750088922 0.577414047042844 0.706961645010669 0.736520217692452 0.732480483002331 0.695037618253329 0.720363213733084 0.719400944048361 0.707451052927994 0.715443488706132 0.696157773901798 0.781785253585011 0.779062464417521 0.744207100382207 0.709173681754489 0.552429741613991 0.709223264768193 0.71538554996231 0.669162052181229 0.627283002008022 0.644427364677627 0.707178737384745 0.623846719534046 0.681192042305036 0.74315362842007 0.756664127043411 0.735000981065476 0.739341886029706 0.70601430580758 0.668437767860691 0.684606530978771 0.668031892129867 0.494304216531829 0.513475318659763 0.604887120442512 0.636259275411649 0.60563905238519 0.575893966435607
0.684394768527688 0.745517523148844 0.755542093834164 0.699677523977469 0.571256768226755 0.512233130485088 0.684377804411016 0.639994356546809 0.696204835456992 0.656586173991061 0.548100030063684 0.720451442760105 0.715289439694529 0.658013784575552 0.751037986709467 0.743897528986735 0.69401704286181 0.679521007406031 0.672386785392477 0.761656943690991 0.75826982099328 0.729117966295927 0.731938609127312 0.710771843300973 0.723898290110039 0.665707257731534 0.712612247003811 0.707506811328936 0.621857075656225 0.597071413141805 0.686773964749858 0.633766664596022 0.693092668532695 0.717219287991663 0.693956895649146 0.684229614666195 0.741312949904652 0.701048879246833 0.692019643727457 0.672274517032192 0.638119317941757 0.632950047812317 0.604201183529434 0.6851111651619 0.695024286004427 0.660312263333219 0.631169664330272
0.687317105544178 0.697278447258306 0.742861174330993 0.674422070136976 0.607525330296309 0.673396073137852 0.657711556774207 0.667771048279977 0.615300074391587 0.638413187227995 0.626697999597705 0.633520775960246 0.649257624163294 0.632862689669286 0.686327317856011 0.725859132072778 0.647319604194641 0.682990675099642 0.685728557204808 0.709111051790462 0.755809456130273 0.658620327549406 0.604309635991485 0.688440884732684 0.648324819170927 0.700259072741153 0.635683685659364 0.620073550383478 0.615540110072436 0.594879582976719 0.650605287568391 0.707739537814297 0.705925019463053 0.622819315230745 0.588522721820242 0.64109847457416 0.723663162642126 0.684646141427568 0.708134154613581 0.694899730875394 0.681938070482863 0.683323497467524 0.649394997456027 0.652524045222144 0.691650443661383 0.725191141820262 0.715568663406508
0.646843920172889 0.698430886531448 0.675168344697334 0.633804009838228 0.681950250473025 0.603227800058032 0.644218241209775 0.691180690108193 0.645887495971259 0.63372975891803 0.660873259731063 0.601200043272236 0.663745429093996 0.621421523895237 0.615669253560845 0.691229111677952 0.622086273851358 0.607596361262912 0.694463776987017 0.718630662793079 0.73061174723841 0.645162380434061 0.640122441221148 0.705096504664251 0.718286857200042 0.680441366036174 0.697908120457311 0.666849741935456 0.662884411562349 0.625370395941516 0.6551746728962 0.707567684210341 0.711395277502906 0.639609067690946 0.606613149129958 0.606188965000074 0.659347857102172 0.678163746680674 0.689285166176546 0.708448070543109 0.722301776518659 0.686464107019911 0.630952434488576 0.688209608286697 0.701970993899394 0.718677949404641 0.634795744148191
0.686106847537706 0.712096231000102 0.658244769874019 0.671989715659523 0.634024253776012 0.626939655877542 0.533580726255178 0.622421591210464 0.627350045580002 0.556169301202289 0.523175072780167 0.658722986171824 0.655658260128394 0.672986040891019 0.662720807538879 0.635798377553342 0.693226995770746 0.704214198691897 0.724479348137371 0.768393891340933 0.757363523973907 0.694305925324908 0.639123952009173 0.610309601372074 0.688325889579558 0.714412500115053 0.729463387523209 0.695351139098647 0.673380497849677 0.641295910072292 0.645716538951485 0.612653798890526 0.698920485756855 0.631062781306982 0.586168575856399 0.650055609575844 0.652350827187799 0.615511173209941 0.61128016682467 0.716324514841874 0.73771401013498 0.734788465947273 0.693803664730998 0.667638135365375 0.649788918763969 0.68743233873883 0.666370770382133
0.677105203178299 0.666103238886907 0.673295769404485 0.710724537437346 0.629128666267211 0.562007156771295 0.60541398960087 0.607611526502088 0.577104256010321 0.465309087213359 0.589817441937822 0.716018839803243 0.661161823468747 0.626723972623787 0.616483951041871 0.558549403571341 0.560391711415451 0.687530665500574 0.650368191395687 0.761162732830802 0.668001364214609 0.668382721088357 0.666083261436655 0.62034317282953 0.640650865153228 0.663933795897634 0.735575576173176 0.736222713495208 0.640386617332557 0.659699288462935 0.617496850305369 0.679709471161817 0.659405866584172 0.612015692996818 0.61114724088823 0.610007793737309 0.622305343841372 0.622425972076499 0.709262192370316 0.648964658378 0.670055957663179 0.74985277562261 0.747432926850993 0.745819341876283 0.735504968962873 0.751165430802623 0.760736363837435
0.64956277263448 0.659795696172945 0.618854952803176 0.649732163466612 0.609629010204386 0.608211634223918 0.565901235605151 0.610263026961739 0.542229890256657 0.561693325929269 0.583310314761009 0.616108456605206 0.631783256245454 0.620091039950808 0.620104883469321 0.667708963777167 0.632130036708389 0.544277035851987 0.76794830689834 0.74680319412746 0.610791724874676 0.642166411505423 0.695863816884272 0.67414943674885 0.642855904154434 0.630675660071394 0.656802002204334 0.723172202004159 0.665908767986851 0.632063774605237 0.647658595034477 0.622686471598405 0.578810693317934 0.61574137076349 0.568351099301623 0.610268480674268 0.457964392660577 0.603110200375484 0.640333564105513 0.694123473814296 0.626433127597667 0.63787449542444 0.729306837576638 0.752280357997388 0.773782370776794 0.763310645226069 0.740731711346679
0.591114140559604 0.651018016941715 0.614607086527274 0.611410556071467 0.668050840206529 0.621634602575866 0.606349301847456 0.506547716241256 0.485749169678163 0.601574280316005 0.489274471736281 0.600295678252097 0.625986015372307 0.650004124176069 0.616412112288622 0.658873989890532 0.620358303986291 0.719718581523659 0.738078917246835 0.657642468251571 0.626254359057969 0.594519381408276 0.622090606538512 0.681831087921445 0.668635589080821 0.651316813137474 0.627978458330792 0.700534201293009 0.758867516265542 0.735415241106588 0.694458680426412 0.564423011907947 0.588018210329766 0.592675729681117 0.619790628526758 0.559981802318679 0.691675928560208 0.668930660282726 0.722841511488749 0.710288541818027 0.563191311645714 0.665120399203014 0.681655227749205 0.622565284116671 0.66346648560727 0.73787491383295 0.743095099715827
0.660432885688032 0.622843205158912 0.617479451366973 0.601669045381137 0.691477462498804 0.523363856566052 0.455602685733332 0.616064560039906 0.615313005071681 0.617870607918514 0.614727805105993 0.560495269679382 0.605818508453072 0.593297320951517 0.588026915847142 0.641803019560647 0.618113085781571 0.732396297330585 0.654454237545413 0.636526524322655 0.640102974431137 0.611542906989855 0.591476508803707 0.707676902391924 0.692942272904598 0.641133875348692 0.639065296771858 0.593617309317867 0.658895096853154 0.747398604891488 0.747305733485975 0.605546246129597 0.581349081700871 0.585183829838838 0.546196696777531 0.71143632215242 0.758904233493085 0.729009400437354 0.765824362053994 0.759537362237467 0.67454046475183 0.601955668335829 0.567494993310373 0.641999708014518 0.687708612301091 0.635750101697301 0.701762003250094
0.647507199494784 0.589284099033586 0.604366250193176 0.594783353087451 0.647462041282607 0.660723177379087 0.623589878166921 0.580609887433387 0.671031725487957 0.702809145493032 0.595226451211484 0.473481797691666 0.612040127110588 0.616254631056187 0.476063521122136 0.587324773099822 0.637367162301669 0.674644923582928 0.61898755720868 0.655012080462831 0.685791581512553 0.571886638642963 0.642521225762189 0.615563956730214 0.718379844963707 0.681822777962984 0.612896731825736 0.59845439233463 0.597585306183803 0.7228691196433 0.735493036146731 0.656886652086407 0.685295334226197 0.608958329974694 0.603994956225015 0.643233669223694 0.686787945031444 0.683629877895159 0.769731276838299 0.761876876509295 0.738100790758514 0.68346459274211 0.623052601711928 0.68890811490714 0.644343986340472 0.582848677046338 0.696474259057207
0.588960577209608 0.611446384542159 0.58452030707277 0.594448680703449 0.667349973093283 0.629860721014135 0.605660086531173 0.613618399340229 0.648565702999006 0.632246719406913 0.525457504612044 0.600758061727513 0.617991528475534 0.615775495325127 0.623460330928872 0.699057222041868 0.720380406303572 0.736200832488562 0.681647832524761 0.694653088663843 0.619248966567702 0.626634148169915 0.604806823201423 0.637272907691156 0.725699556490799 0.718524598159734 0.591221110815236 0.607087549704795 0.63206388618556 0.60286198180035 0.649286749589929 0.700651687638773 0.638325033539106 0.630247298844001 0.660562872652974 0.670695297148124 0.609477162170428 0.683257628687419 0.767881045521928 0.773721618196402 0.771841809005637 0.715909580009184 0.7375519513536 0.736913988571071 0.575137588307214 0.671671259689437 0.723797399809903
0.526769370486215 0.602865593811303 0.579504644044837 0.572367846387845 0.508872079228333 0.583630311360396 0.532255662662151 0.555455108645681 0.493307685547134 0.606305525723457 0.59420164522596 0.605115108528897 0.49380879267812 0.625984772363594 0.665175053419379 0.708857083222389 0.705432241641456 0.618347995205069 0.605037969684934 0.672473392404083 0.693818003672578 0.62276904769117 0.630260503566531 0.560580586301983 0.640262236170909 0.633798333625745 0.576680532964301 0.603853285216074 0.605175142025734 0.622824320622002 0.626484250736284 0.595612274621087 0.611279003150449 0.648894312521062 0.645352545523304 0.642923244362581 0.686718669629817 0.708244717401497 0.75484273361116 0.758438334556044 0.753497474886323 0.67587841530789 0.717795121328864 0.742195194147062 0.735983410924977 0.764404821920637 0.7713501469743
0.458321411778783 0.59284455554359 0.596156629085944 0.52758070792158 0.435746977789432 0.553855134995086 0.547131103329387 0.54916880372652 0.476252027519175 0.572851691672268 0.598802652318865 0.612574938284766 0.634275930039099 0.646483507662599 0.70255883271537 0.697784750850983 0.643436526478464 0.61543980784838 0.617030771668015 0.665667651580275 0.634205430156956 0.643449066270202 0.617351782080059 0.62041635144844 0.594533644973574 0.629972777784393 0.617949973706863 0.650185256545678 0.640584261921155 0.611478071500186 0.613121985709986 0.610994254294018 0.601177337556468 0.705356437816324 0.559433166629727 0.597098800630709 0.622557905047155 0.666564646821987 0.593744688428279 0.637559004054941 0.709035922376707 0.678586921338831 0.632135821579336 0.708316511509898 0.721873771147034 0.763417700621579 0.764848800419871
0.419785083958813 0.536392206397968 0.523370134410007 0.436525197930165 0.531275121837747 0.552740160338196 0.458418468610123 0.613848636871128 0.580545777533973 0.573077739292858 0.603609154205404 0.605854909117579 0.574173239234549 0.607400849512525 0.637231808536902 0.695594846441937 0.669485817880517 0.599978490521244 0.658394761432479 0.715085316190751 0.701277256819977 0.623248003941175 0.590486811415319 0.526111828506264 0.542464201635338 0.620193616804865 0.657013839083408 0.604095925805133 0.60812802679739 0.600514464608576 0.608412520633712 0.577327619454932 0.595925276008286 0.628788132443635 0.584447502573856 0.596539388636325 0.60969180868428 0.581494326335464 0.664379230961251 0.692228900952688 0.736750464652599 0.699029309218235 0.638447769896431 0.582933369138962 0.640043246897987 0.686633372378436 0.692161209603585
0.569688838064363 0.533614548660524 0.411526620405803 0.477852352560183 0.567604319915685 0.548432661274609 0.553980350495331 0.600849995130653 0.569713930356099 0.562848061775136 0.585197703897793 0.479197051008134 0.588701054730959 0.617127705715741 0.621884232239663 0.694421226887893 0.654732372522869 0.573096222094376 0.65318761047725 0.678837461398624 0.706634758356206 0.71685930127279 0.538131288158775 0.538446425050114 0.596478944988385 0.617483835366748 0.596789856450742 0.58859396051745 0.600897573303177 0.638414915878252 0.651372422837134 0.589364559283441 0.601836309584977 0.599189666761169 0.628688319583361 0.605133348369926 0.610894580212157 0.660350279519887 0.651444763606854 0.746839930049041 0.600327141275262 0.67225051579942 0.612765323856802 0.578341461738946 0.618281249303472 0.609931686597675 0.637181383888687
0.528766060069176 0.419748309759561 0.388090530413508 0.411316100770418 0.516150616188901 0.541116247785796 0.476027385359623 0.538435658194958 0.586900549699855 0.569065320485001 0.597064244713128 0.593097983344862 0.608182521671578 0.684371940324632 0.650487211991587 0.652555071168343 0.525054051253344 0.516189616075658 0.507501608070392 0.61109629884864 0.694157179422346 0.703116039078874 0.69402082727046 0.606747314818492 0.595589153096438 0.585910923481838 0.50084957607404 0.587156795310376 0.596411268654393 0.607155446074829 0.60667596385493 0.567839251064722 0.542691422986837 0.577771951205858 0.561905555297032 0.596232408027658 0.505661765342661 0.621985811141199 0.726624528758563 0.763508941237265 0.618736154037792 0.609258327102594 0.618463894482967 0.609185229476811 0.596767605964818 0.584966871064255 0.608114334532006
0.550225184410417 0.419793500510739 0.5793299532112 0.472542099664596 0.569729578388884 0.555834133383025 0.543733029750277 0.489713582808369 0.58720628820008 0.587661760843499 0.581736163027575 0.601230095883652 0.605255299544609 0.597346706041837 0.558646208712185 0.656823739894691 0.576427330662938 0.646870900067661 0.553106859369054 0.596629854188862 0.622547168845708 0.643624587330706 0.61654664101497 0.628604143459428 0.601696935504408 0.568436376221594 0.535871186608448 0.586522382738375 0.584394756273428 0.539702916916511 0.588925562036133 0.588734835764421 0.583446596259288 0.45518467865471 0.589384040897016 0.548281028849485 0.667388019276086 0.734865101581276 0.749046782589379 0.680169355970632 0.607806653649984 0.585164739194856 0.583844017413764 0.571100596569899 0.479502777444169 0.446185847195526 0.56022689636044
