Scripts_&_data/B6_all_seraphim_analyses/Environmental_files/LASV_rasters/ENM_natalensis_Mylne_MRU_0.04.asc
NCOLS 360 
NROWS 264 
XLLCORNER -17.0000652 
YLLCORNER 2.9999748 
CELLSIZE 0.04166665 
NODATA_value -1.7e+308 
[rows 84 to 104 of 264, columns 235 to 281 of 360]
0.438358619838898 0.446310269818039 0.371951157564895 0.361712101602661 0.400425608971157 0.462162013623698 0.54036091010474 0.617542078335258 0.56106721586165 0.580835567069729 0.538093720260881 0.550967794842496 0.671578048971213 0.546703437096415 0.545497257559952 0.438871541858056 0.390307006339803 0.563312902100064 0.595594523403084 0.606918892025892 0.612473030063197 0.603014459168685 0.445613556768211 0.393727386658981 0.562278271117779 0.615389463842317 0.60229127497256 0.619785906065057 0.592951668490523 0.560188012256745 0.563322340347444 0.568317336073146 0.584378329845731 0.611544410655121 0.488139673064897 0.43354580868328 0.509812952240704 0.639863156486506 0.545090351455534 0.496646795311408 0.387246499424759 0.505232233897856 0.477473827400963 0.572813206412504 0.542621454387084 0.453843830332052 0.428108705098022
0.372517122882615 0.356545195285152 0.361474947362807 0.395323253572844 0.372539593603034 0.38289164270199 0.358188956271912 0.651645897328288 0.372883932383975 0.46880203613654 0.512315087792963 0.603323691310174 0.646221642062217 0.598145215277496 0.473985745086245 0.508049113633581 0.482621875266862 0.476994177361181 0.618847919569561 0.679616134420513 0.630376973712038 0.586129710485313 0.410113834398138 0.510530032615087 0.57828828079729 0.602710415141116 0.613796933811039 0.635557783288906 0.583482330733678 0.572965751302026 0.571171719925039 0.595080804303835 0.56613071481986 0.552370553388022 0.530469826897021 0.552989410651383 0.509137773139759 0.579596364714776 0.564682815474959 0.403321605872019 0.365498752303567 0.398794061334811 0.387636674626259 0.398037156331645 0.533502981833618 0.521150359805175 0.498908839340256
0.38668978088736 0.366569603929074 0.374795954750532 0.351601735372076 0.361005693591351 0.516484669701156 0.50419511818413 0.618485503123052 0.419051494230188 0.559258321724829 0.400851808500753 0.398347071671268 0.424876913406066 0.587768765537941 0.583459032195089 0.584694256220862 0.589665737728991 0.619430728558795 0.440107613682533 0.53397886013396 0.569998593748008 0.582232553680097 0.511104969601561 0.53384368765131 0.630699635574797 0.620118292349742 0.574222675218647 0.568121380547786 0.582033997898151 0.591945334575622 0.580556453097093 0.585956550655801 0.569538266683684 0.556804863156427 0.495817334511729 0.575558350110755 0.523486344984146 0.461903014177012 0.581527080047875 0.57516014753038 0.558222302573897 0.524645331783945 0.545131425047537 0.51972187335486 0.446225400752164 0.418565309842042 0.517068099413174
0.442722939721786 0.466945541895221 0.36335336306994 0.524002199078445 0.437770001098879 0.492542834517339 0.380606118595664 0.518474129899492 0.451081240959418 0.597609538544818 0.567829601451287 0.538386213706089 0.578141899433261 0.579231949862105 0.589274393994832 0.419077288855116 0.499428126592161 0.483665907155793 0.396238655659539 0.58079248440738 0.564888575640233 0.593525644614608 0.45161126036312 0.57844003739166 0.659816164015147 0.601617237425331 0.575646415420896 0.578876852344922 0.575847948541162 0.589199753419075 0.599713285581095 0.594766726764021 0.648140212422301 0.572949810915531 0.486551896287253 0.571593578872445 0.567700746359701 0.651600883536292 0.592565949763789 0.565959110663668 0.579438491050604 0.589905656657107 0.551066235694236 0.581470331642966 0.565521498126082 0.583499000654528 0.581070396796937
0.598577883312843 0.587177196428898 0.375254673063111 0.39153472092449 0.443886721936101 0.517221378982345 0.452186269693826 0.398242159683585 0.376853751886236 0.521692609491219 0.519946997807076 0.574894335617589 0.601979216199743 0.618835913211996 0.495725004324419 0.51874904250271 0.60329572422577 0.500050004653817 0.542968736418708 0.567639298099711 0.602148872857756 0.514730660614587 0.407489004942777 0.624492430673315 0.678647542681032 0.619965254219888 0.532087846247815 0.579299599924551 0.579444819391062 0.584132533107717 0.567533372377741 0.587643299677556 0.630182971183286 0.625877981459489 0.624929439165629 0.619278631258598 0.574923161196676 0.661566650018408 0.591323915192935 0.575162288254357 0.57235422680094 0.596260785509549 0.545778417642574 0.551639997656761 0.556157814749972 0.625247502275898 0.662971594463153
0.586394665681927 0.464263147924992 0.413748460131131 0.495407789271072 0.398370378000917 0.521544178240906 0.376846171221086 0.491343966411143 0.437270279895066 0.365319034068946 0.447914248077079 0.585008503590033 0.627805904535349 0.47289109118206 0.58140758122275 0.530968395190346 0.575089974806531 0.439946158173158 0.572124686440958 0.552240533597778 0.443766184835371 0.467042379257452 0.590500681934809 0.654261794043459 0.601905255070063 0.551270587862386 0.560572496455693 0.5295667876069 0.533278264287368 0.549125667894501 0.581302830704651 0.592915098254621 0.584607607943162 0.603171723179153 0.594579118093903 0.594809533521905 0.594632731227176 0.579337104216435 0.544450416862617 0.604019592383868 0.641961822381892 0.635394836452085 0.581806212280757 0.607386720500627 0.54580853265695 0.593881284379667 0.623455899744063
0.528318330162389 0.495082837913398 0.404954605945445 0.405684301077853 0.55089460532108 0.596089849170597 0.4937063386976 0.518997800042808 0.445795478276773 0.510699241320768 0.403139443899481 0.620721468850176 0.599490755866849 0.484569928846181 0.419956418937552 0.46438728771484 0.44457557140046 0.426579968469213 0.532176071496885 0.572129444410137 0.568922523001285 0.587051729405484 0.574736537126333 0.590171853368553 0.607139385085019 0.577811141638735 0.586438860931708 0.582834370588447 0.517599573085149 0.591730132153153 0.601943822944232 0.620727827519743 0.540887839048509 0.607147407891873 0.628277534222685 0.59774597685183 0.594960606241124 0.577608964612077 0.565069164977369 0.604891094929852 0.608536400771862 0.595972230529241 0.680457221489443 0.651001539415793 0.621812831078803 0.612241994647086 0.619955325662165
0.44800430229574 0.395799411550918 0.514632953093696 0.480943653082332 0.52705137090187 0.524654049106866 0.497009632759963 0.521910073816255 0.400687881151304 0.387129058475716 0.369474518025845 0.58690879661015 0.532310649419652 0.59101072450945 0.585998187037268 0.474176397287703 0.591876516285796 0.395654413312041 0.460318367614495 0.410426745432496 0.514771308952755 0.515776091657721 0.580548106471444 0.670619780736269 0.627231717483949 0.588438659974846 0.559321622992099 0.450044493141249 0.571806957553403 0.543140253818989 0.599355851798546 0.610614860016043 0.594050356087855 0.595673170210674 0.646515981343315 0.651111231093491 0.57436292060353 0.629002946516068 0.624910383839015 0.484495205505235 0.600482461494846 0.618027801676961 0.637812902793772 0.619603891546515 0.602755362494667 0.618003150848528 0.616869726895023
0.546455876900402 0.400470618124136 0.589688824385096 0.595395349216779 0.532047757696641 0.476329408706365 0.528826812236351 0.51243406132098 0.46443662690697 0.526600818866936 0.576128254999736 0.583671445215281 0.607288240857018 0.591742728258798 0.608025659603872 0.63252520610472 0.59552613952383 0.372103359900782 0.458542886056991 0.540629027274348 0.577406495705454 0.609745789332057 0.596001559557885 0.636714458359548 0.614748797202844 0.578541729636893 0.588489256199232 0.584705647519723 0.564195531890981 0.579351386033629 0.599280245007301 0.541727021369576 0.613531551679335 0.609607370112388 0.680625084907409 0.703070802034494 0.614972332891184 0.619958788312162 0.591678995833557 0.563189839348787 0.562138037489124 0.482759740928275 0.615085331147365 0.628368445013461 0.614156090732912 0.610563127738704 0.618013784678047
0.488976172362883 0.404453184972793 0.572918898949713 0.584205777532475 0.404787642652575 0.471360754914271 0.519745725419552 0.530821510245684 0.57192428624631 0.459017855458438 0.532600689492196 0.419344821357221 0.585763669910149 0.649626417689651 0.577250625993783 0.563116647870777 0.520751404981248 0.519646474943017 0.583377972754361 0.62573511428377 0.584170228423911 0.609885605934659 0.613099950428211 0.640193594845716 0.419114684801848 0.505523535838326 0.607393990556351 0.606283090523926 0.535491569330181 0.579892677469757 0.607796118073009 0.598959919749449 0.542916704703245 0.555528866934964 0.609209610637579 0.663213841638482 0.625852529052796 0.631766987973563 0.687899270299426 0.620064819296958 0.628550374877253 0.641025764845015 0.605622738951498 0.589941198284213 0.606499752879154 0.6032183047419 0.646265442578664
0.573287434872434 0.518338978398977 0.571346038942818 0.51949847681973 0.590940787717444 0.585229652181343 0.597773761010758 0.558822213392908 0.612119153044098 0.606185501163039 0.614842865431902 0.594979238880988 0.621608857280175 0.621735454773705 0.451856006635555 0.605587915411755 0.552874676795348 0.592049838177892 0.514081984675023 0.55333407302087 0.579493263825495 0.639081905820468 0.688347727824988 0.602000059956984 0.545402961583779 0.576920334729679 0.611615606530828 0.56842877087482 0.57854607109324 0.648005323013031 0.633555222670759 0.578328836317848 0.507407377244999 0.60945363531517 0.507962894002236 0.625100419429324 0.636780409389714 0.630536675800213 0.670332502405381 0.63139103522933 0.631527427676511 0.635765127313556 0.589089466541435 0.593117324401093 0.442584680648047 0.615144853290593 0.676789377824501
0.49754289272946 0.38839300342525 0.594982500243303 0.588889454857462 0.604968351544604 0.595282006099642 0.641693298476151 0.587337394842914 0.552082025660894 0.606200350246274 0.639709543903945 0.69606190628362 0.716459218175738 0.662730708842813 0.624402290984669 0.615257019599855 0.595778258558146 0.607637273281555 0.642559663398905 0.620909593331377 0.605163689387508 0.644583491799909 0.69282188868743 0.569112888628358 0.59533130345926 0.611512649769508 0.603896880825444 0.537538663433137 0.593531114000295 0.628291837197152 0.631753629287461 0.619802548834695 0.565826106924361 0.593795248851057 0.505060877586918 0.632151167319697 0.66770985532807 0.649213462000715 0.617025286482152 0.623002289770568 0.620143012953935 0.631526626937253 0.53818941720649 0.624861201177551 0.483803246006416 0.615378012086505 0.641486236202299
0.561206066795671 0.546970833957488 0.602022916292604 0.565093123821491 0.410372367312137 0.427664039351774 0.59161330748933 0.691790040182945 0.565923918608898 0.496023503297099 0.676473088723671 0.604281507629154 0.678591292434112 0.504526728551094 0.637221533368872 0.601726517087183 0.616514283316066 0.536422755453052 0.637475860909481 0.5996403116821 0.582723321409863 0.61851720198446 0.647946535113895 0.463836940293248 0.598693905493853 0.622897215416444 0.619937731633463 0.597307117095624 0.606136356413809 0.590399246368597 0.624652968107698 0.62014053527022 0.5995240814133 0.482182442111023 0.582026652573665 0.628357892392768 0.664456127048796 0.522597120296681 0.623030926250153 0.607570394014689 0.621453608123733 0.630782377145431 0.51576638313469 0.610603600747846 0.562561633161853 0.568276540079326 0.663521660629378
0.629934984258171 0.628997027651896 0.569835865420134 0.534333360094694 0.417860376847538 0.458138016616869 0.519480595504264 0.487167209256698 0.590819386954512 0.533784699529744 0.481161390663921 0.612722151493462 0.620024365049921 0.666450073961563 0.632297261639471 0.604317249009735 0.618428073335327 0.594297046820273 0.603499632178867 0.575873369903605 0.587488979627836 0.61584757435982 0.652302107560881 0.621066987950449 0.610277791602714 0.599201807099062 0.609841940661871 0.602636350320137 0.618206629289238 0.608809594536637 0.606476389207845 0.611518510403613 0.602184849539268 0.527630558587682 0.619539768923777 0.630537528724901 0.645961186673193 0.610473883135093 0.615881803460032 0.630781721706073 0.632229812576235 0.66208127363407 0.636802351616981 0.628305930602623 0.617989959531529 0.620432198011548 0.629120669407297
0.631323941215048 0.587147059130692 0.599777676135988 0.552324022811725 0.447091184753447 0.598087777747576 0.54865111368473 0.428471944405315 0.408262146562728 0.629245373330896 0.621014784639169 0.573568970393048 0.604164837425073 0.617262994200499 0.46896938100749 0.582416702395673 0.629535979172966 0.627439985055751 0.61195500077773 0.606568009550941 0.689522128174458 0.628388684038434 0.586068825703636 0.637543725276002 0.625343429587555 0.605593750827319 0.639193451138873 0.61941479831169 0.626823220593064 0.662807882390807 0.631435185814846 0.677628084081419 0.657035959133443 0.622549405502919 0.641056309149786 0.63676712820462 0.64437059773524 0.626644443027322 0.630655279154176 0.615662614303841 0.463612275499405 0.712510775890669 0.618312350963523 0.613559160127981 0.640659087834155 0.672752302060778 0.627234253003448
0.540910012772543 0.454044324602262 0.517266251859698 0.483763667554279 0.475412778293368 0.596832856639149 0.611543586089172 0.484733285219831 0.633064415295825 0.624590654743713 0.579496691403459 0.598165461259369 0.589403683165162 0.573053253281027 0.576788475029466 0.527760954609367 0.62334380848732 0.475870289022946 0.60692584830363 0.622083516312977 0.698529775462118 0.554181364762543 0.599215464156508 0.617502189454594 0.638905288768722 0.596726494732372 0.606722067560454 0.689774826188006 0.597861093897087 0.644969774949735 0.68301144648058 0.557077486178249 0.613671207499858 0.608788439890283 0.62563911075195 0.666020995558152 0.658273254545577 0.678215388975512 0.695290831435711 0.638269299225371 0.697821059216039 0.71387094133515 0.632052748415731 0.642215422694641 0.637672844116309 0.625881468519644 0.631696770756
0.533032979357678 0.505942031424718 0.444137737334325 0.453077796689387 0.44704016478862 0.538307481007552 0.612501536393185 0.619197733623559 0.598801720972251 0.622066633778731 0.599213662523801 0.618945614027199 0.593290944935352 0.591012230584732 0.662078997216085 0.60698056117781 0.572227388906603 0.559973242934023 0.63262201250916 0.689042563346959 0.62724193368387 0.611566678497533 0.604915461224463 0.631380477010739 0.621342421459493 0.57685124667552 0.558191094980226 0.630178403032466 0.653479570276891 0.629378091649342 0.575783248361332 0.615997580336626 0.609713927519579 0.631930533605507 0.575166104216707 0.634406121225711 0.641250146563028 0.716647640637835 0.719995916622176 0.645257392513153 0.713474057500324 0.711237537290431 0.578984488154032 0.678338271075278 0.638673049507536 0.651044218372097 0.640054436002377
0.474555233553929 0.505808788446698 0.454442214694155 0.513017562965854 0.550470318776165 0.496289984337459 0.559250891528987 0.455445581826287 0.482468573758357 0.58962403576082 0.634094973493671 0.548368962332528 0.538186218651647 0.570949183995015 0.577751261528333 0.624461167852228 0.596972236300226 0.669092014438826 0.664151155320239 0.619485486241322 0.646626967209665 0.617719088275168 0.67664645580544 0.661443930219302 0.628018783818962 0.561485729572179 0.565433283126517 0.614615325939436 0.589166240491305 0.590787582832099 0.672711454098088 0.642533820993526 0.612182214177285 0.60441178618133 0.625565289551125 0.658401610557333 0.713369542214739 0.657586486425665 0.680587250127463 0.635030189522466 0.606234100343519 0.632896912819212 0.62658471398296 0.63516807289871 0.639600925557849 0.619026930794257 0.63431688687718
0.518020754611815 0.615355714899446 0.484264756886558 0.559967478858256 0.567931009661446 0.645424277622651 0.598748478387927 0.585370659852661 0.461149385277414 0.544638104371662 0.447951531180988 0.407627336120181 0.627133068075729 0.427605210632205 0.512643344745513 0.637459714966251 0.620121370113358 0.633930290876775 0.696666924195046 0.627114591346796 0.690191583745967 0.597371919332136 0.644465698646525 0.614243622009859 0.665238552578983 0.627795662934361 0.660091029831285 0.628001172807616 0.576359658170301 0.631167794634755 0.613466030057004 0.632790244975575 0.629786810984869 0.64468431162463 0.72071752914992 0.534020757337857 0.612513924754893 0.64213341456636 0.62218628263991 0.660627540452874 0.689387302795799 0.667181232426592 0.661650966967941 0.633638554899685 0.648852343181922 0.653497095563095 0.621321589950605
0.59302091154876 0.613773957178079 0.624768496205441 0.579748774150617 0.593280654037462 0.621403375034154 0.553549462613872 0.540407330963633 0.517367457439681 0.62846223724773 0.617927443779828 0.599920019962839 0.606474387967523 0.566142638316453 0.450222355793163 0.636361926970301 0.62680605767518 0.682289967798115 0.651616501999616 0.641076122974257 0.734044032400618 0.673138965014107 0.64003906160967 0.640668886212836 0.685945555383236 0.536659697428531 0.605031202864933 0.622948920004233 0.646901141828426 0.631341057703371 0.625601166284125 0.641203755124777 0.635062881507907 0.625313439780737 0.660499626114319 0.683659974555026 0.635654306012582 0.652622204944705 0.712054393158161 0.607301936487972 0.613585948923851 0.615764612522428 0.728008774684768 0.733317552529733 0.705131075974646 0.665634627382213 0.622035561027537
0.552065651093043 0.623504547041979 0.640518955697053 0.648663015114357 0.622959807813829 0.642806219089255 0.568647907373835 0.522769745177191 0.595350374723366 0.606271165727748 0.629408361222656 0.623149864392646 0.622657989000698 0.555286378332262 0.610007066409966 0.622366460633488 0.617388211951257 0.638556596178363 0.612479449192924 0.622219850713147 0.692458861806473 0.635904453823163 0.626062514026062 0.529846390327533 0.656750591638877 0.68835295961544 0.662495162809454 0.576972722127503 0.622393279881192 0.620253103633062 0.660601192174601 0.626109607654554 0.611713827683144 0.628807225915299 0.631650296371573 0.625629701115992 0.615912346374077 0.628251226774718 0.63655414819065 0.667122279422752 0.619723174297036 0.576854000033087 0.626254235128869 0.635415013616148 0.702975277098674 0.682460053370202 0.613398179625359
