Scripts_&_data/B6_all_seraphim_analyses/Environmental_files/LASV_rasters/ENM_natalensis_Mylne_MRU_0.04.asc
NCOLS 360 
NROWS 264 
XLLCORNER -17.0000652 
YLLCORNER 2.9999748 
CELLSIZE 0.04166665 
NODATA_value -1.7e+308 
[rows 84 to 104 of 264, columns 188 to 234 of 360]
0.780607199718902 0.755578443755381 0.779882503886869 0.781595597083888 0.749000579818048 0.664000649029198 0.770150340644072 0.694064950051331 0.770609643922845 0.693795832019481 0.748589671891534 0.722166557586069 0.796021370095193 0.785755992570515 0.739991584886944 0.719703450762723 0.775024913746004 0.738516404092198 0.615352335756754 0.659877411782288 0.71473913383998 0.674821682785867 0.659883697762895 0.70644272847257 0.646874181876015 0.782594794740329 0.77293610826306 0.761737206777711 0.708567418822059 0.730599659125396 0.632061253007484 0.654754401195542 0.759621598442405 0.78111124215001 0.694063226191886 0.625068693277263 0.604102886470572 0.554180246136787 0.559267866618834 0.586623509564284 0.630241618238966 0.621797241780891 0.519596485993106 0.513376369746621 0.365945798146194 0.478253921510134 0.384842209107123
0.780478205801841 0.763642587446011 0.751423396404354 0.738121856471493 0.788469601255007 0.681684468737394 0.721529362442041 0.767376080877586 0.762719095121436 0.760601645965555 0.687463695571349 0.649099264813752 0.792128341066687 0.793497419677769 0.784302251554305 0.778031362811537 0.696026589132302 0.635878763777639 0.63580424624843 0.638041811341991 0.753463449749663 0.740762706007417 0.767011648849774 0.729648679626692 0.761260288300174 0.779493433344343 0.773059764870525 0.589071583215511 0.712412482883191 0.710274769092833 0.752128435783131 0.730558347879359 0.622175656638267 0.772250261038483 0.758880935678081 0.667683230716151 0.629572110170364 0.600294255546483 0.580653413549931 0.590437389198599 0.612357105854532 0.66058811101667 0.606524572821033 0.582240280562274 0.500667702814038 0.469125836687033 0.378412282825196
0.783240710958461 0.785807774371227 0.783745960580195 0.778695703817387 0.790642890082917 0.780910113759711 0.616581412707038 0.763937656896457 0.756665105342278 0.699237084772104 0.754789262823869 0.614330538808226 0.78445619580574 0.799271543765833 0.801880031048103 0.775255001175003 0.742047427086117 0.747267043679733 0.737101120817991 0.657393099438558 0.654377153271591 0.592675157124132 0.727093016440187 0.780296847715329 0.76472588132908 0.782571148154585 0.790327019933093 0.767186916810102 0.77146108878493 0.756568496229195 0.751723281681636 0.749391490594035 0.709212412996911 0.654924349977371 0.736522205972507 0.67608087067311 0.650734830503409 0.630452798022113 0.63563693797893 0.622766689639061 0.416945766978024 0.667320545599381 0.676715828897765 0.497964850394803 0.473449201686831 0.385117205196653 0.492421301660911
0.779312727612503 0.772653423146893 0.743759514005702 0.738848306729719 0.778746108307067 0.785423830384829 0.777314973900488 0.765880992876924 0.744348535228947 0.79423437685832 0.773117769995047 0.714854972373877 0.635306559867315 0.800965281147448 0.800934760208182 0.765655703816777 0.78221853407426 0.784848956751917 0.656596576134893 0.697520221296075 0.711098025473619 0.740920131277152 0.732315945353897 0.707314567986632 0.727346994130652 0.772236385321342 0.774125841819886 0.765657767112375 0.769989657278633 0.773943886252322 0.748378985052087 0.66905414365608 0.569405017499061 0.701997989050058 0.715405049864412 0.686123543330976 0.63116993693806 0.654191945902163 0.628559335117476 0.56743914847594 0.418623694845689 0.542076596245362 0.640037245309176 0.455499045536393 0.438466576852209 0.462832655090809 0.407535537303972
0.779369678285557 0.781030697132471 0.748300420735145 0.772626569158571 0.776427800302382 0.786078734104256 0.788889161085178 0.802283062304718 0.75339876227779 0.694389361993668 0.777965752463351 0.761263625826449 0.707456928674399 0.803573365614031 0.807007897336545 0.774519331811322 0.754551698244554 0.779368555449808 0.777106288150986 0.778243022318326 0.785365565096933 0.6968061234903 0.711558460954668 0.716260065291852 0.738757724334536 0.620489493984727 0.753175598478783 0.769717108371167 0.776631013036544 0.713685505726319 0.73346414617348 0.714863852531614 0.706521073184749 0.732376361209924 0.689635030226769 0.670215210856989 0.629504616267633 0.542773201878131 0.591182832110345 0.547395843258981 0.397332212810964 0.480179389044831 0.587649022691917 0.516468661512597 0.565175579375741 0.449522840547709 0.461571851594872
0.784177955310615 0.780560530275781 0.76628701245078 0.745473701769705 0.775535007682751 0.787533745750824 0.79557072426352 0.743981577700024 0.774587790384678 0.818709666801368 0.807427143783688 0.784972681007532 0.773701739511975 0.796184594129414 0.786032330259294 0.774320522244762 0.725462565152076 0.668477084626445 0.679218323981949 0.776376458805813 0.776706771073237 0.775595857526455 0.773202944432473 0.692901015097939 0.782823478486648 0.748002860434347 0.721032000893737 0.741553105523942 0.668617754213343 0.725220290532086 0.739735492322712 0.751082181698037 0.718725691490325 0.693594910140819 0.707334984484042 0.717294512163961 0.667338291242553 0.505060109100613 0.57650486917687 0.577788270350656 0.422853192536334 0.594524690680101 0.596982490895858 0.684643886940562 0.682086110130543 0.385060450225215 0.552509479616223
0.707309287396975 0.72601228246947 0.787356930344774 0.763103344660677 0.72138717798392 0.782312317108652 0.767023172012779 0.754242473297105 0.691206984305448 0.805831972263267 0.779102794520737 0.784356210061347 0.785711768742617 0.784099017946685 0.781998803206691 0.780360025592969 0.632701511845802 0.700687889232222 0.722002280960885 0.777770760280776 0.79030388951226 0.77802279977053 0.729451839488912 0.679226318550323 0.736115929474195 0.690242252395269 0.644137877541439 0.710432134618889 0.72031694892271 0.665014553364269 0.720502845453885 0.715155601552008 0.71349516688056 0.620713242972555 0.639963419444235 0.678419908509875 0.710926471429489 0.680216107685943 0.557095324829621 0.53834192397355 0.600386696794027 0.645763514797098 0.6328118264796 0.637146435227027 0.636361764446205 0.43386976172931 0.526352271759996
0.648582042201043 0.658953485600144 0.636756019849765 0.646151786920939 0.654141415014725 0.780973230164652 0.772192204594177 0.61914302868695 0.636304457227615 0.641023673440262 0.79825626317085 0.796265366280997 0.793249201482325 0.791943478434589 0.784930387929348 0.78313855139975 0.703415877433182 0.720180810453401 0.721731646310051 0.736221085949687 0.770368833830461 0.773951553174334 0.763602162020028 0.679376783948247 0.649793471962022 0.727394644119739 0.742031614684505 0.730573981171312 0.704001703638665 0.594639000485661 0.713132061287169 0.665766225530851 0.572976063744914 0.622238882598976 0.614170555461722 0.600861141482346 0.658353508723796 0.704475121794562 0.679252436948612 0.439667207029347 0.677105155275975 0.632511528994758 0.600662954479323 0.627070222247397 0.588678141719965 0.482736391444956 0.577687222667624
0.616897737434731 0.696750939908068 0.726500580268339 0.730303146873224 0.769525206458643 0.78030174748256 0.656762789855392 0.684498510272752 0.664375157726717 0.699364790873488 0.781086360706344 0.794148847158812 0.690915630406195 0.76981226364349 0.785035134913628 0.78272446996743 0.78152429845835 0.780944990079735 0.720213919460124 0.656393147731868 0.598166890764775 0.737931281754372 0.753285960514423 0.647941008144051 0.642094480837239 0.627606531195339 0.728706214512395 0.690322363549742 0.719874746788646 0.704199192289081 0.651901081191073 0.658279042934649 0.567462617203275 0.477738839823245 0.556119304260546 0.601092734135536 0.602790530428723 0.697522916750751 0.651320027803591 0.466613854327171 0.624094010463604 0.635181827644447 0.601701837994085 0.604533968199349 0.598207743321208 0.421692213960548 0.580518547467118
0.686276950751991 0.624159561962251 0.725786352615103 0.772622832432772 0.737010646838208 0.768471258298365 0.738047413358435 0.767770966392713 0.78231552927128 0.799354381515464 0.795211520258237 0.757524938270995 0.748913527977162 0.733042371848493 0.712035908514939 0.630448550544516 0.781101471999304 0.786278059810057 0.799215650281204 0.779165213694546 0.777630710907509 0.764276061174379 0.678899484583385 0.662144422697177 0.596465661863767 0.660656019922035 0.716284266687127 0.601146519125617 0.702800886818165 0.642991841541838 0.624201039215912 0.645899757811639 0.613809079994388 0.593801614904864 0.596785099156738 0.585248065521186 0.537501941068261 0.64089981180861 0.645906020373898 0.491233539827704 0.551720348187296 0.447123425169259 0.58172918885778 0.571620293449807 0.60915994742892 0.57421051787192 0.401916554234892
0.740967564905029 0.767849588144742 0.759931515565375 0.763888382434087 0.657976367671385 0.748292662167116 0.740817289331771 0.755995867826493 0.788693048285206 0.789587341474532 0.776491389820826 0.640394806986766 0.680241664485477 0.73906492812112 0.758723816940123 0.71417152267918 0.6801176514918 0.780037188459129 0.782500645889429 0.781807864497796 0.798216723689129 0.800286283976184 0.776752432448751 0.722435907117045 0.736749945581168 0.733869780367448 0.588801463452873 0.675961555469668 0.641719890369641 0.661616757050356 0.612509040601342 0.594177093220927 0.573741571286805 0.58961843898005 0.537263138332979 0.582498522657094 0.585530588265122 0.609919884441569 0.62738641615811 0.593064141762504 0.683415548836649 0.574417623958928 0.619697209306751 0.608350279025295 0.595950909632119 0.524379756226627 0.453610510557779
0.75853678398994 0.748009080052376 0.775078937245025 0.788118585063699 0.740547033795996 0.747338230880189 0.80495544609162 0.783598635195174 0.790068517747958 0.783252790799209 0.782171272236434 0.781838438235061 0.783411713109805 0.746960351285399 0.764078678946081 0.767499197515325 0.776860330454316 0.750252788383279 0.778545038318192 0.779965731563699 0.779881453189971 0.778469042760746 0.794562552926775 0.789912611689951 0.781102661540288 0.74475819080398 0.497686901036043 0.594868636381122 0.584487077724124 0.622284300022815 0.592581320831892 0.617342094214726 0.592717317431557 0.643751533091523 0.593767162674839 0.606936947191308 0.58945700359997 0.592085571280562 0.596211765741588 0.568617167392047 0.625441023316892 0.680854960951536 0.615262172059222 0.611193952125635 0.609877108041881 0.586665848177096 0.526344670428807
0.784718129240991 0.760919935742014 0.772155965256226 0.785195964112212 0.66875409639063 0.759381988517929 0.782104733902686 0.776426646818574 0.784459309092229 0.785259636858153 0.779021900983151 0.779771886719149 0.661848628507491 0.685411729730565 0.741432164359091 0.772225997482671 0.683347051187035 0.767395398231685 0.773326597858133 0.78002498371372 0.77988504582895 0.767202760132313 0.76755605143286 0.775209375012464 0.783273851163427 0.780844506851637 0.709356726742508 0.518439789856372 0.559116392794835 0.502411179250366 0.587414508870252 0.626608816764431 0.605105744825137 0.620711405614509 0.602057826858126 0.637867644889935 0.585307407994455 0.599861016845466 0.604430236231357 0.628969811151804 0.584491352118342 0.600394056861313 0.600625600093053 0.613995925894419 0.611497008935634 0.602121101837677 0.593244586563766
0.751609405986488 0.777176987145973 0.751041383240897 0.780131651238789 0.773663073033643 0.735825647203138 0.780114463148927 0.709027799273811 0.7827355460605 0.771214601205267 0.782010343118102 0.74032037700824 0.69880056728688 0.677986548246836 0.687965712849308 0.776974479914099 0.646047162272065 0.742246337788666 0.760393443866517 0.779030029837303 0.722010945596915 0.764518522492498 0.763855051040209 0.770068010451798 0.7840393225482 0.744543656878625 0.670128382057694 0.645339364298803 0.612763871112944 0.575717284254026 0.595390515238283 0.670995132996505 0.606952255884996 0.611696483984542 0.605013603936224 0.637730068308673 0.561140583487516 0.600996952628313 0.614778041584214 0.71116828313565 0.673259732805605 0.605357472823826 0.602573402554122 0.603662513693256 0.571447916658751 0.557064088020323 0.526102539505794
0.799286596029428 0.785525761078247 0.782875105425828 0.774861056918406 0.788545379546892 0.787112135030352 0.776537265257434 0.795616070392224 0.78453115116513 0.739249121457226 0.765210770607451 0.689065951454583 0.714689111158115 0.77346088990011 0.770891294460486 0.77837299962066 0.728116567924913 0.689414912144695 0.769945051036115 0.770633228519976 0.76955745036059 0.755944385314276 0.748657941636333 0.781655556366327 0.766746510608642 0.738480022699229 0.650428431001693 0.684158129618798 0.680743675775323 0.616083184075273 0.598040198186992 0.616157446486717 0.542517432319682 0.558535367715655 0.602187901611923 0.656102307625502 0.611352265816001 0.611074453545193 0.639257913963692 0.685568592204093 0.583225181046778 0.602179707903721 0.608341555069347 0.539267118481724 0.587198456452013 0.54872085948072 0.558019446556106
0.79506470496834 0.790741146060456 0.782414150630869 0.782233830002069 0.789338361549744 0.767928230742527 0.789592733501875 0.795279604966472 0.762325552135646 0.732201544676616 0.653627316259374 0.736431267328878 0.618764514895432 0.653407711832456 0.726235908532602 0.765364921912925 0.697620981175467 0.645573732086451 0.654970242894271 0.751846030210408 0.76993221481773 0.723378878666865 0.701002780703047 0.695366321931558 0.714545119810864 0.722300371695228 0.656183143955097 0.697842254602816 0.687799685896738 0.615147000974975 0.644238338245776 0.631609080555727 0.607834772350078 0.645024895197676 0.566268622980689 0.602185481311822 0.570602345928554 0.611342579724516 0.648443111785322 0.639332964555773 0.472897786519507 0.625038905652932 0.603651257192772 0.580955522127164 0.581901964378323 0.595277872490374 0.602240015222574
0.787923542330114 0.777995720725959 0.799692471341093 0.789169895900478 0.787942267841757 0.743035098019252 0.781549251927702 0.788602838295374 0.783235173734232 0.766542840885287 0.597287468143845 0.622667375856249 0.735538119948736 0.648028886375313 0.711740723564428 0.684638851489844 0.717149546718638 0.710342220012101 0.671154125199444 0.7189679231277 0.737882284446755 0.584936466036324 0.689015941210621 0.669623888897519 0.654554984456586 0.702572371321728 0.668084544786804 0.62227735269341 0.650784846037606 0.656117801315218 0.643150012316516 0.677938441528323 0.630315601825114 0.610495691291468 0.632303995136878 0.605989174742167 0.596449731261401 0.574043810780212 0.643636761384528 0.601495779394813 0.589407136232468 0.60468076494798 0.602274203506754 0.58367830748744 0.538186890346114 0.473078728565356 0.583923938456712
0.783542106939906 0.780309669092941 0.695771484170396 0.780936521875775 0.782276470749212 0.790569123332216 0.784791250435453 0.792326288574443 0.7860718831145 0.778907162428309 0.710332937756898 0.658513047369911 0.617855729061596 0.746054269983476 0.7388500301624 0.657953783060658 0.69484432879679 0.704890268925817 0.736730919004978 0.681993912912744 0.736323791906784 0.697808174810416 0.626226884200472 0.659095883295866 0.649117962599867 0.667219447592927 0.61844751420108 0.6409698046226 0.686503570146727 0.615703014571664 0.644428603669506 0.702869628907484 0.68855889739211 0.612336280343287 0.614459933190439 0.588304164029516 0.532689544977037 0.563539412490126 0.649046780031637 0.609343685173155 0.541814688944838 0.58967079936973 0.589035262425784 0.582751614732793 0.567143926674778 0.597736032348792 0.544450173097082
0.805690068648617 0.785562314909845 0.780605872912728 0.745599068614333 0.69464811722497 0.779546229807576 0.767594480930232 0.778658238004783 0.787225475773672 0.788850957497281 0.792166317419623 0.782265343166706 0.762752131023756 0.625150079132776 0.610052251311064 0.619743764249577 0.60490755415988 0.587629021786321 0.614636781042975 0.598260279891071 0.605472109349015 0.620856478077908 0.632793553228385 0.622259536225464 0.637200326493662 0.64243756972424 0.639028280374723 0.589452418590365 0.676974854995547 0.70219956826403 0.693178885182129 0.654379783109386 0.686997373500448 0.675982058619417 0.655025605642951 0.66445551098959 0.593025926426479 0.675345987105097 0.664334601051871 0.615692020564167 0.581519055733726 0.464531326244791 0.615764985967238 0.57837477386174 0.599975378437569 0.611724980049478 0.614040255107989
0.80530730417398 0.786287069502168 0.779369893953302 0.791797593619909 0.795540699518813 0.775257034546899 0.782923356895985 0.74874917365753 0.773434038968939 0.785315414090384 0.785907908066598 0.76916606717342 0.749996600117329 0.688614681691594 0.623954663587004 0.590445707417899 0.584841669326745 0.537549962213842 0.537998103773741 0.518040872061654 0.561013986045055 0.55267114008547 0.533837006794971 0.624663641847451 0.629038753389992 0.618614843507072 0.606015718723445 0.612157917580961 0.619356483086562 0.623192651329869 0.6083938127738 0.609371641707361 0.613952937331701 0.65378203231482 0.633578213748191 0.613381588515819 0.68633916449452 0.688309842585471 0.705007656156991 0.661921223553427 0.69271912793595 0.608825050087156 0.60485519525171 0.643963465288046 0.613581268374075 0.616176607457794 0.547091527235932
0.799514410801727 0.787260186578097 0.781335659870376 0.811108887026273 0.781155823099513 0.77284075832916 0.76668307981111 0.775916048907418 0.724845405630909 0.739128047440369 0.765017345440046 0.763401993646449 0.650267031004124 0.660284659068319 0.562876483859102 0.485679013323136 0.594750130995941 0.461919863956673 0.533169553819746 0.587929830628941 0.628361606951332 0.555526273859669 0.481461840194537 0.618247288562792 0.619605178544724 0.617419656687958 0.551696722687404 0.549894283763521 0.616420010400818 0.628298249439103 0.594289279275297 0.563225436219971 0.61292807896449 0.617770764741603 0.619467448061362 0.619779677990261 0.660941568250417 0.643038823118087 0.702949497769454 0.606155707896028 0.534662265739189 0.57818928623637 0.430445941611243 0.608799177247084 0.571041555076605 0.625798939233049 0.61548217816447
