Scripts_&_data/B6_all_seraphim_analyses/Environmental_files/LASV_rasters/Pop_density_MRU_0.04.asc
NCOLS 360 
NROWS 264 
XLLCORNER -17.0000652 
YLLCORNER 2.9999748 
CELLSIZE 0.04166665 
NODATA_value -3.4e+38 
[rows 0 to 21 of 264, columns 0 to 48 of 360]
-339999999999999996123846586046231871488.000000000000000 -3.4e+38 -3.4e+38 -3.4e+38 -3.4e+38 -3.4e+38 107.975389901623 149.012250776291 87.560681142807 146.993674507141 132.792763900757 162.966389770508 115.476389445663 107.428998641968 116.394635009766 116.394635009766 116.399961547852 116.562615966797 121.052364807129 167.12499786377 183.398657226563 183.398657226563 179.104421386719 124.265055847168 123.55127532959 123.548448181152 123.55127532959 123.55127532959 123.548448181152 124.847199707031 138.728340148926 141.675979614258 141.679219970703 141.649356689453 136.746782836914 137.072459411621 124.571002197266 117.297689819336 117.300373840332 117.300373840332 117.297689819336 115.416964111328 96.5349508666992 82.8762579345703 81.3889810180664 48.8195796203613 48.8184623718262 48.8195796203613 48.8195796203613
-3.4e+38 -3.4e+38 -3.4e+38 -3.4e+38 -3.4e+38 -3.4e+38 174.676118774414 168.486590270996 175.122935791016 175.942398071289 171.932077026367 105.493754653931 112.009551620483 101.515372276306 116.413011169434 116.413011169434 116.418340454102 116.413011169434 116.413011169434 146.629245910645 183.427618408203 183.427618408203 182.159072875977 173.83924621582 141.281985473633 123.567962646484 123.570791320801 123.570791320801 123.567962646484 123.570791320801 125.199239501953 137.491589660645 141.701595458984 141.701595458984 141.698352050781 141.701595458984 140.10980255127 119.724891967773 117.318898620605 117.318898620605 117.316212463379 117.318898620605 117.318898620605 117.316212463379 106.447173461914 48.8272923278809 48.8261749267578 48.8272923278809 48.8272923278809
-3.4e+38 -3.4e+38 -3.4e+38 -3.4e+38 -3.4e+38 -3.4e+38 103.405178318024 173.479001159668 164.370231781006 175.978149414062 146.25799697876 87.7058330595493 87.4387370300293 98.8696878814697 383.869652709961 711.31588104248 116.441997680664 116.436668395996 116.436668395996 141.271706542969 183.464886474609 183.464886474609 183.473286132812 183.50857421875 154.805635986328 136.817095031738 152.239989929199 168.021792907715 169.99363067627 149.448694763184 125.406719055176 129.010762023926 141.730386962891 141.730386962891 141.727145385742 138.926350402832 122.94322845459 117.344191894531 117.342732543945 117.342732543945 117.340046691895 117.342732543945 117.342732543945 117.340046691895 116.888355712891 55.0332385253906 48.8360916137695 48.8372093200684 48.8372093200684
-3.4e+38 -3.4e+38 -3.4e+38 -3.4e+38 -3.4e+38 -3.4e+38 152.945357513428 140.190233612061 145.963236465454 141.931738433838 56.3071860514954 46.3915475845337 99.4056648254395 104.863576660156 206.486263122559 345.998491821289 121.311987304688 121.045979614258 130.206676330566 210.095244140625 198.424120483398 206.967699584961 210.091892700195 211.007609863281 211.125581054688 211.120748901367 211.125581054688 211.125581054688 211.120748901367 211.125581054688 206.5490625 159.630050354004 141.755853881836 141.755853881836 134.523516540527 122.39517791748 117.363815307617 117.361128234863 117.363815307617 117.363815307617 117.361128234863 117.363815307617 117.363815307617 117.361128234863 117.363815307617 74.8970719909668 48.8448677062988 48.8459857177734 48.8459857177734
-3.4e+38 -3.4e+38 -3.4e+38 -3.4e+38 -3.4e+38 -3.4e+38 91.2816020965576 173.220239639282 106.051281070709 72.6141957092285 107.495820465088 81.3732827949524 109.325585174561 122.671809692383 122.666195678711 122.666195678711 122.671809692383 122.666195678711 169.287680053711 231.621720581055 231.611117553711 231.611117553711 231.621720581055 218.882574462891 211.158570556641 211.15373840332 211.158570556641 211.158570556641 211.15373840332 211.158570556641 211.158570556641 203.882008056641 150.240552978516 153.385446166992 183.345030822754 131.396047363281 121.77384765625 133.33848236084 117.382156982422 117.382156982422 117.379470825195 117.382156982422 117.382156982422 117.379470825195 115.742649230957 96.9334671020508 87.2036653137207 70.2363638305664 50.659362487793
-3.4e+38 -3.4e+38 -3.4e+38 -3.4e+38 -3.4e+38 -3.4e+38 -3.4e+38 -3.4e+38 34.7092149448395 102.330362453461 122.552461242676 94.6364945983887 117.680497894287 122.696525268555 122.690908813477 122.690908813477 122.696525268555 122.690908813477 132.21439666748 206.988586120605 231.657781982422 231.657781982422 231.66838684082 229.083920898437 214.873229980469 211.196279907227 211.20111328125 211.20111328125 734.470592651367 462.548711547852 211.20111328125 211.196279907227 201.237292480469 204.266194458008 218.796612548828 218.747792358398 217.825423583984 218.033324584961 130.996205444336 114.793240661621 105.447038574219 110.197275695801 115.614678039551 108.62354309082 100.921333312988 100.724718017578 101.975709838867 80.7880143737793 47.3483032226562
-3.4e+38 -3.4e+38 -3.4e+38 -3.4e+38 -3.4e+38 -3.4e+38 -3.4e+38 -3.4e+38 -3.4e+38 96.8522171270847 110.343620243073 88.9278258895874 122.712748718262 122.718368225098 122.712748718262 122.712748718262 122.718368225098 122.712748718262 122.712748718262 123.130678405762 179.806715393066 231.699020385742 231.709628295898 231.699020385742 231.616604003906 225.725793457031 213.490395507813 211.238717041016 734.091700439453 463.502177124023 211.238717041016 211.233880615234 215.855993041992 218.840570068359 218.835559082031 218.840570068359 218.840570068359 211.775732421875 169.319012756348 165.720202636719 133.13500793457 98.2890795898438 97.9523913574219 98.6947775268555 106.907111206055 95.5376063537598 86.349170384407 100.111042480469 47.9641356658936
-3.4e+38 -3.4e+38 -3.4e+38 -3.4e+38 -3.4e+38 -3.4e+38 -3.4e+38 -3.4e+38 -3.4e+38 147.105835266113 100.127716994286 72.7039293861389 122.731718444824 122.737337646484 122.731718444824 122.731718444824 122.737337646484 122.731718444824 122.731718444824 122.737337646484 156.200027770996 231.734832763672 231.74544128418 231.734832763672 231.740138549805 231.734832763672 225.682482299805 211.271363525391 211.266525268555 211.271363525391 211.271363525391 213.253968505859 218.583266601563 218.874397583008 218.869387817383 218.874397583008 218.274509887695 177.432169189453 170.016235351562 127.447335243225 99.6808062362671 96.0452222442627 97.9872769165039 92.2058232116699 76.5077394390106 70.4046215438843 79.0129595184326 66.0794683170319 71.2240526294708
-3.4e+38 -3.4e+38 -3.4e+38 -3.4e+38 -3.4e+38 -3.4e+38 -3.4e+38 -3.4e+38 -3.4e+38 -3.4e+38 102.016411170959 118.713227233887 122.756239318848 122.761859130859 122.756239318848 122.756239318848 122.761859130859 122.756239318848 122.756239318848 122.761859130859 143.555643920898 231.715379638672 231.79174987793 231.781140136719 231.786444091797 231.781140136719 224.408849487305 211.31358581543 211.308749389648 211.31358581543 211.51276550293 216.533088378906 218.918126220703 218.918126220703 218.913116455078 218.918126220703 189.47466583252 128.566878814697 136.346689300537 83.4706159210205 84.3808486938477 72.2415304946899 71.3413368034363 109.281289596558 91.3514236450195 90.9092633056641 90.9071823120117 90.9092633056641 72.2283209609985
-3.4e+38 -3.4e+38 -3.4e+38 -3.4e+38 -3.4e+38 -3.4e+38 -3.4e+38 -3.4e+38 -3.4e+38 -3.4e+38 60.7748947525024 96.7756086349487 120.477600097656 120.480876464844 120.482051391602 120.485497741699 120.829626159668 120.183105773926 120.177063293457 120.176930541992 120.622676086426 144.652453613281 190.542065429688 221.963344726562 216.959619750977 218.430885620117 211.925199584961 203.34650390625 204.503154296875 203.451073608398 208.690278930664 207.633251953125 206.970249023438 369.876670532227 237.270164794922 203.713158874512 120.659372558594 118.423983612061 36.4118236682005 74.5996990203857 84.0443780517578 79.6884582519531 79.0063134765625 213.439742736816 96.9843518066406 87.084938659668 90.9232208251953 93.4297747802734 51.6235015869141
-3.4e+38 -3.4e+38 -3.4e+38 -3.4e+38 -3.4e+38 -3.4e+38 -3.4e+38 -3.4e+38 -3.4e+38 -3.4e+38 -3.4e+38 96.6950074005127 111.004724121094 111.00980682373 111.004724121094 111.004724121094 110.759861755371 108.571412353516 108.549656677246 111.500043029785 108.549656677246 105.344225158691 97.1521405029297 97.2011178588867 135.458497619629 141.726039733887 141.616610107422 130.302180557251 123.585735473633 88.3314933776855 88.3308160400391 44.5653297424316 257.669009552002 2663.28267089844 822.523806762695 44.5663496398926 44.5663496398926 127.124141235352 42.8371121119708 75.1377543640137 190.07973449707 79.0183917236328 79.2133319091797 79.1431999969482 46.0515810394287 37.4782402038574 91.9718148803711 117.031176147461 277.516651144028
-3.4e+38 -3.4e+38 -3.4e+38 -3.4e+38 -3.4e+38 -3.4e+38 -3.4e+38 -3.4e+38 -3.4e+38 -3.4e+38 -3.4e+38 111.493565979004 116.766196289063 112.527414855957 113.452043762207 111.02671661377 125.121296386719 155.957775878906 109.545526123047 164.72189239502 114.493627929688 136.468497924805 218.959273376465 214.736958007812 112.617156677246 86.7702462768555 83.6363996887207 30.598486764431 43.0461882781982 82.6903146362305 82.6142065429687 43.6687204742432 44.2845880126953 70.7960259246826 23.9689162148535 37.2886325740814 44.3052398681641 91.9357461547851 90.3145344924927 41.7477678060532 64.5780041599274 82.782458190918 156.158174133301 38.431171875 31.4959312438965 31.4959312438965 48.081768951416 108.600889511108 198.999637756348
-3.4e+38 -3.4e+38 -3.4e+38 -3.4e+38 -3.4e+38 -3.4e+38 -3.4e+38 6092.68115234375 -3.4e+38 -3.4e+38 -3.4e+38 1605.83818664551 155.523935852051 148.925709533691 156.320623779297 111.161224365234 112.600162963867 112.929577636719 109.093009338379 108.595094909668 106.796883850098 262.983460693359 165.796892089844 94.6988858032227 303.683742370605 110.385319519043 69.8541316223145 64.9588920593262 51.3223043823242 80.6802476501465 -3.4e+38 -3.4e+38 -3.4e+38 -3.4e+38 690.324017524719 568.742908778191 44.7207678490877 39.1149521827698 43.9735055541992 97.8271365356445 92.1612303306162 164.283590698242 76.4930223083496 31.5007122039795 31.5014330291748 31.5014330291748 31.5007122039795 36.1845555114746 80.0477409362793
-3.4e+38 -3.4e+38 -3.4e+38 -3.4e+38 -3.4e+38 -3.4e+38 3989.27420410156 10705.8263671875 11905.4708984375 7653.88802734375 -3.4e+38 -3.4e+38 104.369544677734 111.836675415039 112.748032531738 112.899711303711 103.56530380249 105.900446624756 93.7668175888061 68.6814855957031 -3.4e+38 -3.4e+38 -3.4e+38 -3.4e+38 -3.4e+38 -3.4e+38 -3.4e+38 19.8764315795898 -3.4e+38 46.7981286621094 68.8956114196777 88.1166928100586 71.8580987548828 89.2956317138672 439.438824005127 878.456795272827 44.9307118988037 68.5232646179199 47.5810952758789 71.6652208137512 90.0375271201134 136.401035766602 66.7366652679443 31.5054725646973 31.5061940765381 31.5061940765381 31.5054725646973 31.5061940765381 31.5061940765381
-3.4e+38 -3.4e+38 -3.4e+38 -3.4e+38 -3.4e+38 -3.4e+38 1537.67031684875 3070.79021743774 3504.93015014172 5.5320997428894 -3.4e+38 -3.4e+38 105.340999145508 130.861357116699 114.95625 112.968836975098 102.604344787598 95.4693615150452 -3.4e+38 -3.4e+38 34.5017244720459 28.5872736358643 27.5265381622314 34.43543800354 33.870493927002 36.9793682861328 34.5856015014648 34.5856015014648 79.4847431945801 89.2916262817383 89.2916262817383 88.1681198120117 117.941311340332 149.886928939819 18.9922790908813 59.2208464813232 48.2808896636963 71.330354309082 71.3319860839844 116.638598022461 113.24656036377 112.071399841309 36.1947610473633 31.511661529541 31.5123829650879 31.5123829650879 31.511661529541 31.5123829650879 31.5123829650879
-3.4e+38 -3.4e+38 -3.4e+38 -3.4e+38 -3.4e+38 231.543888397217 168.458790931702 1030.09108062744 4581.6158996582 9.94009195327759 -3.4e+38 -3.4e+38 60.1397769165039 126.893501586914 198.219203491211 109.216421813965 62.9621347904205 -3.4e+38 -3.4e+38 35.0566519165039 34.5907920837402 34.5907920837402 34.592375793457 78.8426786804199 35.7998710632324 34.5907920837402 34.5915835571289 34.5915835571289 71.6148896789551 86.3289172363281 81.9743362426758 75.3950427246094 77.8610464477539 50.8659761047363 35.5471672058105 64.1512190246582 65.1283679199219 66.5250573730469 68.5036163330078 69.1330703735352 56.1614010620117 34.9758814239502 31.5178353118896 31.5171138763428 31.5178353118896 31.5178353118896 31.5171138763428 31.5178353118896 31.5178353118896
-3.4e+38 -3.4e+38 -3.4e+38 -3.4e+38 153.142099304199 232.254847412109 130.548721313477 124.966902770996 2502.56699859619 104.18970703125 -3.4e+38 -3.4e+38 -3.4e+38 -3.4e+38 -3.4e+38 -3.4e+38 -3.4e+38 -3.4e+38 46.4371648323536 34.9523379516602 33.2649736022949 34.4634407043457 34.5975503540039 128.353988952637 44.6492227172852 34.6320962524414 34.5967578125 34.5967578125 46.9118176269531 65.1312350463867 65.1312350463867 65.1297439575195 65.1312350463867 65.1312350463867 65.1297439575195 65.1312350463867 65.1312350463867 65.1297439575195 65.1312350463867 61.0642030334473 31.5218276977539 31.5225491333008 31.5225491333008 31.5218276977539 31.5225491333008 31.5225491333008 31.5218276977539 31.5225491333008 31.5225491333008
-3.4e+38 -3.4e+38 -3.4e+38 -3.4e+38 -3.4e+38 130.574145507812 124.951415100098 324.017734375 6488.93675018311 116.493777770996 199.951683349609 186.437356567383 110.988360824585 68.4897515869141 67.8519201660156 64.3328134155273 87.1209989929199 90.9278457641602 71.019973449707 32.5688058853149 63.9356181621552 41.2012243103981 71.6283522033691 99.1061860656738 83.2954731750488 50.4733720397949 52.1576136779785 56.773751373291 55.7686627197266 65.1439166259766 65.1439166259766 65.1424255371094 65.1439166259766 65.1439166259766 65.1424255371094 65.1439166259766 65.1439166259766 65.1424255371094 65.1439166259766 54.5402091217041 31.5279651641846 31.5286868286133 31.5286868286133 31.5279651641846 31.5286868286133 31.5286868286133 31.5279651641846 31.5286868286133 31.5286868286133
-3.4e+38 -3.4e+38 -3.4e+38 -3.4e+38 -3.4e+38 136.28517578125 118.677269287109 309.858884277344 1032.54128173828 202.013598327637 284.830570678711 200.171240234375 162.779538269043 165.902261581421 74.2592362105846 114.057210998535 153.081166381836 95.995783996582 88.2690647888184 89.738674621582 90.9434204101562 173.770126342773 172.514234619141 95.0570394897461 63.027063293457 63.0256202697754 79.1204397583008 113.621755981445 91.3434579467773 65.1550787353516 65.1550787353516 65.1535873413086 65.1550787353516 65.1550787353516 65.1535873413086 65.1550787353516 65.1550787353516 65.1535873413086 65.1550787353516 50.6024251556397 31.5333660125732 31.5340879821777 31.5340879821777 31.5333660125732 31.5340879821777 31.5340879821777 31.5333660125732 31.5340879821777 31.5340879821777
-3.4e+38 -3.4e+38 -3.4e+38 -3.4e+38 -3.4e+38 1494.02333496094 130.615811157227 122.212515563965 146.591533508301 112.686550292969 200.209999389648 200.200833129883 200.150401000977 169.661271028519 112.818721618652 115.679747009277 181.572149047852 104.966880187988 90.9568725585937 90.9610369873047 90.9568725585937 110.325457763672 115.894104614258 90.1421319580078 63.0363830566406 63.0349395751953 78.4589566040039 113.63855682373 90.0329833984375 65.1647076416016 65.1647076416016 65.163215637207 65.1647076416016 65.1647076416016 65.163215637207 65.1647076416016 65.1647076416016 65.163215637207 65.1647076416016 65.1152398681641 51.5003723144531 38.0709217071533 31.5387496948242 31.5380271911621 31.5387496948242 31.5387496948242 31.5380271911621 31.5387496948242 31.5387496948242
-3.4e+38 -3.4e+38 -3.4e+38 -3.4e+38 -3.4e+38 369.911592407227 125.622153015137 74.4567193603516 70.1503201293945 71.0335391235351 80.3077481079102 80.5563031005859 80.2483410644531 78.2444766235351 77.6298468017578 78.3036587524414 78.745456237793 76.1476974487305 75.8457122802734 75.5519845581055 75.365744934082 78.8497622680664 79.8782369995117 76.0945443725586 71.5828103637695 71.5324826049805 69.2011096191406 73.6632211303711 69.7971664428711 65.1772924804688 65.1772924804688 65.1758010864258 65.1772924804688 65.1772924804688 65.1758010864258 65.1772924804688 65.1772924804688 65.1758010864258 65.1772924804688 65.1772924804688 65.1758010864258 61.4985279846191 31.6722497558594 31.5441184997559 31.5448400115967 31.5448400115967 31.5441184997559 31.5448400115967 31.5448400115967
-3.4e+38 -3.4e+38 -3.4e+38 -3.4e+38 -3.4e+38 98.8235800170898 85.405983581543 66.4013610839844 66.3983215332031 66.3983215332031 66.4013610839844 66.3983215332031 66.3983215332031 66.4013610839844 71.3687026977539 73.5223175048828 73.5256838989258 73.5223175048828 73.5223175048828 73.5256838989258 73.5223175048828 73.5223175048828 73.5256838989258 73.5223175048828 73.5240005493164 72.4578726196289 65.2079840087891 65.1883471679687 65.1868545532227 65.1883471679687 65.1883471679687 65.1868545532227 65.1883471679687 65.1883471679687 65.1868545532227 65.1883471679687 65.1883471679687 65.1868545532227 65.1883471679687 65.1883471679687 65.1868545532227 65.1883471679687 41.1431777191162 31.5494674682617 31.5501898956299 31.5501898956299 31.5494674682617 31.5501898956299 31.5501898956299
