Scripts_&_data/B6_all_seraphim_analyses/Environmental_files/LASV_rasters/Pop_density_MRU_0.04.asc
NCOLS 360 
NROWS 264 
XLLCORNER -17.0000652 
YLLCORNER 2.9999748 
CELLSIZE 0.04166665 
NODATA_value -3.4e+38 
[rows 132 to 153 of 264, columns 196 to 244 of 360]
30.7158359527588 30.7165386962891 30.7165386962891 30.7158359527588 30.7165386962891 30.7165386962891 30.7158359527588 30.7165386962891 30.7165386962891 30.7158359527588 30.7165386962891 30.7165386962891 30.7158359527588 30.7165386962891 29.8257402038574 25.3706972503662 25.9767179870605 25.7335299682617 24.8621320343018 25.7936943817139 25.9885244750977 25.669909286499 30.512945098877 31.178224029541 36.1988146209717 30.891856842041 30.7161874389648 30.0240073394775 20.2817427062988 26.7004095458984 51.8320268249512 51.9645567321777 51.9645567321777 51.9651516723633 51.9645567321777 51.9645567321777 42.9169514846802 40.222523651123 51.9645567321777 50.9947439575195 14.8779570388794 11.9331409454346 11.9332775115967 11.9331409454346 11.9331409454346 11.9332775115967 11.9331409454346 11.9331409454346 11.9332775115967
30.7184551239014 30.7191580963135 30.7191580963135 30.7184551239014 30.7191580963135 30.7191580963135 30.7184551239014 30.7191580963135 30.7191580963135 30.7184551239014 30.7191580963135 30.7191580963135 30.7184551239014 30.7191580963135 25.9248031616211 24.6970260620117 24.6975914764404 24.6975914764404 24.6970260620117 24.6975914764404 24.697308883667 24.8956145477295 28.3760858154297 32.304239654541 41.5537782287598 34.5557247161865 30.7188066864014 28.0433894348145 19.5066119384766 41.9314984893799 51.9695835876465 51.9689886474609 49.6372401428223 51.860041809082 51.9689886474609 38.6622931671143 21.0133087921143 10.8401865577698 24.5302702713013 26.5354658889771 14.6909183502197 11.9341580963135 11.9342948150635 11.9341580963135 11.9341580963135 11.9342948150635 11.9341580963135 11.9341580963135 11.9342948150635
30.7224643707275 30.7231672668457 30.7231672668457 30.7224643707275 30.7231672668457 30.7231672668457 30.7224643707275 30.7231672668457 30.7231672668457 30.7224643707275 30.7231672668457 30.7231672668457 30.7224643707275 30.7231672668457 26.7586069488525 24.7002506256104 24.7008159637451 24.7008159637451 24.7002506256104 24.7008159637451 24.7005332183838 24.7008158111572 28.7057421875 41.6695863342285 41.671042175293 39.5053131103516 30.7449774932861 30.6811540985107 28.497345123291 48.6805599975586 51.9763645935059 46.1252783966064 33.1347954559326 35.1417163085938 41.5356969451904 13.7886766815186 6.66667945861816 6.66660312652588 6.66660312652588 6.66667945861816 10.0081752967834 11.9357159042358 11.9358525085449 11.9357159042358 11.9357159042358 11.9358525085449 11.9357159042358 11.9357159042358 11.9358525085449
30.7257526397705 41.5446765136719 55.2783176422119 84.6327870178223 85.1291739654541 33.7050350189209 30.7257526397705 30.7264559936523 30.7264559936523 30.7257526397705 30.7264559936523 30.7264559936523 30.7257526397705 30.7264559936523 27.7850218963623 24.7028945922852 24.7034600830078 24.7034600830078 24.7028945922852 24.7034600830078 24.7031773376465 24.7034600830078 30.5475253295898 41.675026550293 41.6755039978027 39.4469536590576 31.8024544525146 31.7433081817627 31.7925659942627 32.884893951416 41.8601605224609 35.3027948760986 31.7935724639893 31.7939366149902 30.8452286148071 8.73838893890381 6.66739353179932 6.66731721878052 6.66731721878052 6.66739353179932 8.25695030212402 11.8321572875977 11.937130279541 11.936993560791 11.936993560791 11.937130279541 11.936993560791 11.936993560791 11.937130279541
94.7802789306641 115.128739318848 115.140779724121 115.138143920898 115.140779724121 102.662096939087 31.40080909729 30.729026260376 30.729026260376 30.7283229827881 30.729026260376 30.729026260376 30.7283229827881 30.729026260376 26.9468035125732 24.7049617767334 24.7055271148682 24.7055271148682 24.7049617767334 24.7055271148682 24.7052443695068 27.3903945159912 39.2972974395752 41.6785145568848 41.6789910888672 37.7586812591553 33.2238278961182 476.773996505737 86.5989922332764 31.7962311553955 31.7965955352783 31.7962311553955 31.7962311553955 31.7965955352783 29.1530109024048 6.667874584198 6.66795093536377 6.667874584198 6.667874584198 6.66795093536377 7.04789011001587 10.4344237709045 11.9381288528442 11.9379922866821 11.9379922866821 11.9381288528442 11.9379922866821 11.9379922866821 11.9381288528442
115.152981567383 115.155617370605 115.155617370605 115.152981567383 115.155617370605 115.155617370605 61.3679053497314 36.5432493591309 30.7329862976074 30.7322826385498 30.7329862976074 30.7329862976074 30.7322826385498 30.7329862976074 26.4411399078369 24.7081451416016 24.7087107086182 24.7087107086182 24.7081451416016 24.7087107086182 25.3045095825195 39.4219372558594 41.683883972168 41.683883972168 41.6843618774414 36.7127349090576 65.8958664703369 1107.67755325317 254.379678421021 31.8003293609619 31.8006930541992 31.8003293609619 31.8003293609619 31.8006930541992 31.7152743530273 7.81062463760376 6.66881025314331 6.66873392105103 6.66873392105103 6.66881025314331 6.67459733963013 11.0208392333984 11.9396680450439 11.9395314025879 11.9395314025879 11.9396680450439 11.9395314025879 11.9395314025879 11.9396680450439
115.165130615234 115.167766723633 115.167766723633 115.165130615234 115.167766723633 115.167766723633 115.165130615234 111.893042907715 84.1497854614258 39.2380816650391 30.7362285614014 30.7362285614014 33.4131757354736 30.8660007476807 27.9791581726074 25.3173873901367 24.7113158416748 24.7113158416748 24.7107501983643 24.7113158416748 31.605298614502 41.6887561035156 41.6882791137695 41.6882791137695 41.6887561035156 40.2504014587402 32.0510585021973 31.8040467071533 31.8036829376221 31.8036829376221 31.8040467071533 31.8036829376221 31.8036829376221 31.8040467071533 31.8036829376221 11.4272135543823 6.6695135307312 6.66943717956543 6.66943717956543 6.6695135307312 7.06307922363281 11.400759677887 11.940926399231 11.9407897186279 11.9407897186279 11.940926399231 11.9407897186279 11.9407897186279 11.940926399231
115.174571228027 115.177206115723 115.177206115723 115.174571228027 115.177206115723 115.177206115723 115.174571228027 115.177206115723 113.319803161621 80.4235597229004 65.5973737335205 58.6989244842529 86.3351686096191 70.9984136962891 37.7599822235107 30.0962658691406 28.9919385528564 26.841912612915 25.8798245239258 28.9853890228271 40.0450482940674 41.6921757507324 41.6916983032227 41.6916983032227 41.6921757507324 41.6916983032227 37.9923545837402 31.8359551239014 31.8062908935547 31.8062908935547 31.8066548919678 31.8062908935547 31.8062908935547 31.8066548919678 31.8062908935547 13.5901906967163 6.67006050109863 6.66998413085938 6.66998413085938 6.67006050109863 6.66998413085938 8.80862796783447 11.9419063568115 11.9417695999146 11.9417695999146 11.9419063568115 11.9417695999146 11.9417695999146 11.9419063568115
115.189228820801 115.191865844727 115.191865844727 115.189228820801 115.191865844727 115.191865844727 115.189228820801 115.191865844727 111.558244934082 91.6798770141602 91.6809255981445 91.6809255981445 91.6788269042969 91.6809255981445 69.1294468688965 30.7419555664063 30.7426599121094 30.7341744232178 30.5205879974365 33.2284637451172 41.697004699707 41.6974815368652 41.697004699707 41.697004699707 41.6974815368652 41.697004699707 40.7325579833984 31.8163734436035 31.8103387451172 31.8103387451172 31.8107024383545 31.8103387451172 39.2603837585449 48.568708190918 28.9295281600952 6.75726318359375 6.67090930938721 6.67083292007446 6.67083292007446 6.67090930938721 6.67083292007446 9.23316780090332 11.9434253311157 11.9432886886597 11.9432886886597 11.9434253311157 11.9432886886597 11.9432886886597 11.9434253311157
115.201191711426 115.203829040527 115.203829040527 115.201191711426 115.203829040527 115.203829040527 115.201191711426 115.203829040527 102.676192932129 91.6883453369141 91.6904443359375 91.6904443359375 91.6883453369141 91.6904443359375 87.22911277771 52.3883808135986 30.7856714630127 30.7458520507812 30.7451480865479 33.4027100372314 41.4448294067383 41.7018121337891 41.7013348388672 41.7013348388672 41.7018121337891 41.5414428710938 34.3770007324219 31.8140055847168 31.81364112854 31.81364112854 31.8140055847168 32.2522740936279 58.0025116729736 61.628967590332 55.1463167572022 22.7996259498596 6.93302101135254 6.67152549743652 6.67152549743652 6.67160190582275 6.67152549743652 7.70314191818237 11.9446654891968 11.9445286560059 11.9445286560059 11.9446654891968 11.9445286560059 11.9445286560059 11.9446654891968
115.210452270508 115.213088684082 115.213088684082 115.210452270508 115.213088684082 115.213088684082 115.210452270508 112.674474182129 92.7584030151367 91.6957229614258 91.6978207397461 91.6978207397461 91.6957229614258 91.6978207397461 91.6978207397461 91.6957229614258 43.0730001068115 30.7483254241943 31.061070098877 30.7483254241943 34.0814326477051 41.5271762084961 41.7046864318848 41.7046864318848 41.3625199890137 36.4943045806885 31.8162008666992 31.8165646362305 31.8162008666992 31.8162008666992 31.8165646362305 38.7843088531494 61.6332189941406 61.6339237976074 61.6332189941406 61.6332189941406 47.3672817611694 10.9496283149719 6.6720623588562 6.67213871002197 6.6720623588562 10.8465909194946 24.8462720108032 28.2634943008423 31.6809477615356 26.6492530822754 14.0219536209106 11.9454899978638 11.9456264877319
115.224926757812 115.227564697266 115.227564697266 115.224926757812 115.227564697266 115.227564697266 115.224926757812 100.162869262695 91.7093392944336 91.7072402954102 91.7093392944336 91.7093392944336 91.7072402954102 91.7093392944336 91.7093392944336 91.7072402954102 86.9062181091309 79.0758560180664 71.9765906524658 40.2509219360352 36.5806240081787 39.7463573455811 42.0310586547852 41.907442779541 36.8703908538818 31.820198135376 31.820198135376 31.8205625152588 31.820198135376 31.820198135376 31.8205625152588 36.2542902374268 61.6409616088867 61.6416674804687 61.6409616088867 61.6409616088867 61.6416674804687 45.9910433006287 6.67290058135986 6.67297697067261 6.67290058135986 9.4249264717102 44.6219760131836 48.4056918334961 48.4056918334961 48.4062460327148 46.7649043273926 36.5132641220093 42.2854531478882
115.235388183594 115.238025512695 115.238025512695 115.235388183594 115.238025512695 115.238025512695 110.152854003906 91.7741754150391 91.7176654052734 91.7155670166016 91.7176654052734 91.7176654052734 91.7155670166016 91.7176654052734 91.7176654052734 91.7155670166016 91.7176654052734 91.7176654052734 70.6826318359375 42.7657720947266 42.7652828979492 42.7657723999023 42.7652828979492 40.2620415496826 32.3618511962891 31.8230847930908 31.8230847930908 31.8234492492676 31.8230847930908 31.8230847930908 31.8234492492676 40.4722116088867 61.6465559387207 61.647261505127 61.6465559387207 61.6465559387207 61.647261505127 60.5929762268066 24.1599349594116 6.67358247756958 6.67350612640381 6.67350612640381 27.6552256011963 48.4100854492187 48.4100854492187 48.4106394958496 48.4100854492187 48.4100854492187 65.3660794067383
115.248417663574 115.251056213379 115.251056213379 115.248417663574 115.251056213379 115.251056213379 103.016323242187 91.7280392456055 91.7280392456055 91.7259414672852 91.7280392456055 91.7280392456055 91.7259414672852 91.7280392456055 91.7280392456055 91.7259414672852 91.7280392456055 91.7280392456055 52.6789959716797 42.7706083679199 42.7701193237305 42.7706089782715 42.7701193237305 42.6463835144043 37.7836740112305 31.8266854858398 31.8266854858398 31.8270491790772 31.8266854858398 31.8266854858398 31.8270491790772 39.9581845092773 61.6535299682617 61.6542347717285 61.6535299682617 61.6535299682617 61.6542347717285 61.6535299682617 55.2248623657227 6.67433736801148 6.67426103591919 6.67426103591919 29.8040315628052 48.4155638122559 48.4155638122559 48.4161175537109 48.4155638122559 48.8174703979492 67.8814138793945
115.258763122559 115.26140045166 115.26140045166 115.258763122559 115.26140045166 115.26140045166 106.416237182617 91.7362713623047 91.7362713623047 91.7341735839844 91.7362713623047 91.7362713623047 91.7341735839844 91.7362713623047 91.7362713623047 91.7341735839844 91.7362713623047 75.307693939209 42.8001161193848 42.774446105957 42.7739566040039 42.7744459533691 42.7739566040039 42.7739566040039 42.6933074951172 37.5167121124268 34.1630174255371 31.8299044036865 31.8295401763916 31.8295401763916 32.3474912261963 46.4371369171143 61.6590588378906 61.659764251709 61.6590588378906 61.6590588378906 61.659764251709 61.6590588378906 61.5629536437988 13.4171379089355 6.67485967636108 17.9672398948669 48.2463238525391 48.4199031066895 48.4199031066895 48.4204565429688 48.4199031066895 52.3990336608887 68.1182186889648
115.270350646973 115.272989807129 115.272989807129 115.270350646973 115.272989807129 112.851933898926 96.3538986206055 91.7454962158203 91.7454962158203 91.7433959960938 91.7454962158203 91.7454962158203 91.7433959960938 91.7454962158203 91.7454962158203 91.7433959960938 91.7454962158203 56.3809257507324 42.7777679443359 42.7787469482422 42.7782574462891 42.7787469482422 42.7782574462891 42.7782574462891 42.7787469482422 42.7782574462891 42.1706594848633 37.3384205627441 41.5891022491455 54.5544227600098 56.3500138092041 61.6652589416504 61.6652589416504 61.6659655761719 61.6652589416504 61.6652589416504 61.6659655761719 61.6652589416504 61.6652589416504 38.1976348114014 27.9703951835632 31.5741829681396 46.0985150909424 48.4247738647461 48.4247738647461 48.4253282165527 48.4247738647461 56.3162057495117 68.1250701904297
115.283209228516 115.285847473145 115.285847473145 115.283209228516 115.285847473145 111.233372802734 446.257332458496 995.855087890625 107.28577911377 91.7536239624023 91.7557241821289 91.7557241821289 91.7536239624023 91.7557241821289 91.7557241821289 91.7536239624023 91.7557241821289 88.5626885986328 50.5426792907715 42.7835202026367 42.7830303955078 42.7835198974609 42.7830303955078 42.7830303955078 42.7835198974609 42.7830303955078 42.7830303955078 48.1474952697754 61.6721382141113 61.6721382141113 61.6728439331055 61.6721382141113 61.6721382141113 61.6728439331055 61.6721382141113 61.6721382141113 60.6428004455566 48.6750389099121 35.766381149292 30.6751049041748 30.594294052124 30.594294052124 45.3524183654785 50.0562303161621 59.5102346801758 55.044768371582 49.5703437805176 65.5451513671875 68.1553210449219
6212.55309661865 1455.47801605225 115.296000366211 115.293362426758 115.296000366211 115.296000366211 380.512948303223 824.407539367676 98.7259268188477 91.7617065429688 91.7638061523437 91.7638061523437 91.7617065429688 91.7638061523437 91.7638061523437 91.7617065429688 91.7638061523437 88.7587785339355 46.3635816955566 65.6933238220215 93.3433474731445 44.8911595153809 42.7867958068848 42.7867958068848 42.7872856140137 42.7867958068848 45.3995416259766 60.2799243164063 72.1518121337891 257.38504119873 61.6782734680176 60.024443359375 49.6269082641602 45.8945826721191 43.4800180053711 38.1116066741943 31.9975048065186 30.5969869995117 30.5969869995117 30.5973374176025 30.5969869995117 30.5969869995117 45.6757110595703 76.4467233276367 98.3275750732422 98.3287005615234 98.3275750732422 97.7004568481445 97.5586810302734
5982.33269927978 539.196469726563 115.307409973145 115.304772949219 115.307409973145 115.307409973145 109.513587341309 91.7728869628906 91.7728869628906 91.7707870483398 91.7728869628906 91.7728869628906 91.7707870483398 91.7728869628906 91.7728869628906 91.7707870483398 91.7786935424805 93.5801538085937 99.462900390625 112.223927307129 86.5990628051758 51.3273690795898 45.5419424438477 42.7910319519043 42.7915213012695 42.7910319519043 54.5881344604492 61.6843800354004 256.526031036377 1137.56747314453 62.4362634277344 45.2622471618652 30.6000172424316 30.6003671264648 30.6000172424316 30.6000172424316 30.6003671264648 30.6000172424316 30.6000172424316 30.6003671264648 46.1030233001709 45.7601811218262 48.5252668762207 93.0390393066406 98.3373114013672 98.3384350585937 98.3373114013672 98.3373114013672 98.3384350585937
115.317437744141 115.320076599121 115.320076599121 107.302418365479 55.675525970459 57.9282319641113 69.499672164917 91.7829727172852 91.7829727172852 91.7808715820313 91.7829727172852 91.7829727172852 91.7808715820313 91.7829727172852 91.7829727172852 91.7808715820313 98.2677520751953 112.236257019043 112.233689880371 112.236257019043 72.7246989440918 61.6911560058594 61.689427947998 58.7096128845215 50.5775491333008 42.8260478210449 54.3865812683106 61.6911560058594 61.6904495239258 61.6904495239258 61.6911560058594 61.177147064209 58.030085144043 51.5674195098877 30.792084274292 30.6033786773682 30.6037288665771 30.6033786773682 30.6033786773682 37.4368936920166 99.7605683898926 103.356056518555 84.5186242675781 98.3481161499023 98.3481161499023 98.3492413330078 98.3481161499023 98.3481161499023 98.3492413330078
111.656737976074 115.330054016113 115.330054016113 52.6249242401123 28.6749278259277 28.6749278259277 53.581088180542 91.7909078979492 91.7909078979492 91.7888076782227 91.7909078979492 91.7909078979492 91.7888076782227 91.7909078979492 91.7909078979492 91.8355654907227 105.984353027344 112.245958251953 112.243388366699 112.245958251953 101.564920959473 61.6964918518066 61.6957858276367 61.6957858276367 61.6964918518066 58.3435409545898 61.1066040039062 61.6964918518066 61.6957858276367 65.4637916564941 122.649697418213 129.474295043945 109.571225357056 47.3448223876953 30.8181408691406 30.6060256195068 30.6063757324219 30.6060256195068 76.7403043365479 96.6378657531738 103.364991149902 103.364991149902 100.275409545898 98.3566207885742 98.3566207885742 98.3577453613281 98.3566207885742 98.3566207885742 98.3577453613281
83.2705310058594 112.074049682617 111.048053588867 31.4179513549805 28.6777195739746 28.6777195739746 687.108775482178 596.148718261719 91.7998446655273 95.9588720703125 102.81679473877 92.1160595703125 97.9941223144531 91.7998446655273 91.7998446655273 94.4391268920898 112.25688659668 112.25688659668 112.254318237305 112.25688659668 103.494270935059 61.7024974060059 61.7017915344238 61.7017915344238 61.7024974060059 61.7017915344238 61.7017915344238 61.7024974060059 72.7659031677246 82.8318560791016 200.808566894531 200.806270141602 183.319542388916 57.814084777832 30.6090044403076 30.6090044403076 30.6093548583984 49.8107906341553 103.181062011719 103.376231689453 103.375048217773 103.375048217773 103.079017028809 100.915619506836 98.4222186279297 98.3673193359375 98.3661944580078 98.3661944580078 98.3673193359375
