Scripts_&_data/B6_all_seraphim_analyses/Environmental_files/LASV_rasters/Pop_density_all_0.04.asc
NCOLS 816 
NROWS 336 
XLLCORNER -17.0000652 
YLLCORNER 1.9999752 
CELLSIZE 0.04166665 
NODATA_value -9999 
[rows 198 to 219 of 336, columns 588 to 636 of 816]
91.5873413085938 91.5883865356445 91.5873413085938 91.5873413085938 91.5883865356445 93.462760925293 97.5727462768555 97.5738677978516 97.5727462768555 97.5727462768555 97.5738677978516 97.5727462768555 97.2947082519531 88.7961578369141 88.7416763305664 88.7416763305664 88.7396469116211 88.7416763305664 88.7416763305664 88.7396469116211 109.958755493164 151.638626098633 151.528366088867 1282.14025878906 1964.56921386719 1649.31994628906 549.847412109375 96.0106658935547 39.7697715759277 63.8925514221191 116.366302490234 116.363639831543 116.287178039551 109.855262756348 99.7814636230469 55.4236335754395 68.6096649169922 76.0417633056641 76.0810775756836 76.0810775756836 47.8535842895508 71.1720352172852 76.0810775756836 76.0793380737305 76.0810775756836 92.743049621582 180.210098266602 180.214218139648 180.214218139648
91.5974044799805 91.5984497070312 91.5974044799805 91.5974044799805 91.5984497070312 91.9469909667969 97.5834655761719 97.584587097168 97.5834655761719 97.5834655761719 97.584587097168 97.5834655761719 97.788444519043 91.5307540893555 88.7514266967773 88.7514266967773 88.749397277832 88.7514266967773 88.7514266967773 88.749397277832 85.4030227661133 129.89338684082 151.651809692383 385.263885498047 1313.63415527344 1636.79724121094 151.236785888672 99.6628036499023 64.4779968261719 76.9352798461914 116.379081726074 116.376419067383 116.379081726074 124.354820251465 138.990997314453 69.1796798706055 67.3364791870117 74.6193161010742 76.0894317626953 76.0894317626953 76.0876922607422 76.0894317626953 76.0894317626953 76.0876922607422 76.0894317626953 83.421516418457 178.397125244141 180.234024047852 180.234024047852
91.6053237915039 91.6063690185547 91.6053237915039 91.6053237915039 91.6063690185547 92.6557846069336 97.591911315918 97.5930252075195 97.591911315918 97.591911315918 97.5930252075195 101.273025512695 115.324325561523 102.148628234863 88.7590942382812 88.7590942382812 88.7570648193359 88.7590942382812 88.7590942382812 84.7762298583984 64.5627288818359 65.2272567749023 100.909049987793 149.924545288086 151.668395996094 137.668914794922 86.9893112182617 64.4850463867188 64.4835662841797 80.0531539916992 116.389152526855 116.386489868164 116.389152526855 129.320205688477 139.003005981445 96.5464706420898 61.0885047912598 78.0753555297852 77.7558212280273 76.0960083007812 76.0942687988281 76.0960083007812 76.0960083007812 76.0942687988281 76.0960083007812 76.0960083007812 132.335144042969 180.249603271484 180.249603271484
91.6142425537109 91.6152877807617 91.6142425537109 91.6142425537109 91.6152877807617 93.0511703491211 97.6014099121094 97.6025314331055 97.6014099121094 97.9124984741211 105.944847106934 117.759506225586 119.206832885742 102.158576965332 88.7677383422852 88.7677383422852 88.7657089233398 88.7677383422852 84.2489318847656 68.1343231201172 64.491325378418 64.491325378418 64.4898452758789 70.7688369750977 74.9190444946289 65.3616561889648 64.491325378418 64.491325378418 65.0213394165039 102.532791137695 116.400482177734 116.397819519043 116.400482177734 130.876861572266 139.016540527344 132.900756835938 101.43660736084 135.30305480957 128.112396240234 82.0890197753906 76.101676940918 76.1034240722656 76.1034240722656 76.101676940918 76.1034240722656 76.1034240722656 76.4349212646484 152.183685302734 180.267150878906
91.6241607666016 91.6252059936523 91.6241607666016 91.6241607666016 91.6252059936523 92.9163665771484 97.6119766235352 97.6130905151367 100.948143005371 115.450294494629 119.219734191895 119.218376159668 119.219741821289 102.575424194336 88.7773513793945 88.7773513793945 88.7753219604492 84.3390579223633 65.7413558959961 64.496826171875 64.4983062744141 64.4983062744141 64.496826171875 64.4983062744141 64.4983062744141 64.496826171875 64.4983062744141 67.2105712890625 101.758712768555 116.413078308105 116.413078308105 116.410415649414 116.413078308105 130.891036987305 139.031600952148 138.866836547852 107.188400268555 110.265014648438 107.926597595215 96.3118286132812 68.0076904296875 76.1116638183594 76.1116638183594 76.1099166870117 76.1116638183594 76.1116638183594 76.1099166870117 81.4452590942383 156.200866699219
91.6319351196289 91.6329803466797 91.6319351196289 91.6319351196289 91.6329803466797 91.8344650268555 97.6202545166016 101.321357727051 117.136940002441 119.228492736816 119.229850769043 119.228492736816 119.229850769043 114.046195983887 88.7848815917969 88.7848815917969 88.782844543457 75.7418212890625 64.503776550293 64.5023040771484 64.503776550293 64.503776550293 64.5023040771484 64.503776550293 64.503776550293 64.5023040771484 64.503776550293 91.2322463989258 116.420295715332 116.422958374023 116.422958374023 116.420295715332 116.422958374023 122.850257873535 123.64217376709 122.757293701172 124.065338134766 130.114700317383 138.853591918945 139.046569824219 96.6339721679688 109.884925842285 105.724105834961 79.1658477783203 76.1181182861328 76.1181182861328 76.1163711547852 76.1181182861328 81.4522323608398
91.6407012939453 91.6417541503906 91.6407012939453 91.6407012939453 91.6417541503906 91.6407012939453 104.570823669434 118.504844665527 119.239898681641 119.239898681641 119.241264343262 119.239898681641 119.241264343262 118.848892211914 90.5595321655273 88.7933807373047 82.4874420166016 65.4618759155273 64.5099563598633 64.5084762573242 64.5099563598633 64.5099563598633 64.5084762573242 64.5099563598633 64.5099563598633 64.5084762573242 71.8001937866211 114.876449584961 116.431442260742 116.434104919434 116.434104919434 116.431442260742 116.434104919434 116.434104919434 116.431442260742 116.434104919434 116.434104919434 116.431442260742 124.416282653809 138.770278930664 121.803077697754 133.360961914062 139.136901855469 129.254119873047 79.755126953125 76.1253967285156 76.1236572265625 76.1253967285156 76.1253967285156
91.6504821777344 91.6515350341797 94.9061584472656 505.105407714844 91.6515350341797 91.6504821777344 108.299850463867 119.25399017334 119.252624511719 119.252624511719 119.25399017334 119.252624511719 119.25399017334 119.251258850098 101.948066711426 78.2591934204102 65.0625610351562 64.5168380737305 64.5168380737305 64.5153579711914 64.5168380737305 64.5168380737305 64.5153579711914 64.5168380737305 64.5168380737305 64.4111480712891 80.8805770874023 116.446533203125 116.443862915039 116.446533203125 116.446533203125 116.443862915039 116.446533203125 116.446533203125 116.443862915039 116.446533203125 116.446533203125 116.443862915039 116.446533203125 128.919189453125 132.273849487305 126.932456970215 139.151733398438 136.056594848633 79.7634963989258 76.1335220336914 76.1317825317383 76.1335220336914 76.1335220336914
91.6581115722656 91.6591567993164 857.527770996094 2530.17309570312 92.9122695922852 91.6581115722656 92.2096405029297 107.977714538574 118.732528686523 119.262550354004 119.263916015625 119.262550354004 119.26390838623 119.261184692383 109.844284057617 65.7242889404297 64.5207290649414 64.5222015380859 64.5222015380859 64.5207290649414 64.5222015380859 64.5222015380859 64.5207290649414 64.5222015380859 64.5222015380859 60.0847663879395 67.6899185180664 116.456214904785 116.453552246094 116.456214904785 116.456214904785 116.453552246094 116.456214904785 116.456214904785 116.453552246094 120.795265197754 555.341186523438 118.595314025879 116.456214904785 117.614852905273 120.005790710449 122.321655273438 124.222610473633 115.114974975586 76.1398620605469 76.1398620605469 76.1381149291992 76.1398620605469 76.1398620605469
91.6667327880859 91.6677856445312 91.6667327880859 91.6667327880859 91.6677856445312 91.6667327880859 91.6667327880859 91.6677856445312 113.266578674316 119.273773193359 119.27513885498 119.273773193359 119.27513885498 119.272407531738 119.27513885498 81.6907043457031 64.5268020629883 64.5282745361328 64.5282745361328 64.5268020629883 64.5282745361328 64.5282745361328 64.5268020629883 64.5282745361328 61.2448654174805 56.4098320007324 63.5948638916016 116.467178344727 116.464508056641 116.467178344727 116.467178344727 116.464508056641 116.467178344727 116.467178344727 225.055862426758 1683.51525878906 1975.09838867188 1014.14044189453 116.467178344727 117.626014709473 134.02685546875 139.099380493164 137.670623779297 71.3112564086914 76.1251068115234 76.1470260620117 76.1452789306641 76.1470260620117 76.1470260620117
91.6763687133789 91.6774139404297 91.6763687133789 91.6763687133789 91.6774139404297 91.6763687133789 91.6763687133789 95.0507583618164 118.932907104492 119.286308288574 119.287673950195 119.286308288574 119.287673950195 119.284942626953 119.287673950195 102.555130004883 64.5773773193359 64.5350570678711 64.5350570678711 64.533576965332 64.5350570678711 64.5350570678711 64.533576965332 62.9681167602539 56.5668983459473 56.3897018432617 60.4288215637207 116.178955078125 116.476745605469 116.479415893555 116.479415893555 116.476745605469 116.479415893555 116.479415893555 119.261924743652 1562.41772460938 1972.35974121094 555.281372070312 117.487449645996 133.881042480469 139.110809326172 139.113998413086 139.113998413086 102.346664428711 59.8525352478027 76.155029296875 76.1532821655273 76.155029296875 76.155029296875
94.5702285766602 116.724006652832 145.480484008789 172.991989135742 163.459259033203 119.856788635254 96.5994033813477 107.665542602539 119.296043395996 119.296043395996 119.297401428223 119.296043395996 119.297409057617 119.294677734375 119.297409057617 119.297409057617 94.0637359619141 64.5841445922852 64.5403213500977 64.5388488769531 64.5403213500977 64.5403213500977 64.5388488769531 59.2267189025879 56.3955917358398 56.3943023681641 56.3955917358398 104.674476623535 116.486251831055 116.488922119141 116.488922119141 116.486251831055 117.908813476562 129.298858642578 139.163223266602 276.196228027344 406.605560302734 116.55867767334 130.565841674805 139.125350952148 139.122177124023 139.125350952148 139.125350952148 135.218399047852 66.0312805175781 76.1612396240234 76.1595001220703 76.1612396240234 76.1612396240234
177.035720825195 177.037750244141 177.035720825195 177.035720825195 177.037750244141 177.035720825195 173.497863769531 123.107833862305 119.307075500488 119.307075500488 119.308441162109 119.307075500488 119.308441162109 119.305709838867 119.308441162109 119.308441162109 119.305709838867 84.9913101196289 64.5462951660156 64.5448150634766 64.5462951660156 64.5462951660156 64.5448150634766 58.6815910339355 56.4008102416992 56.3995208740234 56.4008102416992 82.4918441772461 116.497032165527 116.499694824219 116.499694824219 118.455261230469 134.950225830078 139.702026367188 139.698837280273 139.702026367188 136.547576904297 125.094039916992 139.138214111328 139.138214111328 139.135040283203 139.138214111328 134.635711669922 70.8614654541016 68.0328598022461 76.1682891845703 76.1665420532227 76.1682891845703 76.1682891845703
177.05403137207 177.056045532227 177.05403137207 177.05403137207 177.056045532227 176.690933227539 170.491958618164 148.921829223633 122.576995849609 119.31941986084 119.320785522461 119.31941986084 119.320785522461 119.318054199219 119.320785522461 119.320785522461 119.318054199219 115.786544799805 71.7416610717773 64.5514907836914 64.5529708862305 64.5529708862305 64.5514907836914 58.583251953125 56.4066429138184 56.4053535461426 56.4066429138184 56.4226875305176 80.1447525024414 114.389762878418 120.691703796387 137.625228881836 139.71647644043 139.71647644043 139.713287353516 139.71647644043 139.71647644043 139.021392822266 139.152618408203 139.152618408203 139.149429321289 139.152618408203 119.957374572754 112.387977600098 95.604248046875 76.1761627197266 76.1744232177734 76.1761627197266 76.1761627197266
177.06819152832 177.070205688477 177.06819152832 198.905212402344 222.783447265625 163.973876953125 160.858795166016 160.860641479492 158.849151611328 141.34033203125 122.586456298828 119.328964233398 119.33032989502 119.327598571777 119.33032989502 119.33032989502 119.327598571777 119.396049499512 94.4600448608398 65.1956253051758 64.5581359863281 64.5581359863281 64.5566558837891 57.1540985107422 56.4111557006836 56.4098625183105 56.4111557006836 56.4111557006836 56.4098625183105 65.5115203857422 132.473724365234 139.724456787109 139.727661132812 139.727661132812 139.724456787109 139.727661132812 139.727661132812 139.724456787109 139.447738647461 139.165771484375 139.160568237305 139.164428710938 127.758895874023 124.065101623535 139.31005859375 104.87361907959 78.0704193115234 76.2480697631836 76.182258605957
177.084289550781 177.086318969727 205.951629638672 278.661804199219 281.677124023438 227.458908081055 160.873413085938 160.875259399414 160.873413085938 160.873413085938 158.449722290039 128.676666259766 119.341178894043 119.338447570801 119.341178894043 119.341178894043 119.338447570801 123.822425842285 128.469192504883 116.503791809082 96.4456634521484 71.5373916625977 64.353645324707 56.6248893737793 56.4162826538086 56.4149932861328 56.4162826538086 56.4162826538086 56.4149932861328 56.4162826538086 73.4809494018555 134.337936401367 139.740356445312 139.740356445312 139.737167358398 139.740356445312 139.740356445312 139.737167358398 139.740356445312 139.688934326172 139.669494628906 139.682846069336 139.740356445312 112.061454772949 117.07706451416 113.347862243652 81.0237045288086 77.9219360351562 76.1891860961914
375.748626708984 177.104339599609 256.933746337891 281.702575683594 281.705810546875 246.859786987305 160.889801025391 160.891647338867 160.889801025391 160.889801025391 160.891647338867 155.440139770508 122.543556213379 119.350601196289 119.353332519531 119.353332519531 121.311477661133 128.276550292969 128.482269287109 128.47932434082 128.482269287109 126.43782043457 73.683479309082 56.4220275878906 56.4220275878906 56.4207382202148 56.4220275878906 56.4220275878906 56.4207382202148 56.4220275878906 56.4220275878906 73.35302734375 119.753837585449 139.564163208008 150.993026733398 150.351501464844 143.875717163086 139.751388549805 139.754592895508 139.754592895508 139.751388549805 139.754592895508 139.754592895508 139.751388549805 114.986854553223 61.9717597961426 65.6873931884766 79.6560516357422 77.6920013427734
666.024047851562 269.216369628906 265.433959960938 281.724639892578 279.311218261719 194.87663269043 160.902404785156 160.904251098633 160.902404785156 154.486358642578 138.356674194336 127.896759033203 115.942985534668 117.049812316895 121.393898010254 125.137130737305 128.178298950195 128.492340087891 128.492340087891 128.489395141602 128.492340087891 128.492340087891 101.672393798828 56.4264526367188 56.4264526367188 56.4251594543457 56.4264526367188 56.4264526367188 56.4251594543457 56.4264526367188 56.4264526367188 56.4251594543457 56.4264526367188 123.100761413574 244.175338745117 244.503616333008 243.382369995117 240.68586730957 240.691375732422 240.691375732422 172.057952880859 139.765548706055 139.765548706055 121.139274597168 82.7322998046875 81.5683670043945 81.5664978027344 81.5683670043945 79.8049240112305
642.547729492188 365.709197998047 281.749816894531 281.749816894531 271.264801025391 194.847106933594 160.916778564453 160.91862487793 148.592407226562 112.363349914551 112.01252746582 112.011245727539 112.01252746582 113.118041992188 128.499404907227 128.503799438477 128.500869750977 128.503799438477 128.503799438477 128.500869750977 128.503799438477 128.503799438477 128.413772583008 74.4096069335938 56.4314918518066 56.4301986694336 56.4314918518066 56.4314918518066 56.4301986694336 56.4314918518066 56.4314918518066 56.4301986694336 56.4314918518066 56.4314918518066 148.333221435547 244.917907714844 244.917907714844 244.912292480469 244.917907714844 244.917907714844 217.829437255859 139.778030395508 121.10620880127 82.7376861572266 81.5756454467773 81.5756454467773 81.5737838745117 81.5756454467773 81.5756454467773
251.016967773438 207.753799438477 266.193115234375 281.778045654297 281.781280517578 232.230926513672 160.932907104492 160.93473815918 150.733291625977 112.022468566895 112.023750305176 112.022468566895 112.023750305176 112.021186828613 125.547813415527 128.516693115234 128.513748168945 128.516693115234 128.516693115234 128.513748168945 128.516693115234 128.516693115234 128.513748168945 108.661666870117 56.590934753418 56.4358558654785 56.4371452331543 136.862640380859 159.770782470703 56.4371452331543 56.4371452331543 56.4358558654785 56.4371452331543 56.4371452331543 62.5427322387695 225.939804077148 244.942443847656 244.93684387207 244.942443847656 244.942443847656 201.874252319336 92.3870239257812 81.9563674926758 81.5819549560547 81.5838241577148 81.5838241577148 81.5819549560547 81.5838241577148 81.5838241577148
204.489395141602 204.491744995117 209.499420166016 268.441162109375 281.802917480469 196.427764892578 160.945266723633 160.94709777832 160.932144165039 122.242134094238 112.032348632812 112.031066894531 112.032348632812 112.02978515625 121.939727783203 128.526565551758 128.523620605469 128.526565551758 128.526565551758 128.523620605469 128.526565551758 128.526565551758 128.523620605469 128.526565551758 83.5372467041016 56.4401893615723 74.5513076782227 1824.30102539062 1902.8955078125 179.629180908203 56.4414825439453 56.4401893615723 56.4414825439453 56.4414825439453 56.4401893615723 192.853393554688 244.96125793457 244.955657958984 244.96125793457 244.96125793457 139.721649169922 81.590087890625 81.590087890625 81.5882186889648 81.590087890625 81.590087890625 81.5882186889648 81.590087890625 81.590087890625
298.196228027344 233.096069335938 204.50732421875 214.956314086914 265.497680664062 239.763626098633 185.487548828125 199.294479370117 177.990844726562 117.674774169922 112.042167663574 112.040885925293 112.042167663574 112.039596557617 116.612838745117 126.004058837891 128.429321289062 128.537826538086 128.537826538086 128.534881591797 128.537826538086 128.537826538086 128.534881591797 128.537826538086 124.447387695312 81.1585693359375 62.7774467468262 974.298095703125 1084.61694335938 142.094024658203 124.58048248291 108.942245483398 82.9295196533203 67.4713134765625 75.3850860595703 236.008148193359 244.98274230957 244.977127075195 244.98274230957 244.98274230957 95.2509613037109 81.5972366333008 81.5972366333008 81.5953674316406 81.5972366333008 81.5972366333008 81.5953674316406 81.5972366333008 81.5972366333008
