Scripts_&_data/B6_all_seraphim_analyses/Environmental_files/LASV_rasters/Pop_density_NGA_0.04.asc
NCOLS 408 
NROWS 336 
XLLCORNER -7.19999999887477e-05 
YLLCORNER 1.9999752 
CELLSIZE 0.04166665 
NODATA_value -3.4e+38 
[rows 0 to 19 of 336, columns 92 to 137 of 408]
0.527019309997559 0.527019309997559 0.527016294002533 0.640644681453705 1.15188454627991 1.17328084945679 1.17326743125916 1.17326743125916 1.17328084945679 1.17326743125916 1.17326743125916 1.17328084945679 1.17326743125916 1.17326743125916 1.17328084945679 1.17326743125916 1.17326743125916 1.17328084945679 1.17326743125916 1.17326743125916 1.17328084945679 1.17326743125916 1.17326743125916 1.17328084945679 1.17326743125916 1.17326743125916 1.17328084945679 1.17326743125916 1.17326743125916 1.17328084945679 1.17326743125916 1.17326743125916 1.17328084945679 1.17326743125916 1.17326743125916 1.17328084945679 1.17326743125916 1.17326743125916 1.17328084945679 1.17326743125916 1.17326743125916 1.17328084945679 1.17326743125916 1.17326743125916 1.17328084945679 1.17326743125916
0.527116916179657 0.527116916179657 0.72456639289856 1.16577224731445 1.17348470211029 1.17349814414978 1.17348470211029 1.17348470211029 1.17349814414978 1.17348470211029 1.17348470211029 1.17349814414978 1.17348470211029 1.17348470211029 1.17349814414978 1.17348470211029 1.17348470211029 1.17349814414978 1.17348470211029 1.17348470211029 1.17349814414978 1.17348470211029 1.17348470211029 1.17349814414978 1.17348470211029 1.17348470211029 1.17349814414978 1.17348470211029 1.17348470211029 1.17349814414978 1.17348470211029 1.17348470211029 1.17349814414978 1.17348470211029 1.17348470211029 1.17349814414978 1.17348470211029 1.17348470211029 1.17349814414978 1.17348470211029 1.17348470211029 1.17349814414978 1.17348470211029 1.17348470211029 1.17349814414978 1.17348470211029
0.527238383293152 0.527238383293152 1.01568734169006 1.17376180648804 1.17375507831573 1.17376850605011 1.17375507831573 1.17375507831573 1.17376850605011 1.17375507831573 1.17375507831573 1.17376850605011 1.17375507831573 1.17375507831573 1.17376850605011 1.17375507831573 1.17375507831573 1.17376850605011 1.17375507831573 1.17375507831573 1.17376850605011 1.17375507831573 1.17375507831573 1.17376850605011 1.17375507831573 1.17375507831573 1.17376850605011 1.17375507831573 1.17375507831573 1.17376850605011 1.17375507831573 1.17375507831573 1.17376850605011 1.17375507831573 1.17375507831573 1.17376850605011 1.17375507831573 1.17375507831573 1.17376850605011 1.17375507831573 1.17375507831573 1.17376850605011 1.17375507831573 1.17375507831573 1.17376850605011 1.17375507831573
0.527347512245178 0.572679312229156 1.17196656227112 1.17400472164154 1.17399799346924 1.17401143550873 1.17399799346924 1.17399799346924 1.17401143550873 1.17399799346924 1.17399799346924 1.17401143550873 1.17399799346924 1.17399799346924 1.17401143550873 1.17399799346924 1.17399799346924 1.17401143550873 1.17399799346924 1.17399799346924 1.17401143550873 1.17399799346924 1.17399799346924 1.17401143550873 1.17399799346924 1.17399799346924 1.17401143550873 1.17399799346924 1.17399799346924 1.17401143550873 1.17399799346924 1.17399799346924 1.17401143550873 1.17399799346924 1.17399799346924 1.17401143550873 1.17399799346924 1.17399799346924 1.17401143550873 1.17399799346924 1.17399799346924 1.17401143550873 1.17399799346924 1.17399799346924 1.17401143550873 1.17399799346924
0.527444245815277 0.640014970302582 1.17421338558197 1.1742201089859 1.17421337127686 1.1742268037796 1.17421337127686 1.17421337127686 1.1742268037796 1.17421337127686 1.17421337127686 1.1742268037796 1.17421337127686 1.17421337127686 1.1742268037796 1.17421337127686 1.17421337127686 1.1742268037796 1.17421337127686 1.17421337127686 1.1742268037796 1.17421337127686 1.17421337127686 1.1742268037796 1.17421337127686 1.17421337127686 1.1742268037796 1.17421337127686 1.17421337127686 1.1742268037796 1.17421337127686 1.17421337127686 1.1742268037796 1.17421337127686 1.17421337127686 1.1742268037796 1.17421337127686 1.17421337127686 1.1742268037796 1.17421337127686 1.17421337127686 1.1742268037796 1.17421337127686 1.17421337127686 1.1742268037796 1.17421337127686
0.527564883232117 0.719253318309784 1.17448193073273 1.17448864936829 1.17448194503784 1.17449539661407 1.17448194503784 1.17448194503784 1.17449539661407 1.17448194503784 1.17448194503784 1.17449539661407 1.17448194503784 1.17448194503784 1.17449539661407 1.17448194503784 1.17448194503784 1.17449539661407 1.17448194503784 1.17448194503784 1.17449539661407 1.17448194503784 1.17448194503784 1.17449539661407 1.17448194503784 1.17448194503784 1.17449539661407 1.17448194503784 1.17448194503784 1.17449539661407 1.17448194503784 1.17448194503784 1.17449539661407 1.17448194503784 1.17448194503784 1.17449539661407 1.17448194503784 1.17448194503784 1.17449539661407 1.17448194503784 1.17448194503784 1.17449539661407 1.17448194503784 1.17448194503784 1.17449539661407 1.17448194503784
0.52767317533493 0.905005598068237 1.1747230386734 1.17472974300385 1.17472305774689 1.17473648548126 1.17472305774689 1.17472305774689 1.17473648548126 1.17472305774689 1.17472305774689 1.17473648548126 1.17472305774689 1.17472305774689 1.17473648548126 1.17472305774689 1.17472305774689 1.17473648548126 1.17472305774689 1.17472305774689 1.17473648548126 1.17472305774689 1.17472305774689 1.17473648548126 1.17472305774689 1.17472305774689 1.17473648548126 1.17472305774689 1.17472305774689 1.17473648548126 1.17472305774689 1.17472305774689 1.17473648548126 1.17472305774689 1.17472305774689 1.17473648548126 1.17472305774689 1.17472305774689 1.17473648548126 1.17472305774689 1.17472305774689 1.17473648548126 1.17472305774689 1.17472305774689 1.17473648548126 1.17472305774689
5.62363881587982 2.10002552032471 1.1749365234375 1.17494326591492 1.17493648529053 1.17494993209839 1.17493648529053 1.17493648529053 1.17494993209839 1.17493648529053 1.17493648529053 1.17494993209839 1.17493648529053 1.17493648529053 1.17494993209839 1.17493648529053 1.17493648529053 1.17494993209839 1.17493648529053 1.17493648529053 1.17494993209839 1.17493648529053 1.17493648529053 1.17494993209839 1.17493648529053 1.17493648529053 1.17494993209839 1.17493648529053 1.17493648529053 1.17494993209839 1.17493648529053 1.17493648529053 1.17494993209839 1.17493648529053 1.17493648529053 1.17494993209839 1.17493648529053 1.17493648529053 1.17494993209839 1.17493648529053 1.17493648529053 1.17494993209839 1.17493648529053 1.17493648529053 1.17494993209839 1.17493648529053
16.8289286804199 8.53795487880707 1.17520321846008 1.1752099609375 1.17520319461823 1.1752166557312 1.17520319461823 1.17520319461823 1.1752166557312 1.17520319461823 1.17520319461823 1.1752166557312 1.17520319461823 1.17520319461823 1.1752166557312 1.17520319461823 1.17520319461823 1.1752166557312 1.17520319461823 1.17520319461823 1.1752166557312 1.17520319461823 1.17520319461823 1.1752166557312 1.17520319461823 1.17520319461823 1.1752166557312 1.17520319461823 1.17520319461823 1.1752166557312 1.17520319461823 1.17520319461823 1.1752166557312 1.17520319461823 1.17520319461823 1.1752166557312 1.17520319461823 1.17520319461823 1.1752166557312 1.17520319461823 1.17520319461823 1.1752166557312 1.17520319461823 1.17520319461823 1.1752166557312 1.17520319461823
16.8323540496826 14.9233163690567 1.35931813716888 1.17544911384583 1.17544244289398 1.17545589923859 1.17544244289398 1.17544244289398 1.17545589923859 1.17544244289398 1.17544244289398 1.17545589923859 1.17544244289398 1.17544244289398 1.17545589923859 1.17544244289398 1.17544244289398 1.17545589923859 1.17544244289398 1.17544244289398 1.17545589923859 1.17544244289398 1.17544244289398 1.17545589923859 1.17544244289398 1.17544244289398 1.17545589923859 1.17544244289398 1.17544244289398 1.17545589923859 1.17544244289398 1.17544244289398 1.17545589923859 1.17544244289398 1.17544244289398 1.17545589923859 1.17544244289398 1.17544244289398 1.17545589923859 1.17544244289398 1.17544244289398 1.17545589923859 1.17544244289398 1.17544244289398 1.17545589923859 1.17544244289398
16.8353839874268 16.8353839874268 6.19771457672119 1.17566074371338 1.17565402030945 1.17566748142242 1.17565402030945 1.17565402030945 1.17566748142242 1.17565402030945 1.17565402030945 1.17566748142242 1.17565402030945 1.17565402030945 1.17566748142242 1.17565402030945 1.17565402030945 1.17566748142242 1.17565402030945 1.17565402030945 1.17566748142242 1.17565402030945 1.17565402030945 1.17566748142242 1.17565402030945 1.17565402030945 1.17566748142242 1.17565402030945 1.17565402030945 1.17566748142242 1.17565402030945 1.17565402030945 1.17566748142242 1.17565402030945 1.17565402030945 1.17566748142242 1.17565402030945 1.17565402030945 1.17566748142242 1.17565402030945 1.17565402030945 1.17566748142242 1.17565402030945 1.17565402030945 1.17566748142242 1.17565402030945
16.8391772460938 16.8391772460938 12.7353522777557 1.17592559337616 1.17591884613037 1.1759322977066 1.17591884613037 1.17591884613037 1.1759322977066 1.17591884613037 1.17591884613037 1.1759322977066 1.17591884613037 1.17591884613037 1.1759322977066 1.17591884613037 1.17591884613037 1.1759322977066 1.17591884613037 1.17591884613037 1.1759322977066 1.17591884613037 1.17591884613037 1.1759322977066 1.17591884613037 1.17591884613037 1.1759322977066 1.17591884613037 1.17591884613037 1.1759322977066 1.17591884613037 1.17591884613037 1.1759322977066 1.17591884613037 1.17591884613037 1.1759322977066 1.17591884613037 1.17591884613037 1.1759322977066 1.17591884613037 1.17591884613037 1.1759322977066 1.17591884613037 1.17591884613037 1.1759322977066 1.17591884613037
16.8425749969482 16.8425749969482 16.7954455184937 3.79199020385742 1.17615625858307 1.17616970539093 1.17615625858307 1.17615625858307 1.17616970539093 1.17615625858307 1.17615625858307 1.17616970539093 1.17615625858307 1.17615625858307 1.17616970539093 1.17615625858307 1.17615625858307 1.17616970539093 1.17615625858307 1.17615625858307 1.17616970539093 1.17615625858307 1.17615625858307 1.17616970539093 1.17615625858307 1.17615625858307 1.17616970539093 1.17615625858307 1.17615625858307 1.17616970539093 1.17615625858307 1.17615625858307 1.17616970539093 1.17615625858307 1.17615625858307 1.17616970539093 1.17615625858307 1.17615625858307 1.17616970539093 1.17615625858307 1.17615625858307 1.17616970539093 1.17615625858307 1.17615625858307 1.17616970539093 1.17615625858307
16.8455796051025 16.8455796051025 16.8454833221436 10.9325495672226 1.1763659620285 1.17637942314148 1.1763659620285 1.1763659620285 1.17637942314148 1.1763659620285 1.1763659620285 1.17637942314148 1.1763659620285 1.1763659620285 1.17637942314148 1.1763659620285 1.1763659620285 1.17637942314148 1.1763659620285 1.1763659620285 1.17637942314148 1.1763659620285 1.1763659620285 1.17637942314148 1.1763659620285 1.1763659620285 1.17637942314148 1.1763659620285 1.1763659620285 1.17637942314148 1.1763659620285 1.1763659620285 1.17637942314148 1.1763659620285 1.1763659620285 1.17637942314148 1.1763659620285 1.1763659620285 1.17637942314148 1.1763659620285 1.1763659620285 1.17637942314148 1.1763659620285 1.1763659620285 1.17637942314148 1.1763659620285
16.8493444061279 16.8493444061279 16.8492479705811 16.5820042800903 3.04174826145172 1.17664247512817 1.17662899971008 1.17662899971008 1.17664247512817 1.17662899971008 1.17662899971008 1.17664247512817 1.17662899971008 1.17662899971008 1.17664247512817 1.17662899971008 1.17662899971008 1.17664247512817 1.17662899971008 1.17662899971008 1.17664247512817 1.17662899971008 1.17662899971008 1.17664247512817 1.17662899971008 1.17662899971008 1.17664247512817 1.17662899971008 1.17662899971008 1.17664247512817 1.17662899971008 1.17662899971008 1.17664247512817 1.17662899971008 1.17662899971008 1.17664247512817 1.17662899971008 1.17662899971008 1.17664247512817 1.17662899971008 1.17662899971008 1.17664247512817 1.17662899971008 1.17662899971008 1.17664247512817 1.17662899971008
16.852716293335 16.852716293335 16.8526200866699 16.852716293335 9.08773645877838 1.17687783718109 1.17686437606812 1.17686437606812 1.17687783718109 1.17686437606812 1.17686437606812 1.17687783718109 1.17686437606812 1.17686437606812 1.17687783718109 1.17686437606812 1.17686437606812 1.17687783718109 1.17686437606812 1.17686437606812 1.17687783718109 1.17686437606812 1.17686437606812 1.17687783718109 1.17686437606812 1.17686437606812 1.17687783718109 1.17686437606812 1.17686437606812 1.17687783718109 1.17686437606812 1.17686437606812 1.17687783718109 1.17686437606812 1.17686437606812 1.17687783718109 1.17686437606812 1.17686437606812 1.17687783718109 1.17686437606812 1.17686437606812 1.17687783718109 1.17686437606812 1.17686437606812 1.17687783718109 1.17686437606812
16.8556939697266 16.8556939697266 16.8555975341797 16.8556939697266 15.4979356956482 1.65921831607819 1.17707223892212 1.17707223892212 1.17708570957184 1.17707223892212 1.17707223892212 1.17708570957184 1.17707223892212 1.17707223892212 1.17708570957184 1.17707223892212 1.17707223892212 1.17708570957184 1.17707223892212 1.17707223892212 1.17708570957184 1.17707223892212 1.17707223892212 1.17708570957184 1.17707223892212 1.17707223892212 1.17708570957184 1.17707223892212 1.17707223892212 1.17708570957184 1.17707223892212 1.17707223892212 1.17708570957184 1.17707223892212 1.17707223892212 1.17708570957184 1.17707223892212 1.17707223892212 1.17708570957184 1.17707223892212 1.17707223892212 1.17708570957184 1.17707223892212 1.17707223892212 1.17708570957184 1.17707223892212
16.8594316101074 16.8594316101074 16.8593351745605 16.8594316101074 16.8593354034424 7.15225691318512 1.17733338356018 1.17733338356018 1.17734685897827 1.17733338356018 1.17733338356018 1.17734685897827 1.17733338356018 1.17733338356018 1.17734685897827 1.17733338356018 1.17733338356018 1.17734685897827 1.17733338356018 1.17733338356018 1.17734685897827 1.17733338356018 1.17733338356018 1.17734685897827 1.17733338356018 1.17733338356018 1.17734685897827 1.17733338356018 1.17733338356018 1.17734685897827 1.17733338356018 1.17733338356018 1.17734685897827 1.17733338356018 1.17733338356018 1.17734685897827 1.17733338356018 1.17733338356018 1.17734685897827 1.17733338356018 1.17733338356018 1.17734685897827 1.17733338356018 1.17733338356018 1.17734685897827 1.17733338356018
16.8627770996094 16.8627770996094 16.8626806640625 16.8627770996094 16.8626808929443 13.8770727920532 1.18832744121552 1.17756700992584 1.17758048534393 1.17756700992584 1.17756700992584 1.17758048534393 1.17756700992584 1.17756700992584 1.17758048534393 1.17756700992584 1.17756700992584 1.17758048534393 1.17756700992584 1.17756700992584 1.17758048534393 1.17756700992584 1.17756700992584 1.17758048534393 1.17756700992584 1.17756700992584 1.17758048534393 1.17756700992584 1.17756700992584 1.17758048534393 1.17756700992584 1.17756700992584 1.17758048534393 1.17756700992584 1.17756700992584 1.17758048534393 1.17756700992584 1.17756700992584 1.17758048534393 1.17756700992584 1.17756700992584 1.17758048534393 1.17756700992584 1.17756700992584 1.17758048534393 1.17756700992584
16.8657270050049 16.8657270050049 16.865630569458 16.8657270050049 16.8656304931641 16.8658232879639 5.34818530082703 1.17777292728424 1.17778639793396 1.17777292728424 1.17777292728424 1.17778639793396 1.17777292728424 1.17777292728424 1.17778639793396 1.17777292728424 1.17777292728424 1.17778639793396 1.17777292728424 1.17777292728424 1.17778639793396 1.17777292728424 1.17777292728424 1.17778639793396 1.17777292728424 1.17777292728424 1.17778639793396 1.17777292728424 1.17777292728424 1.17778639793396 1.17777292728424 1.17777292728424 1.17778639793396 1.17777292728424 1.17777292728424 1.17778639793396 1.50850856781006 4.92438742160797 23.7065235233307 39.3237942695618 26.3136980390549 10.4326154375076 1.23226139068604 1.17777292728424 1.17778639793396 1.17777292728424
