Scripts_&_data/B6_all_seraphim_analyses/Environmental_files/LASV_rasters/Pop_density_all_0.04.asc
NCOLS 816 
NROWS 336 
XLLCORNER -17.0000652 
YLLCORNER 1.9999752 
CELLSIZE 0.04166665 
NODATA_value -9999 
[rows 66 to 87 of 336, columns 49 to 97 of 816]
31.5333652496338 31.5340881347656 31.5340881347656 31.5333652496338 31.5340881347656 31.5340881347656 31.5333652496338 31.5340881347656 31.5340881347656 31.5333652496338 31.5340881347656 31.5340881347656 31.5522727966309 63.7412528991699 317.512298583984 826.465515136719 124.192848205566 136.110580444336 488.435241699219 214.217758178711 109.745422363281 109.710639953613 103.486999511719 59.5855255126953 43.1459999084473 43.1469879150391 43.1469879150391 43.1459999084473 43.1469879150391 43.1469879150391 43.1459999084473 43.1469879150391 17.6660919189453 11.019998550415 11.0202512741089 11.0202512741089 11.019998550415 11.0202512741089 11.0202512741089 11.019998550415 11.0202512741089 11.0202512741089 11.019998550415 11.0202512741089 11.0202512741089 11.019998550415 11.0202512741089 11.0202512741089 11.019998550415
31.5380268096924 31.5387496948242 31.5387496948242 31.5380268096924 31.5387496948242 31.5387496948242 31.5380268096924 31.5387496948242 31.5387496948242 31.5380268096924 31.5387496948242 31.5387496948242 31.5380268096924 31.5387496948242 31.5387496948242 89.6238403320312 109.729370117188 109.729370117188 109.726852416992 109.729370117188 109.729370117188 109.726852416992 109.729370117188 105.458961486816 48.3999938964844 43.1533660888672 43.1533660888672 43.1523780822754 43.1533660888672 43.1533660888672 43.1523780822754 43.1533660888672 14.591287612915 11.0216274261475 11.0218801498413 11.0218801498413 11.0216274261475 11.0218801498413 11.0218801498413 11.0216274261475 11.0218801498413 11.0218801498413 11.0216274261475 11.0218801498413 11.0218801498413 11.0216274261475 11.0218801498413 11.0218801498413 11.0216274261475
31.5441188812256 31.5448398590088 31.5448398590088 31.5441188812256 31.5448398590088 31.5448398590088 31.5441188812256 31.5448398590088 31.5448398590088 31.5441188812256 31.5448398590088 31.5448398590088 31.5441188812256 31.5448398590088 31.5448398590088 61.690616607666 109.750556945801 109.750556945801 109.748046875 109.750556945801 114.913871765137 109.748046875 109.750556945801 109.750556945801 58.8503723144531 43.1616973876953 43.1616973876953 43.1607093811035 43.1616973876953 43.1616973876953 43.1607093811035 43.1616973876953 20.7198581695557 11.023756980896 11.0240097045898 11.0240097045898 11.023756980896 11.0240097045898 11.0240097045898 11.023756980896 11.0240097045898 11.0240097045898 11.023756980896 11.0240097045898 11.0240097045898 11.023756980896 11.0240097045898 11.0240097045898 11.023756980896
31.549467086792 31.5501899719238 31.5501899719238 31.549467086792 31.5501899719238 31.5501899719238 31.549467086792 31.5501899719238 31.5501899719238 31.549467086792 31.5501899719238 31.5501899719238 31.549467086792 31.5501899719238 31.5501899719238 60.4878425598145 109.769172668457 109.769172668457 109.766662597656 109.769172668457 109.769172668457 109.766662597656 109.769172668457 109.769172668457 62.4975166320801 43.169017791748 43.169017791748 43.1680297851562 43.169017791748 43.169017791748 43.1680297851562 43.169017791748 39.5923500061035 12.0578460693359 11.02587890625 11.02587890625 11.0256271362305 11.02587890625 11.02587890625 11.0256271362305 11.02587890625 11.02587890625 11.0256271362305 11.02587890625 11.02587890625 11.0256271362305 11.02565574646 10.9672327041626 10.9633550643921
32.3914184570312 31.5548038482666 31.5548038482666 31.5540809631348 31.5548038482666 31.5548038482666 31.5540809631348 31.5548038482666 31.5548038482666 31.5540809631348 33.721248626709 31.5548038482666 31.5540809631348 32.1781883239746 39.8118324279785 70.0878677368164 108.930351257324 109.785217285156 109.782707214355 109.785217285156 109.785217285156 109.782707214355 109.785217285156 109.785217285156 69.1212692260742 43.1753273010254 43.1753273010254 43.1743392944336 43.1753273010254 43.1753273010254 43.1743392944336 43.1753273010254 43.0585517883301 34.2048835754395 12.4011926651001 11.0274906158447 11.0272378921509 11.0274906158447 11.0274906158447 11.0272378921509 11.0274906158447 10.2491340637207 8.40162467956543 9.11973094940186 10.7182092666626 8.83974266052246 7.21585178375244 6.49057579040527 7.90428638458252
59.6893997192383 31.5608425140381 31.5608425140381 31.5601215362549 31.5608425140381 31.5608425140381 31.5601215362549 31.5608425140381 31.5608425140381 49.1859245300293 63.1339073181152 55.3006362915039 60.0710716247559 57.9069671630859 63.576301574707 63.5748481750488 65.3289031982422 80.9333114624023 94.3857498168945 92.4043960571289 109.617065429688 109.803718566895 109.806228637695 109.806228637695 74.4260101318359 43.1835899353027 43.1835899353027 43.1826019287109 43.1835899353027 43.1835899353027 43.1826019287109 43.1835899353027 43.1835899353027 43.1794166564941 23.7460021972656 11.0296001434326 11.0293474197388 11.0296001434326 11.0296001434326 11.0293474197388 10.8809633255005 7.68557119369507 6.1513147354126 6.15145540237427 6.18904685974121 6.1513147354126 6.15145540237427 6.15145540237427 6.1513147354126
74.4089965820312 31.5661430358887 31.5661430358887 31.5654201507568 31.5661430358887 31.5661430358887 32.0426139831543 49.9198722839355 56.4319000244141 63.585521697998 63.5869750976562 63.5869750976562 63.585521697998 63.5869750976562 63.5869750976562 63.585521697998 63.5869750976562 63.5869750976562 63.585521697998 63.5869750976562 97.8487091064453 109.822158813477 109.824676513672 109.824676513672 108.644157409668 54.6274452209473 43.190845489502 43.1898574829102 43.190845489502 43.190845489502 43.1898574829102 43.190845489502 43.190845489502 43.1898574829102 32.7359504699707 11.0314531326294 11.0312013626099 11.0314531326294 11.0314531326294 11.0312013626099 11.0314531326294 10.6451168060303 7.07756567001343 6.15248870849609 6.15248870849609 6.15234756469727 6.15248870849609 6.15248870849609 6.15234756469727
70.9500732421875 31.5707035064697 31.5707035064697 31.5699806213379 31.5707035064697 31.5707035064697 38.2868041992188 63.5961685180664 63.5961685180664 63.5947113037109 63.5961685180664 63.5961685180664 63.5947113037109 63.5961685180664 63.5961685180664 63.5947113037109 63.5961685180664 63.5961685180664 63.9742736816406 74.9487686157227 95.4849166870117 109.838035583496 109.840545654297 109.840545654297 109.823844909668 48.5597839355469 43.1970901489258 43.1960983276367 43.1970901489258 43.1970901489258 43.1960983276367 43.1970901489258 43.1970901489258 43.1960983276367 35.3431930541992 11.0330476760864 11.0327949523926 11.0330476760864 11.0330476760864 11.0327949523926 11.0330476760864 11.0330476760864 10.490496635437 6.30323886871338 6.15337800979614 6.15323686599731 6.15337800979614 6.15337800979614 6.15323686599731
2259.33569335938 185.143157958984 58.1831245422363 36.683723449707 34.2559356689453 54.839054107666 63.0072898864746 63.6082305908203 63.6082305908203 63.6067733764648 63.6082305908203 63.6082305908203 63.6067733764648 63.6082305908203 63.6082305908203 63.6067733764648 63.6082305908203 63.6082305908203 72.0687255859375 109.861381530762 109.861381530762 109.858863830566 109.861381530762 109.725685119629 80.1985855102539 51.7499618530273 54.4807929992676 45.8005905151367 43.2052841186523 43.2052841186523 43.2042922973633 43.2052841186523 43.2052841186523 43.2042922973633 43.2035598754883 23.9111652374268 11.0348882675171 11.0351400375366 11.0351400375366 11.0348882675171 11.0351400375366 11.0351400375366 8.92257118225098 6.15454530715942 6.15454530715942 6.1544041633606 6.15454530715942 6.15454530715942 6.1544041633606
1206.1630859375 107.663368225098 64.2552795410156 59.3821716308594 61.4519386291504 63.6188087463379 63.6173553466797 63.6188087463379 63.6188087463379 63.6173553466797 63.6188087463379 63.6188087463379 63.6173553466797 63.6188087463379 63.6188087463379 63.6173553466797 63.6188087463379 63.6188087463379 64.0067367553711 106.659744262695 109.879653930664 107.97265625 107.770927429199 98.4444732666016 62.6617813110352 62.4946899414062 62.4946899414062 57.1730651855469 43.2124671936035 43.2124671936035 43.2114753723145 43.2124671936035 43.2124671936035 43.2114753723145 43.2124671936035 23.3737258911133 11.0367231369019 11.0369758605957 11.0369758605957 11.0367231369019 11.0369758605957 11.0369758605957 10.8369064331055 6.85808372497559 6.15715265274048 6.1554274559021 7.44777202606201 6.15556859970093 6.1554274559021
98.1263732910156 98.1286163330078 79.5979537963867 63.6264419555664 63.6278953552246 63.6278953552246 63.6264419555664 63.6278953552246 63.6278953552246 63.6264419555664 63.6278953552246 63.6278953552246 63.6264419555664 63.6278953552246 63.6278953552246 63.6264419555664 63.6278953552246 63.0499725341797 63.3936157226562 69.2319793701172 88.732292175293 74.3982696533203 64.6529083251953 62.5036201477051 62.5021896362305 62.5036201477051 62.5036201477051 62.4503784179688 55.108757019043 45.2297019958496 43.2176513671875 43.2186393737793 43.2186393737793 43.2176513671875 43.2186393737793 22.5456562042236 11.0382995605469 11.0385522842407 11.0385522842407 11.0382995605469 11.0385522842407 11.0385522842407 11.0382995605469 10.9289979934692 7.88105344772339 8.23983001708984 12.0744361877441 8.57442188262939 6.20315551757812
98.1448287963867 98.1470718383789 87.2821960449219 63.6384048461914 63.6398582458496 63.6398582458496 63.6384048461914 63.6398582458496 63.6398582458496 63.6384048461914 63.6398582458496 63.6398582458496 63.6384048461914 63.6398582458496 63.6398582458496 63.5986824035645 63.0824317932129 62.559513092041 62.5139389038086 62.5153694152832 62.5153694152832 62.5139389038086 62.5153694152832 62.5153694152832 62.5139389038086 62.5153694152832 62.5153694152832 62.5139389038086 62.5153694152832 61.2627830505371 48.1396141052246 43.2267646789551 43.2267646789551 43.2257766723633 43.2267646789551 26.1912517547607 11.0403747558594 11.0406274795532 11.0406274795532 11.0403747558594 11.0406274795532 11.0406274795532 11.0403747558594 11.0406274795532 12.7148780822754 13.5355472564697 13.5358572006226 13.5358572006226 11.7911758422852
98.1609802246094 98.1632308959961 75.9970703125 63.6488800048828 63.6503372192383 63.6503372192383 63.6488800048828 63.6503372192383 63.6503372192383 63.6488800048828 63.6503372192383 63.6503372192383 63.6488800048828 63.6503372192383 63.6503372192383 63.578971862793 62.5920333862305 62.5256614685059 62.5242309570312 62.5256614685059 62.5256614685059 62.5242309570312 62.5256614685059 62.5256614685059 62.5242309570312 62.5256614685059 62.5256614685059 62.5242309570312 62.5256614685059 62.5256614685059 61.3276100158691 44.0272102355957 43.2338790893555 43.2328910827637 43.2338790893555 23.1906795501709 11.0421924591064 11.0424451828003 11.0424451828003 11.0421924591064 11.0424451828003 11.0424451828003 11.0421924591064 11.0424451828003 12.2077121734619 13.5377759933472 13.5380859375 13.5380859375 13.5377759933472
81.9721069335938 86.6835174560547 83.3874282836914 66.4266967773438 66.4512710571289 66.5422973632812 66.5143508911133 66.4892883300781 66.4597930908203 66.4277267456055 66.3986053466797 66.3647155761719 66.3276977539062 66.2936859130859 65.4691772460938 61.4422264099121 61.2288017272949 61.2293739318848 61.249626159668 61.2506065368652 61.350154876709 61.2424812316895 61.1933708190918 61.3531455993652 61.3617248535156 61.3613586425781 59.9830436706543 56.4970855712891 56.6672019958496 56.5711898803711 56.6353569030762 46.4823036193848 41.7970199584961 42.0172004699707 42.5558586120605 23.8480606079102 11.0437517166138 11.0440044403076 11.0440044403076 11.0437517166138 11.0440044403076 11.0440044403076 11.0437517166138 11.0440044403076 11.9019384384155 13.5396862030029 13.5399961471558 13.5399961471558 13.5396862030029
37.3377952575684 37.4813804626465 62.7453308105469 74.6152420043945 74.6169509887695 74.6169509887695 74.6152420043945 74.6169509887695 74.6169509887695 74.6152420043945 74.6169509887695 74.6169509887695 74.9304351806641 80.2286758422852 71.5305709838867 60.1106910705566 57.5035781860352 57.2267532348633 57.2254447937012 57.2267532348633 57.2267532348633 57.2254447937012 57.2267532348633 57.2267532348633 57.2254447937012 57.2267532348633 47.3026733398438 36.3444175720215 36.3452491760254 36.3452491760254 36.253791809082 36.2027359008789 36.2027359008789 36.2019081115723 36.2027359008789 36.0735397338867 35.1727561950684 33.6017761230469 30.3300304412842 22.2479095458984 25.7342796325684 22.7108154296875 17.4758071899414 19.7961578369141 17.0795860290527 16.0440330505371 13.5425205230713 13.5425205230713 13.5422105789185
37.343879699707 37.3447341918945 51.4365882873535 74.6274032592773 74.6291122436523 74.6291122436523 74.6274032592773 74.6291122436523 74.6291122436523 74.6274032592773 74.6291122436523 74.6291122436523 75.1608047485352 104.920616149902 104.037719726562 102.668975830078 94.1614227294922 58.7988395690918 57.2347679138184 57.2360763549805 57.2360763549805 57.2347679138184 57.2360763549805 57.2360763549805 56.4087257385254 45.2052383422852 37.3722038269043 36.350341796875 36.3511734008789 36.3511734008789 36.2670822143555 36.2086334228516 36.2086334228516 36.2078056335449 36.2086334228516 36.2086334228516 36.2078056335449 36.2086334228516 36.2086334228516 36.2078056335449 36.2086334228516 36.2086334228516 36.2078056335449 36.2086334228516 36.2086334228516 28.9136390686035 13.5447263717651 13.5447263717651 13.5444164276123
37.3490867614746 41.5412559509277 72.6115798950195 74.637809753418 74.639518737793 74.639518737793 74.637809753418 74.639518737793 74.639518737793 74.637809753418 74.639518737793 74.639518737793 74.6685485839844 106.825477600098 110.372055053711 110.369529724121 110.372055053711 69.7978897094727 57.2427520751953 57.2440605163574 57.2440605163574 57.2427520751953 57.2440605163574 57.2440605163574 45.9183731079102 36.3562431335449 36.3562431335449 36.355411529541 36.3562431335449 36.3562431335449 36.286262512207 36.2136840820312 36.2136840820312 36.2128562927246 36.2136840820312 36.2136840820312 36.2128562927246 36.2136840820312 36.2136840820312 36.2128562927246 36.2136840820312 36.2136840820312 36.2128562927246 36.2136840820312 36.2136840820312 27.1045265197754 13.5466165542603 13.5466165542603 13.5463066101074
37.3559837341309 56.958137512207 74.6533050537109 74.651481628418 71.6021881103516 74.3947372436523 74.6515960693359 74.6533050537109 74.6533050537109 74.6515960693359 87.7723388671875 80.2040252685547 79.3418350219727 86.8742218017578 100.068588256836 74.9076156616211 79.7267837524414 57.9396896362305 57.2533226013184 57.2546348571777 57.2546348571777 51.5978736877441 46.8615264892578 45.5354499816895 36.6072235107422 36.3629570007324 36.3629570007324 36.3621253967285 36.3629570007324 36.3629570007324 36.3531837463379 36.2283592224121 36.2203750610352 36.2195434570312 36.2203750610352 36.2203750610352 36.2195434570312 36.2203750610352 36.2203750610352 130.575180053711 61.4703903198242 36.2203750610352 36.2195434570312 36.2203750610352 36.2203750610352 19.0644207000732 13.5491180419922 13.5491180419922 22.3604278564453
37.3620147705078 37.6180534362793 64.8951797485352 55.3947677612305 42.2870025634766 49.1682052612305 72.7260513305664 74.6653442382812 74.6653442382812 74.6636428833008 88.337043762207 97.1015472412109 107.596565246582 110.202102661133 110.27507019043 72.267578125 57.2638702392578 57.2638702392578 57.2625617980957 57.2638702392578 57.2638702392578 47.6184768676758 36.368824005127 36.368824005127 36.367992401123 36.368824005127 36.368824005127 36.367992401123 36.368824005127 36.368824005127 36.367992401123 36.2937469482422 36.2262191772461 36.2253875732422 36.2262191772461 36.2262191772461 36.2253875732422 36.2262191772461 36.2262191772461 962.602783203125 491.262359619141 36.2262191772461 36.2253875732422 36.2262191772461 36.2262191772461 27.7113628387451 23.3295001983643 18.1527652740479 30.6886959075928
38.6785469055176 39.3840789794922 41.7440147399902 42.291862487793 42.2928276062012 42.2928276062012 98.4148483276367 91.2243728637695 74.6756362915039 74.6739273071289 78.7233505249023 93.1212158203125 110.422927856445 110.425453186035 110.425453186035 105.910346984863 38.5443344116211 32.0823936462402 38.1997871398926 43.7372283935547 56.8331451416016 47.5720062255859 36.373836517334 36.373836517334 36.3730010986328 36.373836517334 36.373836517334 36.3730010986328 36.373836517334 36.373836517334 36.3730010986328 36.3029098510742 36.2312088012695 36.2303810119629 36.2312088012695 36.2312088012695 36.2303810119629 36.2312088012695 36.2312088012695 36.2303810119629 36.2312088012695 36.2312088012695 36.2303810119629 36.2312088012695 36.2312088012695 36.2303810119629 36.2312088012695 36.2312088012695 36.2303810119629
42.2996025085449 42.3005714416504 42.3005714416504 42.2996025085449 42.3005714416504 42.3005714416504 120.899681091309 165.350997924805 74.6909027099609 79.6771240234375 90.8877792358398 110.409797668457 110.443145751953 110.445671081543 110.445671081543 108.02498626709 28.2525062561035 22.6878814697266 22.6873607635498 22.6878814697266 30.3841342926025 36.3493614196777 36.3804931640625 36.3804931640625 36.3796615600586 36.3804931640625 36.3804931640625 36.3796615600586 36.3804931640625 36.3804931640625 36.3796615600586 36.2455177307129 36.2378425598145 36.2370109558105 36.2378425598145 36.2378425598145 36.2370109558105 36.2378425598145 36.2378425598145 36.2370109558105 36.2378425598145 36.2378425598145 36.2370109558105 36.2378425598145 36.2378425598145 36.2370109558105 36.2378425598145 36.2378425598145 36.2370109558105
42.3063545227051 42.3073234558105 42.3073234558105 42.3063545227051 42.3073234558105 42.3073234558105 142.962020874023 176.520889282227 94.007194519043 112.003936767578 122.625839233398 110.46329498291 110.46076965332 107.339973449707 82.4737014770508 51.1165809631348 22.6915016174316 22.6915016174316 22.6909828186035 26.3770980834961 35.9601936340332 36.3854675292969 36.3862991333008 36.3862991333008 36.3854675292969 36.3862991333008 36.3862991333008 36.3854675292969 36.3862991333008 36.3862991333008 36.3854675292969 36.2765808105469 36.2436256408691 36.2427978515625 36.2436256408691 36.2436256408691 36.2427978515625 36.2436256408691 36.2436256408691 36.2427978515625 36.2436256408691 36.2436256408691 36.2427978515625 36.2436256408691 36.2436256408691 36.2427978515625 36.2436256408691 36.2436256408691 36.2427978515625
