Scripts_&_data/B6_all_seraphim_analyses/Environmental_files/LASV_rasters/Pop_density_MRU_0.04.asc
NCOLS 360 
NROWS 264 
XLLCORNER -17.0000652 
YLLCORNER 2.9999748 
CELLSIZE 0.04166665 
NODATA_value -3.4e+38 
[rows 22 to 43 of 264, columns 196 to 244 of 360]
6.577672290802 6.5778228187561 6.5778228187561 6.577672290802 6.5778228187561 9.31501052856445 30.7676368713379 31.229497756958 31.229497756958 31.2287830352783 31.229497756958 31.229497756958 31.2287830352783 26.0761179214716 24.1754718860984 31.1190200042725 31.229497756958 20.6401161757112 13.5851488220692 73.8952325820923 80.2443441772461 80.2452618408203 80.2443441772461 74.5637738037109 60.163123626709 60.1624353027344 60.1624353027344 60.163123626709 60.1624353027344 60.1624353027344 60.163123626709 60.1624353027344 60.1624353027344 60.1506477355957 48.437250213623 27.9320655059814 40.3557564544678 52.8183430099487 55.211135559082 55.2117669677734 55.211135559082 55.211135559082 60.8497421264648 70.3093988037109 70.4188674926758 70.4196731567383 70.4188674926758 502.952770080566 623.919114990234
6.57893095016479 6.5790816116333 6.5790816116333 6.57893095016479 6.5790816116333 7.13875053405762 30.6740939331055 31.235474395752 31.235474395752 31.2347595214844 31.235474395752 31.235474395752 31.2347595214844 11.6565376445651 0.120529192686081 9.28715851187706 16.7350173780322 6.27625862360001 0.120526434481144 2.3998922893405 79.3968472290039 80.2606201171875 77.7246339416504 64.877465057373 60.1746389770508 60.1739512634277 60.1739512634277 60.0771113586426 56.9567353820801 56.8490321350098 55.3470053100586 50.7247428894043 48.0938906860352 45.7962678527832 38.0730960083008 48.6526643371582 55.2223324584961 55.2217008972168 55.2217008972168 55.2223324584961 55.2217008972168 55.2217008972168 67.6105490112305 70.4323446655273 70.4323446655273 70.4331509399414 70.4323446655273 70.4323446655273 70.4331509399414
6.58003578186035 6.58018648147583 6.58018648147583 6.58003578186035 6.58018648147583 12.4501568984985 31.2400043487549 31.2407196044922 31.2407196044922 31.2400043487549 31.2407196044922 31.2407196044922 31.2400043487549 19.8115610459447 0.120549426972866 53.0708316618204 52.3622735023499 0.120549426972866 0.120546667277813 0.473169248104095 43.8742853483558 43.9087702152133 6.18683405548334 13.8994081673026 56.9639553546906 60.1840553283691 60.1753143310547 47.6824334716797 37.7911599731445 37.7911599731445 37.7915927124023 37.7911599731445 37.4703961181641 36.3039268493652 33.9254391098022 38.5400653076172 44.3117893981934 54.2022601318359 55.2309785461426 55.2316104125977 55.2071051025391 47.3302914428711 44.5116218566895 69.0752732849121 70.4441741943359 70.4449798583984 70.4441741943359 70.4441741943359 68.7413316345215
6.58098707199097 6.58113771438599 6.58113771438599 6.58098707199097 10.1763640022278 24.7518588066101 31.2445209503174 31.2452361297607 31.2452361297607 31.2445209503174 31.2452361297607 31.2452361297607 31.2445209503174 24.2953833010793 0.120566849112511 190.727881886065 195.637823600769 0.120566849112511 0.120564089715481 0.120566849112511 0.120565469563007 0.120566849410534 0.120565469563007 0.120565469563007 26.9304284539819 48.8293083953857 45.1893714904785 37.797052154541 37.7966198730469 37.7966198730469 37.797052154541 34.452502822876 32.7649956130981 34.5116983032227 37.7966198730469 37.7966198730469 37.797052154541 42.606121673584 52.6196469116211 50.2331275939941 43.7837031555176 36.3579397583008 36.3583554077148 43.7712055969238 55.6800434875488 60.6835453796387 67.1227304077148 70.4085629272461 56.7950170898438
6.58223552703857 6.58238616943359 6.58238616943359 6.58223552703857 13.2769986915588 31.25116355896 31.2504482269287 31.25116355896 31.25116355896 31.2504482269287 31.25116355896 31.25116355896 31.2504482269287 4.94781445294619 0.120589716732502 0.120586955547333 0.120589716732502 0.120589716732502 0.120586955547333 0.120589716732502 0.120588337182999 0.120589718818665 0.120588337182999 1.36302241414785 20.2484585434198 23.0596128845215 23.3462490844727 32.9656169891357 37.8037910461426 97.964422454834 768.120550537109 379.764206848145 37.8037910461426 37.8042236328125 37.8037910461426 37.8037910461426 37.8042236328125 36.8569844055176 36.3648377990723 36.3652537536621 36.3648377990723 36.3648377990723 36.3652537536621 36.3648377990723 36.3648377990723 36.3652537536621 41.8157287597656 53.6547940063477 51.0150518798828
6.58333015441895 6.58348085403442 6.58348085403442 6.58333015441895 22.4465720748901 31.256360168457 31.2556446075439 31.256360168457 31.256360168457 31.2556446075439 31.256360168457 31.256360168457 30.6832683563232 1.73243582010269 0.120609771609306 0.120607011020184 0.120609771609306 0.120609771609306 0.120607011020184 0.120609771609306 0.120608393251896 0.120609775483608 0.120608393251896 8.17720140427351 23.0637117004395 23.0634476470947 23.0634476470947 24.0589067077637 36.4061499786377 181.106480712891 1033.99731567383 845.927670440674 37.8100791931152 37.8105117797852 37.8100791931152 37.8100791931152 37.4601652526855 36.3720132446289 36.3708857727051 36.3713018798828 36.3708857727051 36.3708857727051 36.3713018798828 36.3708857727051 36.3708857727051 36.3713018798828 39.541993560791 51.0229507446289 51.0235343933105
6.58427066802979 6.58442132949829 7.09832426071167 8.67579231262207 12.1013746643066 28.0724249267578 31.2601089477539 31.2608243560791 31.2608243560791 31.2601089477539 31.2608243560791 31.2608243560791 19.9921324366331 0.12062700510025 0.12062700510025 0.12062424570322 0.12062700510025 0.12062700510025 2215.50356351703 1123.0660027343 20.7551360335946 0.12062700599432 0.12062562584877 4.93967180967331 23.0670056915283 23.0667416381836 23.0667416381836 23.0670056915283 35.5129058074951 81.6131898498535 480.314674377441 37.8154777526855 37.8154777526855 37.8159103393555 37.7643070983887 37.3242024230957 36.4916400146484 36.3760792541504 36.3760792541504 36.376495513916 36.3760792541504 36.3760792541504 36.376495513916 36.3760792541504 214.417104949951 303.182590637207 41.5539376831055 51.0302375793457 51.0308212280273
10.2247434806824 11.548754234314 12.3997233200073 12.4149206161499 14.0368013381958 29.2286207580566 31.26598777771 31.2667030334473 31.2667030334473 31.26598777771 31.2667030334473 31.1608981323242 5.68716101169586 0.120649686455727 0.120649686455727 0.120646925270557 0.120649686455727 1046.24952403873 3630.48312128663 660.153126839995 5148.71012817383 690.247611071765 0.120648306310177 0.122552128434181 12.1270449280739 23.0266571807861 23.1867239379883 38.7563604736328 47.9883935546875 48.0588664245605 47.1132911682129 45.8901161193848 39.1156057739258 36.848035736084 36.4603329467773 36.3829183959961 36.3833348083496 36.3829183959961 36.3829183959961 36.3833348083496 36.3829183959961 36.3829183959961 36.3833348083496 36.3829183959961 905.45926361084 1300.43569778442 39.3933325195312 45.437829284668 40.3700650024414
12.4169647216797 12.417248878479 12.417248878479 16.0235597610474 29.8122528076172 31.2718504333496 31.271134185791 31.2718504333496 31.2718504333496 31.271134185791 31.2718504333496 25.6472719919682 0.120666785538197 0.120669547617435 0.120669547617435 0.120666785538197 0.120669547617435 2079.71101587445 5629.725859375 4955.94319824219 5410.78744384766 2728.98940235704 239.274383548796 0.12066816598177 0.120669546425343 10.5736530598998 40.1964032745361 48.1222116088867 48.1216603088379 48.1216603088379 48.1222116088867 48.1216603088379 40.5692539978027 36.3893252563477 36.3889093017578 36.3889093017578 36.3893252563477 36.3889093017578 36.3889093017578 36.3893252563477 36.3889093017578 36.3889093017578 36.3893252563477 36.3889093017578 36.3889093017578 36.3893252563477 36.3889093017578 36.3889093017578 36.3893252563477
12.4187175750732 12.4190018844604 16.1768815231323 27.8277992248535 31.276263961792 31.276263961792 31.2755477905273 31.276263961792 31.276263961792 31.2755477905273 31.276263961792 29.6968104171753 0.323003826439381 0.120686583518982 0.120686583518982 0.120683820545673 407.021501222849 1285.90585275054 5141.96544250488 5639.57470703125 5639.5101953125 5639.57478515625 4547.43507911175 548.542343718708 0.120686582624912 0.142247862601653 43.9798906707764 48.1290058898926 48.1284544372559 48.1284544372559 48.1290058898926 48.1284544372559 43.4656492614746 36.3944619750977 36.3940449523926 36.3940449523926 36.3944619750977 36.3940449523926 36.3940449523926 36.3944619750977 36.3940449523926 36.3940449523926 36.3944619750977 36.3940449523926 36.3940449523926 36.3944619750977 36.3940449523926 36.3940449523926 36.3944619750977
12.4210325241089 13.3106928253174 29.7033228302002 31.2818863677979 31.2820942687988 31.2820942687988 31.2813785552979 31.2820942687988 31.2820942687988 31.2813785552979 31.2820942687988 31.2820942687988 0.73395209312439 0.120709071159363 0.120709071159363 0.120706307888031 619.319144931436 5093.64256708145 5640.49697265625 5525.38501953125 4363.66943359375 3987.46314453125 4776.15335449219 1617.5783039479 12.6979238154739 96.47451404572 48.1374249267578 48.1379762268066 48.1374249267578 48.1374249267578 48.1379762268066 48.1374249267578 47.6280816650391 36.808291015625 36.4008297729492 36.4008297729492 36.4012460327148 36.4008297729492 36.4008297729492 36.4012460327148 36.4008297729492 36.4008297729492 36.4012460327148 36.4008297729492 36.4008297729492 36.4012460327148 36.4008297729492 36.4008297729492 36.5048176574707
18.6567203140259 26.8646254348755 31.4908456420898 31.4678211975098 31.4156339263916 31.3348101806641 31.3006899261475 31.2900559997559 31.3069023895264 31.3039891815186 31.2871913909912 31.2871913909912 3.55651400893927 0.120728742480278 0.120728742480278 0.120725978910923 0.120728742480278 0.274025413990021 2601.36053429544 3960.41302124023 4613.09329162598 5581.8884765625 4506.76847689629 3794.0651263237 78.8620448303223 349.677314147949 48.1452679443359 48.1458192443848 48.1452679443359 48.1452679443359 48.1458192443848 48.1452679443359 48.1452679443359 38.0960795593262 36.4067611694336 36.4067611694336 374.685358886719 119.43723739624 36.4067611694336 59.1884999084473 36.4067611694336 36.4067611694336 30.0732052612305 31.7427939605713 36.4067611694336 36.407177734375 36.4067611694336 36.7274038696289 39.4004080200195
31.4945190429688 31.4952395629883 31.4952395629883 31.4945190429688 31.4952395629883 31.4952395629883 31.4945190429688 31.49508644104 31.4952395629883 31.4930233764648 31.4506156158447 31.4150012969971 27.7285922241211 22.6303203362226 2.09799227923155 0.120742829144001 0.120745590627193 0.120745590627193 0.0996880495478399 2509.47342393965 5566.23662109375 5642.3271875 2030.35006964147 13.7047640874982 48.1525355529785 48.1519845581055 48.1519845581055 48.1525355529785 48.1519845581055 48.1519845581055 48.1525355529785 48.1519845581055 47.9516264343262 37.3008605957031 36.4118380737305 36.4118380737305 36.4122549438477 36.4118380737305 36.4118380737305 740.996423339844 120.520201721191 36.4118380737305 31.9618857574463 36.6255325317383 32.6076407241821 37.0454693603516 37.4312712097168 39.6189964294434 40.1485623168945
31.5003341674805 31.5010552215576 31.5010552215576 31.5003341674805 31.5010552215576 31.5010552215576 31.5003341674805 31.5010552215576 31.5010552215576 31.5003341674805 31.5010552215576 31.5010552215576 31.5003341674805 30.8242121887207 0.836057280600071 0.120765125751495 0.120767888724804 0.120767888724804 0.0780731075883523 0.124629434943199 1513.44946772248 3567.1466194883 1110.75845922381 5.78098390370607 48.1614294433594 48.1608782958984 48.1608782958984 48.1614294433594 48.1608782958984 48.1608782958984 48.1614294433594 48.1608782958984 45.0354811096191 36.4189799499512 36.4185632324219 36.4185632324219 36.4189799499512 36.4185632324219 36.4185632324219 36.4189799499512 36.4185632324219 35.1722368621826 34.6442137145996 37.4663419342041 40.1555192565918 40.1559786987305 40.1555192565918 40.1555192565918 94.2982795715332
31.505415725708 31.5061365509033 31.5061365509033 31.505415725708 31.5061365509033 31.5061365509033 31.505415725708 31.5061365509033 31.5061365509033 31.505415725708 31.5061365509033 31.5061365509033 31.505415725708 30.3688101959229 0.310165865421295 0.120784606039524 0.120787369310856 0.109261685656384 4.91006735771894 11.7213474038243 20.7097881895304 40.8813654127717 49.0503414154053 41.2837757107615 48.1691979980469 48.1686474609375 48.1686474609375 48.1691979980469 48.1686474609375 48.1686474609375 48.1691979980469 48.1686474609375 44.2043658447266 36.4248545837402 36.4244386291504 36.4244386291504 36.4248545837402 36.4244386291504 36.4244386291504 36.4248545837402 36.1308478546143 33.0040245056152 36.4337562561035 40.1619989013672 40.1619989013672 40.1624575805664 40.1619989013672 40.1619989013672 774.466505279541
31.5097564697266 31.5104775238037 31.5104775238037 31.5097564697266 31.5104775238037 31.5104775238037 31.5097564697266 31.5104775238037 31.5104775238037 31.5097564697266 31.5104775238037 31.5104775238037 31.5097564697266 31.5104775238037 3.7173612627387 0.120801238715649 0.120804004073143 12.8770735443781 49.5409759902954 51.3030024719238 51.3024153137207 51.3030026245117 51.3024153137207 50.7286987304688 49.2390252685547 48.2185957336426 48.1752839660645 48.175835723877 48.1752839660645 48.1752839660645 48.175835723877 48.1752839660645 45.9226272583008 36.7695170593262 36.4294561767578 36.4294561767578 36.4298733520508 36.4294561767578 36.4294561767578 36.3930732727051 30.3853505325317 39.3038345336914 40.167989654541 40.1675302124023 40.1675302124023 40.167989654541 40.1675302124023 40.1675302124023 40.167989654541
31.5155254364014 31.5162465667725 31.5162465667725 31.5155254364014 31.5162465667725 31.5162465667725 31.5155254364014 31.5162465667725 31.5162465667725 31.5155254364014 31.5162465667725 196.284750137329 195.59684463501 31.5162465667725 9.25284227073193 0.120823365449905 0.120826129317284 24.6267192822322 51.3112190246582 51.3123936462402 54.0223159790039 644.0568800354 68.8275476074219 51.3118063354492 51.3123936462402 50.9077085876465 49.1844609069824 48.184654083252 48.184102935791 48.184102935791 48.184654083252 48.184102935791 48.184102935791 44.1381903076172 36.4361262512207 36.4361262512207 36.4365431213379 36.4361262512207 36.4361262512207 33.1757659912109 27.078732585907 40.1748834228516 40.1753428649902 40.1748834228516 40.1748834228516 40.1753428649902 40.1748834228516 40.1748834228516 40.1753428649902
31.5205547332764 31.5212760925293 31.5212760925293 31.5205547332764 30.8755367279053 26.920804977417 29.292419128418 27.1860375976562 29.9116175079346 31.5205547332764 31.5212760925293 78.5113714599609 79.1954044342041 31.5212760925293 15.3978812247515 0.12084264010191 0.119013474285603 30.7083914934937 51.3194107055664 51.3205850219727 51.319997253418 54.8843244934082 51.319997253418 51.319997253418 51.3205838012695 51.319997253418 51.2746174621582 49.2298527526855 48.1917935180664 48.1917935180664 48.1923448181152 48.1917935180664 48.1917935180664 45.8703555297852 36.4419421386719 36.4419421386719 36.4423590087891 35.552434387207 32.2042558288574 30.0639290618896 28.512216835022 40.1812945556641 40.1817549133301 40.1812945556641 40.1812945556641 40.1817549133301 40.1812945556641 40.1812945556641 40.1817549133301
29.9445319366455 31.5255686187744 31.5255686187744 28.9195988464355 22.3841738128662 21.1685043334961 21.1680198669434 21.1685043334961 27.3662073516846 31.5248474121094 31.5255686187744 31.5255686187744 31.5248474121094 31.5255686187744 20.5437503314018 0.120859098434448 0.107406868450344 40.4843416559696 51.3263969421387 51.3275718688965 51.3269842529297 51.3275715637207 51.3269842529297 51.3269842529297 51.3275715637207 51.3269842529297 51.3269842529297 51.0654086303711 48.2844061279297 48.1983569335938 48.1989080810547 48.1983569335938 48.1983569335938 43.4685353088379 36.4469052124023 36.4469052124023 36.3434425354004 30.2137230682373 29.3217700195313 29.3221056365967 30.7385371398926 39.9578527832031 40.1872264099121 40.186766204834 40.186766204834 40.1872264099121 40.186766204834 40.186766204834 40.1872264099121
22.6127906036377 26.4345721435547 24.8623429870605 21.2572122192383 21.1723439025879 21.1723439025879 21.1718589782715 21.1723439025879 22.8589947509766 31.202625579834 31.5312852478027 31.5312852478027 31.5305633544922 31.5312852478027 24.3358783504367 0.120881010591984 6.53498700350523 51.3368798828125 51.3357040405273 51.3368798828125 51.336291809082 51.3368795776367 51.336291809082 51.336291809082 51.3368795776367 51.336291809082 51.336291809082 51.3368795776367 49.3139851379395 48.2070960998535 48.2076477050781 48.2070960998535 48.2070960998535 38.9483988952637 36.4535139465332 36.4535139465332 35.31486328125 29.3307281494141 29.3270880889893 29.3274237060547 29.3270880889893 33.1072577667236 40.1945156860352 40.1940557861328 40.1940557861328 40.1945156860352 40.1940557861328 40.1940557861328 40.1945156860352
21.1752029418945 21.175687789917 21.175687789917 21.1752029418945 21.175687789917 21.175687789917 21.1752029418945 21.175687789917 21.175687789917 30.9050981140137 31.5362650299072 31.5362650299072 33.2219850921631 358.736929931641 48.6557746124268 0.116700451225042 19.1899288087687 51.344990234375 51.3438148498535 51.344990234375 51.3444027709961 51.3449906921387 48.7494619750977 48.363872833252 50.9207864379883 51.3444027709961 51.3444027709961 51.3449906921387 49.950426940918 46.6753733825684 46.6210946655273 48.2147116088867 46.2913792419434 36.4655557250977 36.2992654418945 33.4055530548096 30.0958518981934 29.3317209625244 29.3317209625244 29.3320568847656 29.3317209625244 37.7665591430664 40.2008647155762 40.200404510498 40.200404510498 40.2008647155762 40.200404510498 40.200404510498 41.1135821533203
21.178050994873 21.1785360717773 21.1785360717773 21.178050994873 21.1785360717773 21.1785360717773 21.178050994873 21.1785360717773 21.1785360717773 28.5464049530029 31.5405075073242 31.5405075073242 37.3371348571777 497.747340927124 64.4513096618652 13.6416123665521 50.2795594787598 51.3518951416016 51.3507194519043 51.3518951416016 51.3513075256348 49.7343978881836 43.5956214904785 43.5168237304688 44.2435098266602 45.5091870117188 48.2693539428711 51.1383416748047 45.763140411377 44.2472789001465 44.5068179321289 48.2211953735352 47.0529914855957 33.3092308807373 29.6731109619141 29.335665435791 29.3360014343262 29.335665435791 29.335665435791 29.3360014343262 29.335665435791 29.4951124572754 39.4336103820801 40.2058111572266 40.2058111572266 40.2062710571289 40.2058111572266 40.2058111572266 44.2273617553711
