Scripts_&_data/B6_all_seraphim_analyses/Environmental_files/LASV_rasters/Pop_density_MRU_0.04.asc
NCOLS 360 
NROWS 264 
XLLCORNER -17.0000652 
YLLCORNER 2.9999748 
CELLSIZE 0.04166665 
NODATA_value -3.4e+38 
[rows 22 to 43 of 264, columns 245 to 293 of 360]
70.4188674926758 70.4188674926758 70.4196731567383 66.6163305664062 29.6634169769287 24.9058740234375 24.9055889892578 24.9055889892578 24.9058740234375 24.9055889892578 24.9055889892578 24.9058740234375 24.9055889892578 24.9055889892578 23.0291750717163 21.8915068054199 37.7599505615234 53.1791784667969 53.178570098877 53.178570098877 53.1791784667969 53.178570098877 53.178570098877 53.1791784667969 53.178570098877 53.4032833862305 59.5144563293457 65.0788832092285 60.329451751709 69.5947518920898 69.5939556884766 69.5939556884766 69.5947518920898 69.5939556884766 69.5939556884766 69.5947518920898 69.5939556884766 75.6771038818359 83.1602075195313 83.1592556762695 83.1592556762695 83.1602075195313 80.9865863037109 64.8276248168945 64.8283651733398 64.8276248168945 64.8276248168945 64.3796101379395 57.4028988647461
70.4307269287109 68.1940382385254 67.2671618652344 40.3590534210205 25.1567232513428 24.9106410217285 24.9103562927246 24.9103562927246 24.9106410217285 24.9103562927246 24.9103562927246 23.0716217041016 22.1703965568542 23.2728383636475 25.0319463348389 26.4838716888428 33.3183090209961 42.6458953094482 51.3358557128906 53.1887464904785 54.0561309814453 55.4552119445801 56.2343632507324 57.3326699829102 64.7277824401855 74.3143493652344 77.3250927734375 77.3242071533203 76.1600250244141 72.5808871459961 69.7288122558594 69.6072766113281 69.6080728149414 69.6072766113281 69.6072766113281 69.6080728149414 69.6072766113281 71.9490768432617 83.176120300293 83.1751699829102 83.1751699829102 83.1761227416992 80.2273706054687 64.8400296020508 64.8407708740234 64.8400296020508 64.8400296020508 64.8320944213867 64.7632345581055
53.9999607849121 50.9974197387695 50.9980041503906 50.9974197387695 50.3761500549316 25.5801040649414 24.9145408630371 24.9145408630371 24.9148258209229 24.9145408630371 23.018722076416 24.9933919906616 26.6360116577148 26.6360116577148 26.6363166046143 26.6360116577148 26.6360116577148 26.6363166046143 33.404994430542 76.3985968017578 77.3377188110352 77.3371939086914 77.3371939086914 77.3380795288086 327.359496154785 147.358485717773 77.3380795288086 77.3371939086914 77.3371939086914 77.3380795288086 76.2096472167969 72.931943359375 70.4380438232422 69.6189685058594 69.6189685058594 69.6197653198242 69.6189685058594 69.6189685058594 81.7450289916992 83.189140625 83.189140625 83.1900930786133 81.7175701904297 73.0172598266602 72.4105606079102 70.1366540527344 64.8509182739258 64.8516610717773 64.7994653320312
323.732937774658 180.950198516846 51.0053732299805 51.0047900390625 51.0047900390625 27.8695040130615 24.9181400299072 24.9181400299072 24.918424987793 24.9181400299072 21.946965675354 26.640166015625 26.6398614501953 26.6398614501953 26.640166015625 26.6398614501953 26.6398614501953 26.640166015625 34.2400651550293 77.3483673095703 77.3492523193359 77.3483673095703 77.3483673095703 77.3492523193359 977.149956054688 435.476136169434 77.3492523193359 77.3483673095703 101.911018981934 382.739523925781 77.3483673095703 77.3483673095703 73.7445980834961 69.1470379638672 69.5164544677734 69.629821472168 71.3284045410156 77.2993548583984 82.9296829223633 83.201164855957 83.201164855957 83.2021160888672 83.5272332763672 87.0942779541016 87.0952728271484 86.94720703125 71.3092868041992 64.8610296630859 64.8136679077148
251.189207000732 143.375077667236 51.0150518798828 51.0144679260254 51.0144679260254 30.2340058898926 24.9228670501709 24.9228670501709 24.9231526184082 24.9228670501709 22.3759270477295 26.4830947113037 26.6449136352539 26.6449136352539 26.645218963623 26.6449136352539 26.6449136352539 26.645218963623 35.1149800109863 77.3630426025391 77.363928527832 77.3630426025391 77.3630426025391 77.363928527832 77.3630426025391 77.3630426025391 77.363928527832 77.3630426025391 77.3630426025391 81.3180725097656 77.3630426025391 77.3630426025391 70.6736291503906 68.5110272216797 68.5189611816406 69.9986520385742 82.2502810668945 83.2169497680664 83.2179022216797 83.4288400268555 84.6539447021484 85.1405484008789 85.7993182373047 87.1107986450195 87.1117965698242 87.1107986450195 85.5131985473633 67.8926934814453 64.8448550415039
51.0229507446289 51.0229507446289 51.0235343933105 51.0229507446289 51.0229507446289 30.5608981323242 516.407548599243 532.125251312256 24.9272974395752 24.9270121765137 24.9017174530029 21.9746068382263 26.6493452453613 26.6493452453613 26.6496502685547 26.6493452453613 26.6493452453613 26.6496502685547 35.9932527160645 77.3759057617188 77.3767916870117 77.3759057617188 77.3759057617188 77.3767916870117 77.3759057617188 77.3759057617188 77.3767916870117 77.3759057617188 77.3759057617188 77.3767916870117 76.8690078735352 72.9467520141602 68.5895559692383 68.5224176025391 68.5224176025391 68.5232028198242 70.6261727905273 63.4305577087402 61.7456921386719 63.8403723144531 84.8297409057617 87.1262802124023 87.1252822875977 87.1252822875977 260.063017272949 151.491305847168 87.1252822875977 86.5186123657227 79.212897644043
51.0279249572754 49.8165672302246 47.6966773986816 45.8497462463379 47.9307350158691 27.8263112640381 514.993542404175 534.033995895386 24.9308572387695 24.9305718231201 24.9305718231201 21.0208108329773 26.591810836792 26.6531516265869 26.6534567260742 26.6531516265869 26.6531516265869 26.6534567260742 39.3596711730957 77.3869570922852 77.3878424072266 77.3869570922852 77.3869570922852 77.3878424072266 77.3869570922852 77.3869570922852 79.8025396728516 86.3287454223633 90.6358120727539 81.1510083007813 69.1679605102539 68.5322052001953 68.5329895019531 68.5322052001953 68.5322052001953 68.5329895019531 70.5468292236328 67.5072422790527 53.3114016723633 53.3107919311523 58.446559753418 65.449694519043 65.9966691589355 72.0429928588867 148.505537719727 101.754759216309 86.4794650268555 87.1387246704102 87.1377285766602
37.3960600280762 36.3829183959961 36.3833348083496 36.3829183959961 36.3829183959961 30.2326315307617 24.9352597808838 24.9352597808838 24.9355452728271 24.8980685424805 21.8665721893311 25.0357364654541 26.6581633758545 26.6581633758545 26.6584684753418 26.6581633758545 26.6581633758545 26.6584684753418 50.3440613555908 89.1524243164063 86.6569189453125 84.9052243041992 84.1269097900391 87.683095703125 91.9488369750977 96.6843560791016 100.711338500977 100.778897705078 100.778897705078 98.0380221557617 70.7253070068359 68.545090637207 68.5458758544922 68.545090637207 68.545090637207 79.5305786132812 111.32827331543 115.568751220703 90.0429347229004 55.6016021728516 53.3208169555664 53.3214266967773 53.3208169555664 53.3208169555664 53.3214266967773 53.3208169555664 60.3549859619141 82.1848304748535 82.914849395752
36.3889093017578 36.3889093017578 36.3893252563477 36.3889093017578 36.3889093017578 36.2935035705566 28.4800820159912 33.3140670967102 33.4278955078125 23.2055506515503 26.5846855926514 26.6628572845459 26.6625521850586 26.6625521850586 26.6628572845459 26.6625521850586 26.6625521850586 26.9801249694824 86.4721166992187 100.795485229492 100.796637573242 100.795485229492 100.795485229492 100.796637573242 100.795485229492 100.795485229492 100.796637573242 100.795485229492 100.795485229492 100.796637573242 93.8790490722656 70.1483154296875 68.5571606445313 68.5563772583008 74.5688070678711 112.123730773926 116.097629699707 116.097629699707 116.098959655762 98.5764164733887 53.551909942627 53.3302047729492 53.3295944213867 53.3295944213867 53.3302047729492 53.3295944213867 53.3295944213867 53.9673258972168 55.7409700012207
36.3940449523926 36.3940449523926 36.3944619750977 36.3940449523926 36.3940449523926 36.3944619750977 39.2795547485352 73.4399772644043 75.7495458984375 30.2808861541748 26.6663159942627 26.6666209411621 26.6663159942627 26.6663159942627 26.6666209411621 26.6663159942627 26.6663159942627 50.390094833374 100.809715576172 100.809715576172 100.810869445801 100.809715576172 100.809715576172 100.810869445801 100.809715576172 448.89771697998 258.588061523437 100.809715576172 100.809715576172 100.810869445801 100.809715576172 89.1877746582031 68.5668380737305 70.0887268066406 107.73330871582 116.115348815918 116.114019775391 116.114019775391 116.115348815918 116.114019775391 60.9429463195801 53.3377317810059 53.3371211242676 53.3371211242676 53.3377317810059 53.3371211242676 53.3371211242676 53.3377317810059 53.2937844848633
37.9840182495117 38.6928651428223 38.9565785217285 37.6806071472168 36.4008297729492 35.0433128356934 72.5966774749756 75.7628005981445 75.7636672973633 38.0894459533691 26.6712866210937 26.6715920257568 26.6712866210937 26.6712866210937 26.6716325378418 31.6828116607666 41.6484255218506 61.9117297363281 139.599346008301 506.438014526367 100.829659423828 100.828504638672 100.828504638672 100.829659423828 100.828504638672 458.992695922852 257.441337890625 100.828504638672 100.828504638672 100.829659423828 100.828504638672 100.827309875488 75.0412130737305 87.9972940063477 116.135662231445 116.1369921875 116.135662231445 116.135662231445 116.1369921875 116.135662231445 75.4421519470215 53.3476734924316 53.347063293457 53.347063293457 53.3476734924316 53.347063293457 53.347063293457 53.3476734924316 52.7576582336426
40.1425045776367 106.475830688477 651.075252227783 37.7920837402344 36.4067611694336 50.570832824707 75.7751403808594 75.7751403808594 75.7760070800781 59.7160858917236 27.3097089385986 26.6759370422363 26.6756317901611 30.183595123291 43.7560939788818 48.7105139160156 48.7105139160156 48.9080088806152 95.6381092834473 226.201362304688 100.846087341309 100.844933166504 100.844933166504 100.846087341309 100.844933166504 100.844933166504 100.846087341309 100.844933166504 100.844933166504 100.846087341309 100.842036437988 91.7086433410645 70.042805480957 78.4363116455078 102.323622589111 115.991249694824 116.154588012695 116.154588012695 116.155916748047 116.154588012695 96.3113844299316 53.9782275390625 53.7278533935547 60.9440223693848 63.8719143676758 65.0274548339844 68.9426989746094 64.2412463378906 51.6114590454102
40.1481031799316 40.1481031799316 46.9987890625 39.2953706359863 38.4681788635254 74.6168092346191 75.7857122802734 75.7857122802734 75.7865780639648 75.7857122802734 65.9630439758301 65.2880293273926 44.4116914367676 46.2466706848145 48.7178668212891 48.7173097229004 48.7173097229004 48.7178668212891 52.7143754577637 80.6652626037598 100.593065795898 100.859002075195 100.859002075195 100.860155029297 100.859002075195 100.859002075195 100.860155029297 98.8622393798828 86.9381118774414 73.6613790893555 59.3898348999023 51.1178129577637 51.1183979797363 51.1178129577637 51.1178129577637 57.977746887207 105.374134063721 116.170789794922 116.172118530273 116.170789794922 116.170789794922 108.944937133789 113.606199035645 116.170789794922 92.067448425293 81.6441613769531 81.6441613769531 78.7354518127441 51.9350178527832
50.3619073486328 40.1555192565918 40.1559786987305 40.1555192565918 40.2791052246094 63.0767492675781 75.7997103881836 75.7997103881836 75.8005773925781 75.7997103881836 75.7997103881836 75.8005773925781 74.4111933898926 49.0369003295898 48.7268656921387 48.7263078308105 48.7263078308105 48.7268656921387 48.7263078308105 48.7263078308105 61.1305711364746 68.1744830322266 97.2006694030762 100.878785095215 100.877630310059 88.0874269104004 67.4164018249512 52.7436163330078 51.1272547912598 51.1278395080566 85.0774415588379 419.098418273926 51.1278395080566 51.1272547912598 51.1272547912598 51.1278395080566 70.5179965209961 116.192246704102 116.193576965332 116.192246704102 116.192246704102 116.193576965332 116.192246704102 115.900637817383 84.7360940551758 81.6592422485352 81.6592422485352 81.6601760864258 58.3589881896973
382.314735412598 40.1619989013672 40.1624575805664 92.285539855957 40.1642440795898 56.6042733764648 75.8119400024414 75.8119400024414 75.8128067016602 75.8119400024414 75.8119400024414 75.8128067016602 64.8757257080078 48.7341682434082 48.734725189209 48.7341682434082 48.7341682434082 48.734725189209 48.7341682434082 48.7341682434082 48.734725189209 48.7341682434082 89.395008392334 100.895057678223 95.0915118408203 51.6109127807617 51.1056132507324 51.135502166748 51.135502166748 51.1360868835449 51.135502166748 58.8546197509766 51.1360868835449 51.135502166748 51.135502166748 51.1360868835449 51.1984246826172 82.4742491149902 100.49481842041 90.207712097168 67.5970211791992 94.7086328125 116.210991821289 108.470508117676 81.6733450317383 81.6724124145508 81.6724124145508 81.6733450317383 61.9335665893555
40.1675302124023 40.1675302124023 40.167989654541 400.331984405518 71.2692236328125 48.8095291137695 74.2102345275879 75.8223806762695 75.8232479858398 75.8223806762695 75.8223806762695 75.8232479858398 74.4423893737793 52.5014129638672 48.7414396667481 48.740881652832 48.740881652832 48.7414396667481 48.740881652832 48.740881652832 48.7414396667481 48.740881652832 57.9734945678711 70.9893797302246 56.6596455383301 48.740881652832 50.2082971191406 51.1425479125977 51.1425479125977 51.143133392334 51.1425479125977 65.015202331543 65.0042807006836 51.1425479125977 51.1425479125977 51.143133392334 51.1425479125977 51.1425479125977 51.143133392334 51.1425479125977 51.1425479125977 70.2014450073242 116.226999206543 98.1926931762695 81.6845971679687 81.683662109375 81.683662109375 81.6845971679687 64.953316192627
40.1748834228516 40.1748834228516 40.1753428649902 40.1748834228516 40.1748834228516 40.1753428649902 54.0721702575684 75.8362606811523 75.83712890625 75.8362615966797 75.8362615966797 75.83712890625 71.3009468078613 67.0504914855957 65.282389831543 52.2342361450195 48.7498056030273 48.7503634643555 48.7498056030273 48.7498056030273 48.7503634643555 48.7498056030273 48.7498056030273 48.7503634643555 48.7498056030273 48.7498056030273 49.749856262207 56.3684704589844 52.4817121887207 51.1524954223633 51.6041246032715 4747.09154937744 5085.5500390625 288.453723602295 51.151909942627 51.1524954223633 51.151909942627 51.151909942627 51.1524954223633 51.151909942627 51.151909942627 63.895930480957 115.73828704834 87.7715426635742 81.69955078125 81.6986157226563 81.6986157226563 81.69955078125 69.689288482666
40.1812945556641 40.1812945556641 40.1817549133301 40.1812945556641 40.1812945556641 40.1817549133301 40.2823416137695 72.9935084533691 75.849231262207 75.8483636474609 75.8483636474609 75.849231262207 75.5322653198242 73.5289427185059 74.9344540405273 66.2524856567383 48.7575866699219 48.7581443786621 48.7575866699219 48.7575866699219 48.7581443786621 48.7575866699219 48.7575866699219 48.7581443786621 48.7575866699219 49.0163948059082 55.2321263122559 60.9603146362305 60.4877499389648 54.1420843505859 51.1600726318359 2016.90623123169 3197.28420928955 498.279801177979 51.1600726318359 51.1606581115723 51.1600726318359 51.1600726318359 51.1606581115723 56.5302922058105 51.1600726318359 70.6085868835449 93.5158294677734 81.7116558837891 81.7125909423828 81.7116558837891 81.7116558837891 81.7125909423828 80.8206149291992
40.186766204834 40.186766204834 40.1872264099121 40.186766204834 40.186766204834 40.1872264099121 43.6638024902344 75.8586947631836 75.8595617675781 75.8586947631836 68.3031823730469 54.996498260498 44.4910366821289 41.6955303955078 41.7535150146484 46.8679710388184 46.2383505249023 47.6584848022461 43.473448638916 48.0340757751465 48.7647825622559 48.7642245483398 48.7642245483398 48.7647825622559 49.2564854431152 59.7675392150879 60.9693128967285 60.968616027832 60.968616027832 60.929111328125 56.9388023376465 53.7753378295898 54.2316033935547 54.900774230957 56.0725190734863 54.1854202270508 51.196180267334 51.167039642334 80.0220997619629 391.762780456543 58.5943798828125 78.1000540161133 81.7227844238281 81.7227844238281 81.7237197875977 81.7227844238281 81.7227844238281 81.7237197875977 81.7227844238281
40.1940557861328 40.2583163452148 40.1945156860352 40.1940557861328 42.2485752868652 44.8251695251465 47.4513505554199 75.8717614746094 75.873317565918 74.1067408752441 43.9457952880859 41.7035682678223 41.7030906677246 41.7030906677246 41.7035682678223 41.7030906677246 41.7030906677246 41.7035682678223 41.7033428955078 47.8261013793945 48.7736264038086 48.7730688476562 48.7730688476562 48.7736264038086 52.4245704650879 60.9796711730957 60.980369720459 60.9796711730957 60.9796711730957 60.980369720459 60.9796711730957 65.4758323669434 67.9243045043945 67.9235269165039 67.9235269165039 67.9243045043945 65.9519192504883 61.1291116333008 58.7221588134766 56.1779605102539 69.4721351623535 81.7385375976562 81.7376022338867 81.7376022338867 81.7385375976562 81.7376022338867 81.6105770874023 81.2368026733398 81.6169409179687
48.2025964355469 50.8716387939453 47.2313140869141 47.3349598693848 50.4766091918945 51.6958891296387 51.6801556396484 54.2353143310547 59.7847482299805 56.9638442993164 41.7096795654297 41.7101573181152 41.7096795654297 41.7096795654297 41.7101573181152 41.7096795654297 41.7096795654297 41.7101573181152 41.7096795654297 47.2865975952148 65.5634089660645 54.1084442138672 48.7807730102539 48.7813313293457 51.9371463012695 60.7423245239258 60.9900033569336 60.9893048095703 60.9893048095703 60.9900033569336 60.9893048095703 64.1058238220215 67.9350341796875 67.9342559814453 67.9342559814453 67.9350341796875 67.9342559814453 67.9342559814453 67.9350341796875 69.375446472168 81.2436148071289 81.7514529418945 81.7505181884766 81.7505181884766 81.6854281616211 80.2123379516602 78.4882141113281 78.3405282592773 78.5229110717773
51.7022511291504 51.7022511291504 51.7028428649902 51.7022511291504 51.7022511291504 51.7028428649902 51.7022511291504 51.7022511291504 51.7028428649902 51.7010385131836 45.7648196411133 41.7157670593262 41.7152890014648 41.7152890014648 41.7157670593262 41.7152890014648 41.7152890014648 41.7157670593262 41.7152890014648 48.7396667480469 76.3925546264648 75.6281219482422 70.4772079467773 59.7517726135254 48.8553285217285 52.3207675170898 60.9861892700195 60.9975057983398 60.9975057983398 60.998204498291 60.9975057983398 62.6569017028809 67.9441717529297 67.9433947753906 236.757947692871 236.746940917969 67.9433947753906 67.9433947753906 363.399857788086 96.9816815185547 73.2181677246094 81.7610195922852 80.8615356445312 79.5858172607422 78.5836996459961 78.350166015625 78.350166015625 807.04566619873 417.523046264648
