Scripts_&_data/B6_all_seraphim_analyses/Environmental_files/LASV_rasters/Pop_density_NGA_0.04.asc
NCOLS 408 
NROWS 336 
XLLCORNER -7.19999999887477e-05 
YLLCORNER 1.9999752 
CELLSIZE 0.04166665 
NODATA_value -3.4e+38 
[rows 180 to 199 of 336, columns 138 to 183 of 408]
35.0162298583984 35.0166310119629 35.0162298583984 35.0162298583984 35.0166310119629 35.0162298583984 35.0162298583984 35.0166310119629 35.0162298583984 16.9262708282471 10.4377067565918 10.4375869750977 10.4375869750977 10.4377067565918 10.4375869750977 10.4375869750977 13.5779175233841 44.9650216674805 41.8852377319336 41.8857174682617 41.8852377319336 41.8852377319336 41.8857174682617 41.8852377319336 41.8995994567871 44.7412814331055 44.7439543151855 44.7439543151855 44.7444668579102 46.0043725585938 47.367628326416 47.3681706237793 47.367628326416 47.367628326416 47.3681706237793 47.367628326416 47.367628326416 45.8851942443848 38.9682958984375 33.6256809997559 33.2185760498047 33.2181953430176 33.2181953430176 33.2185760498047 33.2181953430176 33.2181953430176
35.0192179870606 35.0196188354492 35.0192179870606 35.0192179870606 35.0196188354492 35.0192179870606 35.0192179870606 35.0196188354492 35.0192179870606 13.3881772232056 10.4385971069336 10.4384775161743 10.4384775161743 10.4385971069336 10.4384775161743 10.4384775161743 9.43304062843323 27.7617302131653 41.8888104248047 41.8892900085449 41.8888104248047 41.8888104248047 41.8892900085449 41.8888104248047 41.962138671875 44.7482817077637 44.7477687072754 44.7477687072754 44.7482817077637 46.5184306335449 47.3716688537598 47.372211151123 47.3716688537598 46.5084967041016 45.5521852111816 40.6756921386719 36.4123069763184 33.4633009338379 33.2210301208496 33.2210301208496 33.2214105224609 33.2210301208496 33.2210301208496 33.2214105224609 33.2210301208496 33.2210301208496
47.9184425354004 42.7202030944824 40.0988558959961 39.1835357666016 43.9566261291504 43.2243060302734 40.062067565918 35.8402021789551 34.7175399017334 20.5212783432007 26.6416069412231 30.4532737350464 26.5440567398071 11.6591900253296 10.4398401641846 10.4398401641846 10.439959602356 10.4869186496735 22.5405043014884 41.5342102050781 41.8942771911621 41.8942771911621 41.8947563171387 41.8942771911621 41.9117793273926 42.3522532653809 52.2792074584961 63.7997454833984 63.8004751586914 64.1692700195313 54.943924407959 35.4901568603516 35.1837651062012 33.2591038513184 33.2257444763184 33.2253642272949 33.2253642272949 33.2257444763184 33.2253642272949 33.2253642272949 33.2257444763184 33.2253642272949 33.2253642272949 33.2257444763184 33.2253642272949 33.2253642272949
59.2310118103027 51.4280815124512 50.3520416259766 50.3520416259766 50.3526184082031 50.3520416259766 50.3520416259766 46.3318855285645 34.2690013122559 34.2690013122559 34.2693937683106 34.2690013122559 34.2690013122559 30.0058293914795 13.4402356719971 10.4409577941895 10.4410773468018 10.4409577941895 10.2674804019928 17.8367636710405 41.7713815307617 41.8987623596191 41.8992420959473 41.8987623596191 41.8987623596191 44.1057716369629 64.9017535400391 67.4347793579102 67.4355514526367 62.4815655517578 35.4453619384766 33.2293031311035 33.2289227294922 33.2289227294922 33.2293031311035 33.2289227294922 33.2289227294922 33.2293031311035 33.2289227294922 33.2289227294922 33.2293031311035 33.2289227294922 33.2289227294922 33.2293031311035 33.2289227294922 33.2289227294922
52.1132569885254 50.3568296813965 50.356254119873 50.356254119873 50.3568296813965 50.356254119873 50.356254119873 50.3568296813965 38.2393775939941 34.2718672180176 34.2722592163086 34.2718672180176 34.2718672180176 34.2722592163086 28.6544710540771 10.799278793335 10.4419507217407 10.4418311691284 10.4418311691284 9.8927182841301 15.4989296722412 39.6084940719605 41.9027456665039 41.9022662353516 41.9124745178223 61.5163540649414 67.440417175293 67.440417175293 67.4411889648437 50.7053564453125 33.2317018127441 33.2320819091797 33.2317018127441 33.2317018127441 33.2320819091797 33.2317018127441 33.2317018127441 33.2320819091797 33.2317018127441 33.2317018127441 33.2320819091797 33.2317018127441 33.2317018127441 33.2320819091797 33.2317018127441 33.2317018127441
50.3627418518066 50.3633186340332 50.3627418518066 50.3627418518066 50.3633186340332 50.3627418518066 50.3627418518066 50.3633186340332 43.3833349609375 34.2762843322754 34.2766767883301 34.2762843322754 34.2762843322754 34.2766767883301 34.2762843322754 24.423842086792 10.5195735168457 10.4431772613525 10.4431772613525 10.4432966995239 9.98442772865295 14.4118635125458 41.2022312927246 41.9076672363281 47.3326901245117 67.4498788452148 67.4491070556641 67.4491070556641 67.4498788452148 44.7999961853027 33.2359832763672 33.2363639831543 33.2359832763672 33.2359832763672 33.2363639831543 33.2359832763672 33.2359832763672 33.2363639831543 33.2359832763672 33.2359832763672 33.2363639831543 33.2359832763672 33.2359832763672 33.2363639831543 33.2359832763672 33.2359832763672
50.3680537414551 50.368630065918 50.3680537414551 50.3680537414551 50.368630065918 50.3680537414551 50.3680537414551 50.368630065918 40.0929653930664 34.2798986816406 34.2802906799316 34.2798986816406 34.2798986816406 34.2802906799316 34.2798986816406 34.2798986816406 24.1932182693481 10.5205627822876 10.4442779159546 10.4443974685669 10.4442779159546 7.84605220764875 22.862005610466 43.1492639160156 63.7779962158203 67.4569967651367 67.4562258911133 67.4562258911133 67.4569967651367 58.2861685180664 33.2394891357422 33.2398692321777 33.2394891357422 33.2394891357422 33.2398692321777 33.2394891357422 33.2394891357422 33.2398692321777 33.2394891357422 33.2394891357422 33.2398692321777 33.2394891357422 33.2394891357422 33.2398692321777 33.2394891357422 33.2394891357422
50.3721853637695 50.3727619934082 50.3721853637695 50.3721853637695 50.3727619934082 50.3721853637695 50.3721853637695 50.1667904663086 35.2651710510254 34.2827098083496 34.2831022644043 34.2827098083496 34.2827098083496 34.2831022644043 34.2827098083496 34.2827098083496 34.2831022644043 23.4574340057373 10.4451346969604 10.4452542495728 10.4451346969604 10.4451346969604 17.6143501031399 66.4400090026855 67.4617526245117 67.4625250244141 67.4617526245117 67.4617526245117 67.4625250244141 66.7774345397949 38.4984837341309 33.2425958251953 33.242215423584 33.242215423584 33.2425958251953 33.242215423584 33.242215423584 33.2425958251953 33.242215423584 33.242215423584 33.2425958251953 33.242215423584 33.242215423584 33.2425958251953 33.242215423584 33.242215423584
50.378595123291 50.379171295166 50.378595123291 50.378595123291 50.379171295166 50.378595123291 50.378595123291 50.4250787353516 42.1754766845703 34.2870738220215 34.2874662780762 34.2870738220215 34.2870738220215 34.2874662780762 34.2870738220215 34.2870738220215 34.2874662780762 33.6513275146484 10.4464640045166 10.446583442688 10.4464640045166 10.4464640045166 8.0529355597496 55.9846687564254 67.4703384399414 67.471110534668 67.4703384399414 67.4703384399414 67.471110534668 67.4703384399414 51.5238774108887 33.2468254089355 33.2464447021484 33.2464447021484 33.2468254089355 33.2464447021484 33.2464447021484 33.2468254089355 33.2464447021484 33.2464447021484 33.2468254089355 33.2464447021484 33.2464447021484 33.2468254089355 33.2464447021484 33.2464447021484
50.3838246154785 50.3844018554688 50.3838246154785 50.3838246154785 50.3844018554688 50.9349517822266 62.1456422424316 73.2048741149902 43.0321347045898 34.2906338500977 34.2910264587402 34.2906338500977 34.2906338500977 34.2910264587402 34.2906338500977 34.2906338500977 34.2910264587402 31.9825415039063 10.4475489425659 10.4476684951782 10.4475489807129 10.4475489807129 10.4476684951782 17.0698808026314 65.181580581665 67.4781188964844 67.4773468017578 67.4773468017578 67.4781188964844 67.4773468017578 42.0259629821777 33.2502780151367 33.2498971557617 33.2498971557617 33.2502780151367 33.2498971557617 33.2498971557617 33.2502780151367 33.2498971557617 33.2498971557617 33.2502780151367 33.2498971557617 33.2498971557617 33.2502780151367 33.2498971557617 33.2498971557617
50.3878796386719 50.3884561157227 50.3878796386719 50.3878796386719 53.258150177002 73.1849461364746 79.0811331176758 64.922770690918 34.2933915710449 34.2933915710449 34.2937838745117 34.2933915710449 34.2933915710449 33.339992980957 34.2933915710449 34.2933915710449 34.2937838745117 26.06678150177 10.4483885955811 10.4485083007812 10.4483885955811 10.4483885955811 10.4485083007812 10.326667175293 34.8195547783375 67.4835443115234 67.4827725219727 67.4827725219727 67.4835443115234 67.4827725219727 46.9446614074707 33.2529524230957 33.2525721740723 33.2525721740723 33.2529524230957 33.2525721740723 33.2525721740723 33.2368974304199 32.1755543518066 33.2525721740723 33.2529524230957 33.2525721740723 33.2525721740723 33.2529524230957 33.2525721740723 33.2525721740723
50.3942097473145 50.3947862243652 50.3942097473145 66.3115231323242 78.1889239501953 79.0910726928711 79.0910726928711 54.025344543457 34.2977006530762 34.2977006530762 34.298092956543 34.2977006530762 34.2214054870605 15.4866736221313 29.642511100769 34.2977006530762 34.298092956543 22.683675994873 10.4497016525269 10.4498212051392 10.4497016525269 10.4497016525269 10.4498212051392 10.4497016525269 23.0772422122955 67.4920230102539 67.49125 67.49125 67.4920230102539 67.4912509155273 35.5572769165039 33.2571311950684 33.2567504882812 33.2567504882812 33.2571311950684 24.0445141768455 18.8740270841122 20.0320968985558 30.2947055422515 37.7004672056437 38.4406954312325 38.6008215522766 45.3127465057373 54.3270876216888 45.9038953226805 36.6432967853546
50.3987840270996 50.3993601989746 54.1030038452148 79.0293704223633 79.0991519165039 79.0982461547852 79.0982461547852 56.0312480163574 34.3008126831055 34.3008126831055 34.3012049865723 34.3008126831055 34.3008126831055 15.2209114837646 13.9994820022583 33.804722442627 34.3012049865723 18.2066167831421 10.4506497573853 10.4507694625854 10.4506497573853 10.4506497573853 10.4507694625854 10.4506497573853 21.8112090492249 67.0690744018555 67.4973770141602 67.4973770141602 67.4981491088867 62.2246830749512 33.2597676086426 32.6378514862061 26.5949408605695 18.005169403553 24.5117016172409 50.3908368444443 70.6066566467285 81.368005065918 82.3488870239258 82.3488870239258 85.0828845214844 90.7045397949219 91.5322262573242 91.533274230957 91.5322262573242 95.360578918457
50.4044828796387 50.4050595092773 63.623172454834 79.1071917724609 79.1080969238281 79.1071917724609 79.1071917724609 64.4723919677734 34.3046923828125 34.3046923828125 34.3050848388672 34.3046923828125 34.3046923828125 20.1842307662964 12.1312182998657 14.2681686401367 20.431806678772 10.9002360153198 10.4518324279785 10.4519518661499 10.4518324279785 10.4518324279785 10.4519518661499 10.4518324279785 28.341940536499 61.5032270050049 67.5050146484375 67.5050146484375 67.5057858276367 52.7262892150879 24.8871023845673 23.3040854907036 50.4741949748993 70.7049063873291 81.573581237793 82.3582055664063 82.3582055664063 82.3591479492188 82.3582055664063 85.5911404418945 91.5044348144531 91.5425796508789 91.5425796508789 91.5436264038086 91.5425796508789 95.218200378418
50.409005279541 51.0756086730957 75.3942764282227 79.1142919921875 79.1151959228516 79.1142919921875 78.236060333252 55.9764836120605 34.307770690918 34.307770690918 34.3081629943848 34.307770690918 34.307770690918 34.3081629943848 27.1510958099365 10.4527695465088 10.4528890228271 10.3340329742432 10.1229483795166 10.2207893371582 10.4407983016968 10.4527695465088 10.4528890228271 10.4527695465088 32.4678150177002 63.8873469543457 67.5110684204102 63.7160626220703 56.4273887062073 34.665189473331 46.4635981035233 77.2994972229004 82.3655923461914 82.3655923461914 82.3665347290039 82.3655923461914 82.3655923461914 82.3665347290039 85.2094305419922 91.1907522583008 91.5518368530273 91.5507894897461 91.5507894897461 91.5518368530273 91.5507894897461 93.9391937255859
50.4140766906738 67.5097163391113 79.1222473144531 79.1222473144531 79.1231536865234 79.1222473144531 37.8242880249023 34.3116139221191 34.3112211608887 34.3112211608887 34.3116139221191 34.3112211608887 34.3112211608887 32.7086112976074 11.3889741897583 10.4508895111084 10.0720445251465 9.555915184021 9.56168319702148 22.2395816040039 38.7769208145142 22.282343788147 10.4539405822754 462.80035823822 161.795497703552 56.7952163541317 49.3190815448761 53.0450330996513 62.4701432514191 77.9102922058105 82.3738775634766 82.3748211669922 82.3738775634766 82.3738775634766 82.3748211669922 82.3738775634766 82.977907409668 103.741742248535 97.0674044799805 91.5599957275391 91.5610452270508 91.5599957275391 91.5599957275391 91.5610452270508 91.5599957275391 91.7945407104492
52.3835804748535 78.2055323791504 79.1310745239258 79.1310745239258 79.1319793701172 79.1310745239258 52.1162925720215 34.3154393005371 34.3150465393066 34.3150465393066 34.3154393005371 34.3150465393066 34.2886219787598 15.0927144241333 9.7952579498291 9.76150184631348 9.53876468658447 10.7464484024048 39.1172981262207 54.7345083618164 54.7338816833496 53.7398724365234 194.844699745178 1573.9048651123 740.417490386963 64.0279677319527 82.3592291259766 82.3830654907227 82.3840081787109 82.3830654907227 82.3830654907227 82.3840081787109 82.3830654907227 82.3830654907227 82.3840081787109 83.746462097168 103.169355163574 112.635208435059 104.629739074707 91.570207824707 91.5712567138672 91.570207824707 91.570207824707 91.5712567138672 91.570207824707 91.570207824707
81.8498666381836 116.751464538574 143.132740783691 160.197506408691 151.685117797852 79.1380380249023 76.8613618469238 42.0995802307129 34.3180680847168 34.3180680847168 34.318461151123 34.3180680847168 33.3336222839355 9.5396049118042 9.53949554443359 9.53949554443359 19.104239654541 45.6357218170166 54.7386996459961 54.7393263244629 56.609156036377 61.4171534729004 66.3435417175293 562.610388870239 202.877955341339 82.3912603759766 82.3903170776367 82.3903170776367 82.3912603759766 82.3903170776367 82.3903170776367 82.3912603759766 82.3903170776367 82.3903170776367 83.2989453125 106.91208190918 112.643836975098 112.645126342773 109.84072052002 91.5782730102539 91.5793228149414 91.5782730102539 91.5782730102539 91.5793228149414 91.5782730102539 91.5782730102539
106.687108154297 231.720548706055 245.809461669922 245.809461669922 156.503309936523 79.1458737182617 79.1458737182617 72.1183831787109 37.7819284057617 34.3214663696289 30.0593892669678 26.6688886260986 20.2456466293335 9.54054924011231 14.6937921142578 37.7538976669312 54.6483062744141 54.7822801208496 59.3558306884766 66.8915173339844 70.5785949707031 70.6462805175781 70.6470883178711 70.3012887573242 55.306414308548 82.3994177246094 82.3984759521484 82.3984759521484 82.3994177246094 83.0519833374023 86.9894766235352 84.5859799194336 83.608681640625 89.4665182495117 106.217786865234 112.654987182617 112.654987182617 112.656275634766 110.130230712891 91.5873413085938 91.5883880615234 91.5873413085938 91.5873413085938 91.5883880615234 91.5873413085938 91.5873413085938
245.708304443359 245.839281616211 245.836466674805 245.836466674805 177.103966064453 79.154567565918 79.154567565918 79.1554745483398 61.5458343505859 23.353041305542 9.56143062591553 9.54148784637451 9.54148784637451 21.200115776062 491.675547828674 54.7501315307617 59.5942539978027 68.3936288452148 70.654040222168 70.6548486328125 70.654040222168 70.654040222168 70.6548486328125 62.525626449585 55.3594341550767 82.4084698486328 82.4075262451172 86.9103811645508 98.6847265625 111.860443725586 112.66736541748 112.668654174805 112.66736541748 112.66736541748 112.668654174805 112.66736541748 112.66736541748 112.668654174805 112.006625061035 92.0053369140625 91.5984503173828 91.5974017333984 91.5974017333984 91.5984503173828 91.5974017333984 91.5974017333984
