Scripts_&_data/B6_all_seraphim_analyses/Environmental_files/LASV_rasters/Pop_density_all_0.04.asc
NCOLS 816 
NROWS 336 
XLLCORNER -17.0000652 
YLLCORNER 1.9999752 
CELLSIZE 0.04166665 
NODATA_value -9999 
[rows 220 to 241 of 336, columns 588 to 636 of 816]
601.586669921875 442.766937255859 204.527481079102 204.527481079102 204.529815673828 204.527481079102 204.527481079102 204.529815673828 203.639709472656 138.278335571289 112.05322265625 112.051940917969 112.05322265625 112.050659179688 112.05322265625 112.05322265625 114.967231750488 128.405288696289 128.550491333008 128.547561645508 128.550491333008 128.550491333008 128.547561645508 128.550491333008 128.550491333008 127.855453491211 131.325485229492 175.959075927734 183.324462890625 138.04475402832 138.04475402832 138.041595458984 138.04475402832 138.04475402832 154.038864135742 196.656478881836 221.670669555664 245.001281738281 245.006881713867 239.733734130859 87.3542785644531 81.6052856445312 81.6052856445312 81.6034164428711 81.6052856445312 81.6052856445312 81.6034164428711 81.6052856445312 81.6052856445312
204.542861938477 204.545211791992 204.542861938477 204.542861938477 204.545211791992 204.542861938477 204.542861938477 204.545211791992 204.542861938477 165.737518310547 112.061645507812 112.060363769531 112.061645507812 112.059074401855 112.061645507812 112.061645507812 112.059074401855 133.504760742188 135.565979003906 128.557220458984 128.560165405273 128.560165405273 128.557220458984 128.560165405273 128.560165405273 128.557220458984 128.560165405273 133.832778930664 142.844085693359 138.055145263672 138.055145263672 138.051971435547 138.055145263672 141.057220458984 173.863693237305 175.578552246094 196.355026245117 245.01969909668 245.025314331055 218.921600341797 81.6095504760742 81.6114196777344 81.6114196777344 81.6095504760742 81.6114196777344 81.6114196777344 81.6095504760742 81.6114196777344 81.6114196777344
226.934158325195 204.562805175781 204.560470581055 204.560470581055 204.562805175781 204.560470581055 204.560470581055 204.562805175781 204.560470581055 167.490509033203 112.0712890625 112.070007324219 112.0712890625 112.068725585938 112.0712890625 112.478874206543 159.778305053711 177.225509643555 174.890014648438 134.581817626953 128.571228027344 128.571228027344 128.568283081055 128.571228027344 128.882675170898 128.948089599609 128.63200378418 130.136184692383 137.121948242188 138.067016601562 138.067016601562 138.063858032227 141.084182739258 168.839080810547 175.589645385742 175.593673706055 210.348052978516 245.040786743164 245.04638671875 203.33837890625 81.6165771484375 81.6184387207031 81.6184387207031 81.6165771484375 81.6184387207031 81.6184387207031 81.6165771484375 81.6184387207031 81.6184387207031
275.150085449219 204.582641601562 204.580307006836 204.580307006836 204.582641601562 621.643676757812 1381.6533203125 430.626770019531 204.580307006836 137.166519165039 112.082153320312 112.080871582031 161.472396850586 259.704925537109 80.2724380493164 90.357421875 177.238647460938 177.242706298828 177.242706298828 162.583251953125 128.583694458008 128.583694458008 131.285797119141 136.181091308594 138.0576171875 138.077255249023 136.519195556641 137.894271850586 138.077255249023 138.080413818359 138.080413818359 148.665863037109 171.402313232422 175.610702514648 175.606674194336 178.394958496094 219.551376342773 243.763458251953 245.070159912109 215.649276733398 80.7233810424805 77.6220703125 77.3607940673828 77.3590240478516 79.6215133666992 81.6263656616211 81.6244964599609 81.6263656616211 81.6263656616211
421.252075195312 539.925903320312 412.018920898438 214.457138061523 202.60432434082 580.599243164062 1379.80004882812 405.929656982422 181.898376464844 112.163108825684 112.090400695801 112.08911895752 653.110412597656 2010.97119140625 910.244201660156 81.3490447998047 176.732406616211 177.255752563477 177.255752563477 176.473220825195 142.297058105469 131.335998535156 137.934967041016 138.090576171875 138.090576171875 138.08740234375 138.090576171875 138.090576171875 138.08740234375 140.162460327148 161.111343383789 175.53955078125 175.623611450195 175.623611450195 175.619598388672 205.039001464844 231.759826660156 232.373046875 241.675994873047 236.574569702148 141.455200195312 68.3019332885742 68.3019332885742 68.3003692626953 68.9206237792969 80.8662490844727 81.630500793457 81.6323623657227 81.6323623657227
603.837829589844 603.8447265625 603.837829589844 384.791748046875 202.305145263672 196.86604309082 196.86604309082 196.868301391602 172.043716430664 112.098594665527 112.099876403809 112.098594665527 390.779022216797 1311.8271484375 490.631774902344 80.4658355712891 175.458908081055 177.270706176758 177.270706176758 177.266662597656 170.373977661133 138.930297851562 138.099075317383 138.102233886719 138.102233886719 138.099075317383 138.102233886719 138.102233886719 142.02278137207 167.961074829102 175.638442993164 175.634429931641 175.638442993164 175.638442993164 175.634429931641 205.954254150391 231.779403686523 231.77409362793 231.779403686523 231.258575439453 149.855606079102 68.3077011108398 68.3077011108398 68.3061370849609 68.3077011108398 76.328742980957 81.6373901367188 81.6392593383789 81.6392593383789
610.259826660156 603.90234375 605.486877441406 448.333221435547 215.006561279297 196.884826660156 196.884826660156 196.887084960938 196.070983886719 173.414611816406 112.278091430664 112.109283447266 316.075408935547 321.429351806641 171.100952148438 109.516059875488 177.283569335938 177.287628173828 177.287628173828 177.283569335938 177.287628173828 160.240097045898 139.156845092773 138.115417480469 138.115417480469 138.112258911133 138.130432128906 150.173629760742 173.068603515625 175.655212402344 175.655212402344 152.105758666992 168.263031005859 175.655212402344 175.651184082031 206.932327270508 231.801513671875 231.79621887207 231.278289794922 137.504608154297 68.3126602172852 68.3142242431641 68.3142242431641 68.3126602172852 68.3142242431641 70.5535888671875 79.8632888793945 81.6470413208008 81.6470413208008
2077.79614257812 1314.42224121094 1525.42468261719 454.779602050781 222.691772460938 196.898986816406 196.898986816406 196.901245117188 206.764129638672 320.924743652344 235.213363647461 186.476654052734 321.459838867188 321.386383056641 125.699401855469 114.95386505127 177.296325683594 177.300384521484 177.300384521484 177.296325683594 177.300384521484 177.300384521484 159.638732910156 138.125350952148 146.415054321289 148.33381652832 160.831176757812 175.667846679688 175.663818359375 175.667846679688 175.499862670898 90.5606918334961 158.875793457031 175.667846679688 177.909729003906 226.772109985352 231.818206787109 231.812896728516 165.241027832031 68.3191375732422 68.3175735473633 68.3191375732422 68.3191375732422 68.3175735473633 68.3191375732422 68.3191375732422 68.9930801391602 75.3343276977539 81.6529235839844
2160.75146484375 2160.7763671875 2160.75146484375 1440.69104003906 225.008865356445 197.084197998047 196.915298461914 196.917556762695 211.86344909668 321.482788085938 321.486450195312 321.482788085938 321.486450195312 920.470520019531 684.541870117188 114.96337890625 177.311004638672 177.315063476562 177.315063476562 177.311004638672 177.315063476562 177.315063476562 176.526428222656 140.127258300781 160.183578491211 175.678375244141 175.682388305664 175.682388305664 175.678375244141 175.682388305664 155.362335205078 70.7260055541992 128.409774780273 160.988479614258 186.86213684082 231.83740234375 231.83740234375 231.832092285156 141.099624633789 68.3247985839844 68.4449691772461 69.1738052368164 68.8104934692383 68.3232345581055 68.3247985839844 68.3247985839844 68.3232345581055 68.3247985839844 81.6596908569336
2160.9541015625 2094.318359375 1271.79125976562 304.559906005859 221.457916259766 196.93376159668 196.93376159668 196.936019897461 202.614471435547 317.625885009766 321.5166015625 334.933807373047 886.033508300781 1798.70825195312 1319.81518554688 114.974166870117 177.32763671875 177.331695556641 177.331695556641 177.32763671875 177.331695556641 177.331695556641 177.32763671875 160.927886962891 151.18733215332 175.694854736328 175.698867797852 175.698867797852 175.694854736328 175.698867797852 126.826431274414 70.7326354980469 70.734260559082 70.734260559082 75.9528121948242 105.21418762207 165.732437133789 231.724960327148 198.979919433594 71.6980972290039 70.4000778198242 70.734260559082 70.6185836791992 68.5965347290039 68.3312072753906 68.3312072753906 68.3296432495117 39.8075981140137 46.2703857421875
2161.0966796875 1036.54272460938 228.324584960938 227.119110107422 226.252746582031 197.478591918945 196.947616577148 196.94987487793 196.947616577148 306.584930419922 328.290252685547 588.38720703125 1983.11413574219 1270.08557128906 117.915115356445 114.98225402832 177.340103149414 177.344161987305 177.344161987305 177.340103149414 177.344161987305 177.344161987305 177.340103149414 173.581405639648 174.974624633789 175.707214355469 175.711227416992 175.711227416992 173.649917602539 113.908821105957 72.0827560424805 70.7376174926758 70.7392349243164 70.7392349243164 70.7376174926758 70.7392349243164 70.7392349243164 132.610931396484 225.558380126953 150.760986328125 70.7376174926758 70.7392349243164 70.7392349243164 69.3277587890625 68.3360061645508 68.3360061645508 64.8598709106445 28.4354934692383 27.8708095550537
1899.12268066406 230.245452880859 227.137573242188 227.137573242188 221.966156005859 197.422225952148 196.963638305664 196.965881347656 196.963638305664 414.797546386719 476.638031005859 447.627807617188 371.1240234375 547.889892578125 1277.13684082031 556.632995605469 181.583450317383 176.360763549805 169.042999267578 177.354507446289 170.622924804688 110.474426269531 94.9700927734375 80.6472473144531 107.707992553711 175.721481323242 175.725509643555 159.464050292969 111.080604553223 69.2866592407227 70.7449798583984 70.7433624267578 70.7449798583984 70.7449798583984 70.7433624267578 70.7449798583984 70.7449798583984 70.7433624267578 83.1207580566406 72.2919464111328 70.7433624267578 70.7449798583984 70.7449798583984 69.3974761962891 58.6147766113281 66.501579284668 54.7217483520508 27.8730754852295 27.8730754852295
227.158493041992 227.161087036133 227.158493041992 227.158493041992 206.75732421875 196.98176574707 196.98176574707 196.984024047852 199.791015625 454.963684082031 477.890625 477.885162353516 389.229644775391 207.565124511719 1434.43200683594 1434.43029785156 1015.39233398438 83.4270324707031 73.6067657470703 81.2144546508789 75.7482833862305 73.4195861816406 73.7694549560547 90.9878005981445 75.5886001586914 70.6728591918945 70.4004058837891 61.8122940063477 61.5367622375488 66.11572265625 70.7515029907227 70.749885559082 70.7515029907227 70.7515029907227 70.749885559082 70.7515029907227 70.7515029907227 70.749885559082 70.7515029907227 70.7515029907227 70.749885559082 70.7515029907227 70.7515029907227 69.8442230224609 35.2469062805176 31.4633903503418 35.2737350463867 27.8756427764893 27.8756427764893
227.537353515625 227.176727294922 227.174118041992 227.174118041992 203.769912719727 196.995315551758 197.019226074219 197.003875732422 271.047546386719 477.918029785156 477.923492431641 477.918029785156 476.949035644531 112.441879272461 564.120239257812 827.922668457031 449.079803466797 73.4246292114258 73.4246292114258 73.4229507446289 73.4246292114258 74.6725311279297 144.775177001953 146.684005737305 65.7410507202148 61.5409927368164 61.5424003601074 61.5424003601074 61.5409927368164 63.8412628173828 70.7563705444336 70.7547454833984 70.7563705444336 70.7563705444336 70.7547454833984 70.7563705444336 70.7563705444336 70.7547454833984 70.7563705444336 70.7563705444336 70.7547454833984 70.7563705444336 70.7563705444336 55.6888999938965 28.2341537475586 27.8775596618652 27.8769226074219 27.8775596618652 27.8775596618652
262.92431640625 227.194808959961 227.192199707031 227.192199707031 213.854690551758 198.809753417969 320.487884521484 299.948883056641 400.998596191406 477.956085205078 477.961547851562 477.956085205078 411.603668212891 73.4287948608398 73.4304809570312 73.4304809570312 73.4287948608398 76.1569976806641 161.019546508789 102.98307800293 77.8735885620117 112.426177978516 167.708206176758 82.6132278442383 61.5472984313965 61.5458908081055 61.5472984313965 61.5472984313965 61.5458908081055 61.5472984313965 70.7620010375977 70.760383605957 70.7620010375977 70.7620010375977 70.760383605957 70.7620010375977 70.7620010375977 70.760383605957 70.7620010375977 70.7620010375977 70.760383605957 70.7620010375977 68.3296508789062 65.4244995117188 32.0166015625 27.8797798156738 27.8791408538818 27.8797798156738 27.8797798156738
334.526885986328 232.549652099609 227.212799072266 227.212799072266 227.215393066406 227.212799072266 321.609741210938 328.068145751953 339.939025878906 415.984741210938 473.686340332031 477.999359130859 466.5146484375 276.850708007812 229.641510009766 235.736129760742 220.936233520508 283.556030273438 325.922607421875 325.915161132812 245.743515014648 167.524429321289 128.032531738281 61.5528755187988 61.5528755187988 61.5514678955078 61.5528755187988 61.5528755187988 61.5514678955078 62.7914543151855 70.7684097290039 70.7667922973633 70.7684097290039 70.7684097290039 70.7667922973633 70.7684097290039 70.7684097290039 70.7667922973633 70.7684097290039 70.7684097290039 70.7667922973633 62.6380043029785 42.4243965148926 54.2331390380859 30.6237926483154 27.8823051452637 27.8816661834717 27.8823051452637 27.8823051452637
353.033813476562 343.37646484375 325.357727050781 258.328094482422 227.23063659668 227.228042602539 305.493988037109 328.090179443359 328.08642578125 328.08642578125 423.335754394531 478.031463623047 478.036926269531 463.668609619141 343.708831787109 325.944488525391 325.937042236328 325.944488525391 325.944488525391 268.861236572266 176.803192138672 148.338943481445 73.068977355957 51.6928787231445 61.5570068359375 61.5555992126465 61.5570068359375 61.5570068359375 61.5555992126465 63.702507019043 70.7731628417969 70.7715454101562 70.7731628417969 70.7731628417969 70.7715454101562 70.7731628417969 70.7731628417969 70.7715454101562 70.7731628417969 70.7306823730469 46.580883026123 27.9122409820557 27.8841762542725 27.8835372924805 27.8841762542725 27.8841762542725 27.8835372924805 27.8841762542725 27.8841762542725
353.061340332031 353.065399169922 353.061340332031 311.324584960938 227.24836730957 227.24577331543 305.195129394531 328.115783691406 328.112030029297 328.112030029297 366.384887695312 471.230743408203 456.616851806641 363.479919433594 325.969940185547 325.969940185547 325.962463378906 325.969940185547 325.633270263672 182.239807128906 146.097946166992 158.438919067383 131.391189575195 56.507884979248 61.5618095397949 61.5604019165039 61.5618095397949 61.5618095397949 61.5604019165039 61.6281700134277 66.8608779907227 70.7574081420898 70.7786865234375 70.7786865234375 70.7770614624023 70.7786865234375 70.7786865234375 70.7770614624023 70.7786865234375 61.1212158203125 27.8857135772705 27.8863525390625 27.8863525390625 27.8857135772705 27.8863525390625 27.8863525390625 27.8857135772705 27.8863525390625 27.8863525390625
353.092742919922 353.096771240234 353.092742919922 335.242645263672 227.369277954102 248.265365600586 361.038970947266 349.438385009766 330.672698974609 328.141204833984 328.144958496094 353.993896484375 333.891052246094 325.991485595703 325.998931884766 325.998931884766 325.991485595703 325.998931884766 310.820068359375 249.230484008789 170.879455566406 170.879455566406 170.875549316406 66.9418869018555 54.5643501281738 56.4176025390625 61.5672874450684 61.5672874450684 61.5658760070801 61.5672874450684 61.5672874450684 66.8849563598633 70.7849807739258 70.7849807739258 70.7833633422852 70.7849807739258 70.7849807739258 70.7833633422852 63.5947952270508 32.8561553955078 27.8881950378418 27.8888320922852 27.8888320922852 27.8881950378418 27.8888320922852 27.8888320922852 27.8881950378418 27.8888320922852 27.8888320922852
354.921875 353.119934082031 353.115875244141 353.115875244141 322.839691162109 364.012084960938 371.511535644531 371.515777587891 362.633941650391 329.723327636719 328.166473388672 231.218032836914 230.264541625977 278.163482666016 326.020294189453 326.020294189453 315.386474609375 279.537414550781 207.364974975586 250.166046142578 170.890655517578 170.890655517578 170.886749267578 155.10578918457 105.649528503418 61.5699157714844 61.5713233947754 61.5713233947754 61.5699157714844 61.5713233947754 61.5713233947754 62.0467567443848 65.4336776733398 65.3783874511719 69.7555541992188 70.7896194458008 70.7896194458008 59.1047019958496 30.1263160705566 27.890661239624 27.8900241851807 27.890661239624 27.890661239624 27.8900241851807 27.890661239624 27.890661239624 27.8900241851807 27.890661239624 29.0961227416992
370.295257568359 364.12451171875 360.500427246094 353.341552734375 353.514862060547 370.260070800781 344.485900878906 322.325042724609 370.701690673828 346.298065185547 338.761169433594 123.047164916992 87.7392654418945 87.7372589111328 198.495483398438 302.752380371094 245.098480224609 184.885055541992 168.732757568359 170.899810791016 170.903717041016 170.903717041016 170.899810791016 170.903717041016 131.807250976562 61.5746192932129 61.5760269165039 61.5760269165039 65.5854949951172 2520.88916015625 435.897979736328 61.5746192932129 61.5760269165039 61.5760269165039 65.6163864135742 70.7950286865234 54.7121810913086 28.9919605255127 27.8927917480469 27.8927917480469 27.8921546936035 27.8927917480469 27.8927917480469 27.8921546936035 27.8927917480469 27.8927917480469 27.8921546936035 27.8927917480469 53.6359176635742
371.541839599609 371.573181152344 371.568939208984 367.487457275391 355.945007324219 356.483459472656 75.9088592529297 52.2067642211914 350.613403320312 350.613403320312 354.290435791016 147.601226806641 87.7469253540039 87.7449188232422 80.9670715332031 160.428756713867 69.3653564453125 139.849700927734 170.918640136719 170.914733886719 170.918640136719 170.918640136719 170.914733886719 148.001327514648 63.768123626709 61.5799942016602 61.5814056396484 61.5814056396484 367.754913330078 1791.91088867188 62.4232902526855 61.5799942016602 61.5814056396484 61.5814056396484 60.8301734924316 45.4011764526367 28.0416145324707 27.894588470459 27.895227432251 27.895227432251 27.894588470459 27.895227432251 27.895227432251 27.894588470459 27.895227432251 27.895227432251 27.894588470459 27.895227432251 46.6766090393066
