Scripts_&_data/B6_all_seraphim_analyses/Environmental_files/LASV_rasters/Pop_density_NGA_0.04.asc
NCOLS 408 
NROWS 336 
XLLCORNER -7.19999999887477e-05 
YLLCORNER 1.9999752 
CELLSIZE 0.04166665 
NODATA_value -3.4e+38 
[rows 160 to 179 of 336, columns 46 to 91 of 408]
9.20743335723877 8.27872640609741 7.66429269790649 7.66424886703491 7.66429269790649 7.66429269790649 7.66424886703491 7.66429269790649 7.66429269790649 7.66424886703491 7.66429269790649 7.66429269790649 7.66424886703491 8.64793354034424 37.0975414848328 60.214196472168 723.637636566162 1097.31316421509 244.651940155029 59.6546385192871 11.7083456611633 7.66424886703491 7.66429269790649 7.66429269790649 7.66424886703491 7.66429269790649 7.66429269790649 7.66424886703491 7.66429269790649 10.5338099098206 17.0324868011475 17.0325839233398 17.0325839233398 17.0324868011475 17.0325839233398 17.0325839233398 17.0324868011475 17.0325839233398 17.0325839233398 17.0324868011475 17.0325839233398 17.0325839233398 17.0324868011475 17.0325839233398 17.0325839233398 11.9810317611694
9.20873954772949 8.12204843521118 7.66538038253784 7.66533660888672 7.66538038253784 7.66538038253784 7.66533660888672 7.66538038253784 7.66538038253784 7.66533660888672 7.66538038253784 7.66538038253784 7.66533660888672 7.66538038253784 7.66538038253784 28.0964373207092 57.9177722167969 40.4804866218567 22.551091003418 13.8570042800903 7.66538038253784 7.66533660888672 7.66538038253784 7.66538038253784 7.66533660888672 7.66538038253784 7.66538038253784 7.66533660888672 7.66538038253784 12.5656557273865 17.0349041748047 17.0350016784668 17.0350016784668 17.0349041748047 17.0350016784668 17.0350016784668 17.0349041748047 17.0350016784668 17.0350016784668 17.0349041748047 17.0350016784668 17.0350016784668 17.0349041748047 17.0350016784668 17.0350016784668 12.1739569091797
9.20983093261719 8.09739559173584 7.66628856658936 7.6662446975708 7.66628856658936 7.66628856658936 7.6662446975708 19.0789592933655 141.885654430389 7.6662446975708 7.66628856658936 7.66628856658936 7.6662446975708 7.66628856658936 7.66628856658936 7.6662446975708 10.0982235717773 7.7123317527771 7.6662446975708 7.66628856658936 7.66628856658936 7.6662446975708 7.66628856658936 7.66628856658936 7.6662446975708 7.66628856658936 7.66628856658936 7.6662446975708 8.19690700531006 17.0329094696045 17.0369219207764 17.0370195007324 17.0370195007324 17.0369219207764 17.0370195007324 17.0370195007324 17.0369219207764 17.0370195007324 17.0370195007324 17.0369219207764 17.0370195007324 17.0370195007324 17.0369219207764 17.0370195007324 17.0370195007324 12.366649055481
9.210705909729 8.21424003601074 7.66701679229736 7.66697301864624 7.66701679229736 7.66701679229736 7.66697301864624 66.25775598526 369.39589138031 12.9974127578735 7.66701679229736 7.66701679229736 7.66697301864624 7.66701679229736 7.66701679229736 7.66697301864624 7.66701679229736 7.66701679229736 7.66697301864624 7.66701679229736 7.66701679229736 7.66697301864624 7.66701679229736 7.66701679229736 7.66697301864624 7.66701679229736 7.66701679229736 7.66697301864624 9.04313306808472 17.0386385345459 17.0385411834717 17.0386385345459 17.0386385345459 17.0385411834717 17.0386385345459 17.0386385345459 17.0385411834717 17.0386385345459 17.0386385345459 17.0385411834717 17.0386385345459 17.0386385345459 17.0385411834717 17.0386385345459 17.080209197998 17.1588029098511
9.21199710845947 8.77805379867554 7.70224201202393 7.66804811477661 7.66809194564819 7.66809194564819 7.66804811477661 7.66809194564819 7.66809194564819 7.66804811477661 7.66809194564819 7.66809194564819 7.66804811477661 7.66809194564819 7.66809194564819 7.66804811477661 7.66809194564819 7.66809194564819 7.66804811477661 7.66809194564819 7.66809194564819 7.66804811477661 7.66809194564819 7.66809194564819 7.66804811477661 7.66809194564819 7.66809194564819 7.66804811477661 13.5093185997009 17.0410271453857 17.0409297180176 17.0410271453857 17.0410271453857 17.0409297180176 17.0410271453857 17.0410271453857 17.0409297180176 17.0410271453857 17.0410271453857 17.0409297180176 17.0410271453857 17.0410271453857 17.0409297180176 17.0410270690918 23.9211921691895 30.0332870483398
9.21307319641113 9.21304683685303 9.02673980712891 7.86436500549316 7.66898782730103 7.66898782730103 7.66894399642944 7.66898782730103 7.66898782730103 7.66894399642944 7.66898782730103 7.66898782730103 7.66894399642944 7.66898782730103 7.66898782730103 7.66894399642944 7.66898782730103 7.66898782730103 7.66894399642944 7.66898782730103 7.66898782730103 7.66894399642944 7.66898782730103 7.9659712600708 9.28357654571533 7.72072971343994 7.66920660018921 9.40712001800537 16.1684164428711 17.0430180358887 17.0429206085205 17.0430180358887 17.0430180358887 17.0429206085205 17.0430180358887 17.0430180358887 17.0429206085205 17.0430180358887 17.0430180358887 17.0429206085205 17.0430180358887 17.0430180358887 17.0429206085205 19.4131481933594 30.0369668579102 30.4734913635254
9.2139336013794 9.21390705108643 9.1574520111084 7.75835845947266 7.66970432281494 7.66970432281494 7.66966039657593 7.66970432281494 7.66970432281494 7.66966039657593 7.66970432281494 7.66970432281494 7.66966039657593 7.66970432281494 7.66970432281494 7.66966039657593 7.66970432281494 7.66970432281494 7.66966039657593 7.66970432281494 9.00490591049194 12.8484987068176 12.6471161842346 16.0126713180542 17.0445125579834 15.3659200286865 15.8386813163757 17.0445125579834 17.0446102142334 17.0446102142334 17.0445125579834 17.0446102142334 17.0446102142334 17.0445125579834 17.0446102142334 17.0446102142334 17.0445125579834 17.0446102142334 17.0446102142334 17.0445125579834 17.0446102142334 17.0446102142334 17.0445125579834 20.4236044311523 30.0397734832764 30.4593779754639
9.21521137237549 9.21518497467041 8.8582439994812 7.67072374343872 7.67076766967773 7.67076766967773 7.67072374343872 7.67076766967773 7.67076766967773 7.67072374343872 7.67076766967773 7.67076766967773 7.67072374343872 7.67076766967773 7.67076766967773 7.67072374343872 7.67076766967773 7.67076766967773 7.67072374343872 7.67076766967773 10.34477394104 17.0468758392334 17.0469733428955 17.0469733428955 17.0468758392334 17.0469733428955 17.0469733428955 17.0468758392334 17.0469733428955 17.0469733428955 17.0468758392334 17.0469733428955 17.0469733428955 17.0468758392334 17.0469733428955 17.0469733428955 17.0468758392334 17.0469733428955 17.0469733428955 17.0468758392334 17.0469733428955 17.0469733428955 17.6707454681396 26.7688573455811 30.0439373779297 30.0437655639648
9.21627281188965 9.21624641418457 8.63638620376587 7.67160722732544 7.67165124893188 7.67165124893188 7.67160722732544 7.67165124893188 7.67165124893188 7.67160722732544 7.67165124893188 7.67165124893188 7.67160722732544 7.67165124893188 7.67165124893188 7.67160722732544 7.67165124893188 7.67165124893188 7.67160722732544 7.67165124893188 9.39773347854614 17.0488391876221 17.0489368438721 17.0489368438721 17.0488391876221 17.0489368438721 17.0489368438721 17.0488391876221 17.0489368438721 17.0489368438721 17.0488391876221 17.0489368438721 17.0489368438721 17.0488391876221 17.0489368438721 17.0489368438721 17.0488391876221 17.0489368438721 17.0489368438721 17.0488391876221 17.01846824646 15.7248578262329 23.3028943634033 30.0473983001709 30.0473983001709 30.0472260284424
9.21711837768555 9.2170919418335 8.56171360015869 7.67231134414673 7.67235513687134 7.67235513687134 7.67231134414673 7.67235513687134 7.67235513687134 7.67231134414673 7.67235513687134 7.67235513687134 7.67231134414673 7.67235513687134 7.67235513687134 7.67231134414673 7.67235513687134 7.67235513687134 7.67231134414673 7.67235513687134 11.2132884025574 17.0504036712646 17.0505011749268 17.0505011749268 17.0504036712646 17.0505011749268 17.0505011749268 17.0504036712646 17.0505011749268 17.0505011749268 17.0504036712646 17.0505011749268 17.0505011749268 17.0504036712646 17.0505011749268 17.0505011749268 17.0504036712646 17.0505011749268 17.4526326751709 20.319800567627 15.3621854400635 11.9733430480957 16.1862643814087 29.9200060272217 30.0501549530029 30.0499831390381
9.2183812713623 9.21835498809815 8.94030784606934 7.75454082489014 7.67340602874756 7.67340602874756 7.673362159729 7.67340602874756 7.67340602874756 7.673362159729 7.67340602874756 7.67340602874756 7.673362159729 7.67340602874756 7.67340602874756 130.258676300049 568.226678905487 40.1871611976624 7.673362159729 7.67340602874756 12.9800287628174 17.0527394866943 17.0528368377686 17.0528368377686 17.0527394866943 17.0528368377686 17.0528368377686 17.0527394866943 17.0528368377686 17.0528368377686 17.0527394866943 17.0528368377686 17.0528368377686 17.0527394866943 17.0528368377686 17.0528368377686 19.2614306640625 24.0878092193604 27.3961396026611 28.4139436340332 27.4409078598022 13.2769923782349 11.9749141311646 16.8924444198608 22.5936576461792 27.4468682861328
9.21942768096924 9.21940116882324 9.21942821502686 8.98664972305298 8.27202322006226 7.83527795791626 7.67423385620117 7.67427774429321 7.67427774429321 7.67423385620117 7.67427774429321 7.67427774429321 7.67423385620117 7.67427774429321 7.67427774429321 40.1306701087952 259.484417247772 11.3298680114746 7.67423385620117 7.67427774429321 14.5268261528015 17.054676361084 17.0547741699219 17.0547741699219 17.054676361084 17.0547741699219 17.0547741699219 17.054676361084 17.0547741699219 17.0547741699219 17.054676361084 17.0547741699219 17.0547741699219 17.054676361084 17.3002468109131 22.7725816345215 28.2262937927246 28.4173329925537 28.4173329925537 28.4171701812744 28.4173329925537 18.6624066162109 11.9762745285034 676.210879821777 2169.55630031586 11.9762745285034
9.22025932312012 9.22023296356201 9.22025917053223 9.22020637512207 9.22025917053223 9.21555755615234 8.81249328613281 7.67558185577393 7.67496932983398 7.67492547988892 7.67496932983398 7.67496932983398 7.67492547988892 7.67496932983398 7.67496932983398 7.67492547988892 7.67496932983398 7.67496932983398 7.67492547988892 8.08721635818481 15.3986133575439 17.0562130737305 17.0563105773926 17.0563105773926 17.0562130737305 17.0563105773926 17.0563105773926 17.0562130737305 18.1017742156982 19.329077835083 18.3289559936523 17.0563105773926 19.8836472320557 26.6380711364746 27.9472406005859 28.4198934173584 28.4197309875488 28.4198934173584 28.4198934173584 28.4197309875488 28.4198934173584 24.0352648544312 11.9773537445068 413.990161857605 3329.75066318512 42.2853902053833
9.22150707244873 9.2214807510376 9.22150699615479 9.22145431518555 9.22150699615479 9.22150699615479 13.9982157325745 18.2861234664917 18.1074421882629 18.0020341682434 17.8464935493469 17.7060022163391 17.4684416389465 17.3515435218811 17.1420977973938 16.9962752723694 16.805848865509 16.5899441719055 16.4178587532043 16.6288229560852 17.0586191558838 17.0585218048096 17.0586191558838 17.0586191558838 17.0585218048096 17.0586191558838 17.0677033233643 20.9759887695312 27.4690767669678 28.4237406921387 28.2235272216797 27.9690770721436 28.4146459197998 28.423578338623 28.4237406921387 28.4237406921387 28.423578338623 28.4237406921387 28.4237406921387 28.423578338623 28.4237406921387 26.6345596313477 12.0842209243774 11.9790438842773 11.9790438842773 11.9789753723145
9.22253982543945 9.2225133895874 9.22253974914551 9.22248683929443 9.22253974914551 9.22253974914551 13.5472535705566 25.3296644592285 25.3296644592285 25.3295194244385 25.3296644592285 25.3296644592285 25.3295194244385 25.3296644592285 25.3296644592285 25.3295194244385 25.3296644592285 25.3296644592285 25.3295194244385 24.3536479187012 17.0605297088623 17.0604320526123 17.0605297088623 17.0605297088623 17.0604320526123 17.0696265411377 22.536408996582 28.4267599487305 28.42692237854 28.42692237854 28.4267599487305 28.42692237854 28.42692237854 28.4267599487305 28.42692237854 28.42692237854 28.4267599487305 28.42692237854 28.42692237854 28.4267599487305 28.42692237854 28.42692237854 16.4670057678223 11.980385055542 11.980385055542 11.9803165054321
9.22335548400879 9.22332897186279 9.22335601806641 9.22330326080322 9.22335601806641 9.22335601806641 10.4425185394287 25.2730545806885 25.331907119751 25.3317620849609 25.331907119751 25.331907119751 25.3317620849609 25.331907119751 25.331907119751 25.3317620849609 25.331907119751 25.331907119751 25.3317620849609 24.4469136047363 17.0635633850098 17.0619415283203 17.0620391845703 17.0620391845703 17.7076012420654 24.9375061035156 28.4294397735596 28.4292768096924 28.4294397735596 28.4294397735596 28.4292768096924 28.4294397735596 28.4294397735596 28.4292768096924 467.827490768433 1856.73319732666 849.028214187622 28.4294397735596 28.4294397735596 28.4292768096924 28.4294397735596 28.4294397735596 27.2780125045776 20.4491036605835 14.6263331222534 11.9813767242432
9.22458957672119 9.22456321716309 9.22458950042725 9.22453674316406 9.22458950042725 9.22458950042725 9.22453674316406 22.0758808135986 25.3352953338623 25.3351502990723 25.3352953338623 25.3352953338623 25.3351502990723 25.3352953338623 25.3352953338623 25.3351502990723 25.3352953338623 25.3352953338623 25.3351502990723 24.3283097839355 17.0647319030762 17.3917450714111 17.0643224334717 18.0466342926025 26.3048734283447 28.4332418060303 28.4332418060303 28.433078994751 28.4332418060303 28.4332418060303 28.433078994751 28.4332418060303 28.4332418060303 28.433078994751 839.816310119629 2749.76991699219 1463.36281013489 28.4332418060303 28.4332418060303 28.433078994751 28.4332418060303 28.4332418060303 28.433078994751 28.4332418060303 27.9857530975342 14.3565975952148
9.22560737609863 9.22558097839356 9.22560722351074 9.22555435180664 9.22560722351074 9.22560722351074 9.22555435180664 22.1372094345093 25.3380889892578 25.3379440307617 25.3380889892578 25.3380889892578 25.3379440307617 25.3380889892578 25.3380889892578 25.3379440307617 25.3380889892578 25.3380889892578 25.3379440307617 25.2832872772217 20.138978729248 27.9815029907227 27.0628759765625 27.044659576416 28.4362163543701 28.4363788604736 28.4363788604736 28.4362163543701 28.4363788604736 28.4363788604736 28.4362163543701 28.4363788604736 28.4363788604736 28.4362163543701 28.4363788604736 77.105061416626 28.4362163543701 28.4363788604736 28.4363788604736 28.4362163543701 28.4363788604736 28.4363788604736 28.4362163543701 28.4363788604736 28.4363788604736 16.8981326293945
16.0769806671143 10.179019241333 9.22640857696533 9.2263557434082 9.22640857696533 9.22640857696533 9.5008703994751 24.1475342559814 25.3402914428711 25.3401464080811 25.3402914428711 25.3402914428711 25.3401464080811 25.3402914428711 25.3402914428711 25.3401464080811 25.3402914428711 25.3402914428711 25.3401464080811 25.3290467071533 27.6060892486572 28.4386865997314 28.438849029541 28.438849029541 28.4386865997314 28.438849029541 28.438849029541 28.4386865997314 28.438849029541 28.438849029541 28.4386865997314 28.438849029541 28.438849029541 28.4386865997314 28.438849029541 28.438849029541 28.4386865997314 28.438849029541 28.438849029541 28.4386865997314 28.438849029541 28.438849029541 28.4386865997314 28.438849029541 28.4256721496582 17.2140056610107
26.4472137451172 21.8579327011108 12.4637438583374 9.22757503509522 9.22762783050537 9.22762783050537 9.89428386688232 25.2337146377563 25.3436394500732 25.3434943389893 25.3436394500732 25.3436394500732 25.3434943389893 25.3436394500732 25.3436394500732 25.3434943389893 25.3436394500732 25.3436394500732 25.3434943389893 25.3472552490234 27.906060256958 28.4424425506592 28.4426053619385 28.4426053619385 28.4424425506592 28.4426053619385 28.4426053619385 28.4424425506592 28.4426053619385 28.4426053619385 28.4424425506592 28.4426053619385 28.4426053619385 28.4424425506592 28.4426053619385 28.4426053619385 28.4424425506592 28.4426053619385 28.4426053619385 28.4424425506592 28.4426053619385 28.4426053619385 28.4424425506592 28.4426053619385 28.4426053619385 24.5600293731689
