Scripts_&_data/B6_all_seraphim_analyses/Environmental_files/LASV_rasters/Pop_density_all_0.04.asc
NCOLS 816 
NROWS 336 
XLLCORNER -17.0000652 
YLLCORNER 1.9999752 
CELLSIZE 0.04166665 
NODATA_value -9999 
[rows 242 to 263 of 336, columns 245 to 293 of 816]
134.509490966797 180.305618286133 228.145248413086 234.792587280273 234.792587280273 234.795272827148 234.792587280273 234.792587280273 234.795272827148 234.792587280273 234.792587280273 234.795272827148 133.012023925781 138.182769775391 146.284317016602 146.282638549805 146.282638549805 146.284317016602 146.282638549805 146.282638549805 146.284317016602 146.282638549805 127.035270690918 96.5090560913086 96.4050521850586 96.4050521850586 172.323043823242 99.0164947509766 96.4050521850586 96.4061584472656 149.247695922852 191.180038452148 191.182220458984 191.182830810547 292.993072509766 194.431167602539 191.180038452148 191.180038452148 191.182220458984 191.180038452148 191.180038452148 191.182220458984 183.762619018555 104.352470397949 94.6903381347656 94.6892547607422 94.6892547607422 94.6903381347656 109.937156677246
128.741180419922 137.594848632812 182.572113037109 234.810165405273 234.810165405273 234.812850952148 234.810165405273 234.810165405273 234.812850952148 234.810165405273 234.810165405273 234.812850952148 204.311019897461 150.805740356445 146.295272827148 146.293594360352 146.293594360352 146.295272827148 146.293594360352 146.293594360352 146.295272827148 135.832183837891 97.8856430053711 96.4133682250977 96.4122695922852 96.4122695922852 1627.74060058594 626.361633300781 96.4122695922852 96.4133682250977 168.563980102539 191.1943359375 191.196533203125 883.291809082031 2904.58666992188 1411.18701171875 191.1943359375 191.1943359375 191.196533203125 191.1943359375 191.1943359375 191.196533203125 191.1943359375 167.036865234375 95.9035720825195 94.6963424682617 94.6963424682617 94.6974258422852 1739.97155761719
152.522750854492 152.696640014648 166.540924072266 202.320785522461 950.074523925781 661.237609863281 234.830276489258 234.830276489258 234.832977294922 234.830276489258 234.830276489258 234.832977294922 234.830276489258 169.194595336914 146.307815551758 146.306137084961 146.306137084961 146.307815551758 146.306137084961 146.306137084961 141.998519897461 102.04956817627 96.420539855957 96.4216384887695 96.420539855957 96.420539855957 348.54931640625 264.399749755859 96.420539855957 96.4216384887695 172.958541870117 191.210739135742 191.212921142578 677.397094726562 2336.2861328125 1057.66076660156 191.210739135742 191.210739135742 191.212921142578 191.210739135742 191.210739135742 191.212921142578 191.210739135742 191.210739135742 129.945648193359 94.704460144043 94.704460144043 94.7055435180664 94.704460144043
161.765106201172 161.765106201172 161.766952514648 160.39485168457 1516.11157226562 1397.33325195312 234.844940185547 234.844940185547 234.847625732422 234.844940185547 234.844940185547 234.847625732422 234.844940185547 201.027847290039 131.894775390625 129.983337402344 136.541290283203 146.316940307617 146.31526184082 122.49382019043 106.098091125488 96.4265518188477 96.4265518188477 96.4276504516602 96.4265518188477 96.4265518188477 96.4276504516602 96.4265518188477 96.4265518188477 96.4276504516602 163.32421875 191.22265625 191.224853515625 191.22265625 191.22265625 191.224853515625 191.22265625 191.22265625 191.224853515625 191.22265625 191.22265625 191.224853515625 191.22265625 188.623291015625 100.034912109375 93.3108749389648 94.7103652954102 94.7114486694336 94.7103652954102
161.776947021484 161.776947021484 161.778793334961 161.776947021484 151.873382568359 219.691558837891 234.862121582031 234.862121582031 234.864822387695 234.862121582031 234.862121582031 234.864822387695 234.862121582031 191.22868347168 115.917282104492 115.915954589844 115.937995910645 137.735443115234 146.261840820312 99.8597946166992 96.4347152709961 96.4336090087891 96.4336090087891 96.4347152709961 96.4336090087891 96.4336090087891 96.4347152709961 96.4336090087891 96.4336090087891 96.4347152709961 148.400497436523 185.973403930664 190.597534179688 191.23664855957 191.23664855957 191.238845825195 174.083267211914 163.454162597656 159.871826171875 173.090072631836 191.23664855957 191.238845825195 191.23664855957 152.294021606445 89.6280212402344 89.7796325683594 91.6602478027344 94.4189147949219 94.7173004150391
161.790557861328 161.790557861328 161.792404174805 161.790557861328 161.790557861328 200.812103271484 234.881881713867 234.881881713867 234.884582519531 234.881881713867 234.881881713867 234.884582519531 234.881881713867 199.996643066406 115.927040100098 115.925712585449 115.925712585449 124.345054626465 132.472351074219 96.4417190551758 96.4428253173828 96.4417190551758 96.4417190551758 96.4428253173828 96.4417190551758 96.4417190551758 96.4428253173828 96.4417190551758 96.4417190551758 96.1918411254883 84.4199142456055 82.4330749511719 83.1201171875 87.7859268188477 91.2727432250977 86.9384384155273 82.7605514526367 82.4330749511719 82.4340133666992 85.230110168457 140.647827148438 190.147171020508 191.25276184082 106.576461791992 89.6355667114258 89.6345443725586 89.6345443725586 91.5827484130859 94.7252731323242
161.800369262695 161.800369262695 161.802230834961 161.800369262695 161.800369262695 158.865707397461 166.147064208984 230.916900634766 234.898834228516 234.896148681641 234.896148681641 234.898834228516 234.896148681641 234.138137817383 110.687705993652 75.0700836181641 115.577041625977 115.934074401855 109.514839172363 96.4475708007812 96.4486770629883 96.4475708007812 96.4475708007812 96.4486770629883 96.4475708007812 96.398323059082 96.4486770629883 96.4475708007812 96.4475708007812 90.8838882446289 82.4380874633789 82.4380874633789 82.4390335083008 82.4380874633789 82.4380874633789 82.4390335083008 82.4380874633789 82.4380874633789 82.4390335083008 82.4380874633789 82.4380874633789 108.309516906738 176.995132446289 92.8097152709961 89.6410064697266 89.6399841308594 89.6399841308594 92.060302734375 94.7310256958008
161.811965942383 161.811965942383 161.813812255859 161.811965942383 161.811965942383 161.813812255859 130.108123779297 176.612564086914 234.915649414062 234.912963867188 234.912963867188 234.749359130859 203.217178344727 220.678649902344 51.7817916870117 102.540946960449 115.941047668457 115.942375183105 106.683883666992 96.4544906616211 96.4555892944336 96.4544906616211 96.4544906616211 95.3452453613281 84.9994964599609 82.1194534301758 93.7427597045898 96.4544906616211 96.0242919921875 84.0193634033203 82.4439926147461 82.4439926147461 82.444938659668 82.4439926147461 82.4439926147461 82.444938659668 82.4439926147461 82.4439926147461 82.444938659668 82.4439926147461 82.4439926147461 82.444938659668 88.9797058105469 90.2875595092773 89.6474304199219 89.6464004516602 91.3108215332031 94.5317306518555 94.7378082275391
161.825317382812 161.825317382812 161.827178955078 161.825317382812 161.825317382812 161.827178955078 141.378662109375 145.736343383789 233.215789794922 184.912231445312 92.4626846313477 81.9636764526367 34.6886215209961 48.607234954834 38.7133102416992 113.060279846191 115.950630187988 115.951950073242 111.24210357666 96.4996337890625 96.3972244262695 85.2975234985352 66.1551361083984 73.9550933837891 77.9747772216797 77.9747772216797 78.7260513305664 85.2384796142578 83.3805236816406 82.4517364501953 82.4507904052734 82.4507904052734 82.4517364501953 82.4507904052734 82.4507904052734 82.4517364501953 82.4507904052734 82.4507904052734 82.4517364501953 82.4507904052734 82.4507904052734 82.4517364501953 85.4427795410156 89.65380859375 89.6548309326172 83.6552352905273 91.6511001586914 92.4065856933594 91.2164840698242
161.834884643555 161.834884643555 161.83674621582 161.834884643555 161.834884643555 161.83674621582 161.834884643555 146.460494995117 152.114501953125 34.6906700134277 34.6906700134277 34.6910667419434 34.6906700134277 34.6906700134277 34.8007278442383 84.4480743408203 65.0439300537109 107.166053771973 115.957473754883 92.2988662719727 42.7354850769043 34.6906700134277 34.6906700134277 56.1496772766113 77.9793853759766 77.9793853759766 77.9802780151367 77.9793853759766 78.6714706420898 82.2202835083008 82.4556655883789 82.4556655883789 82.4566116333008 82.4556655883789 82.4556655883789 82.4566116333008 82.4556655883789 82.4556655883789 82.4566116333008 82.4556655883789 82.4556655883789 82.4566116333008 84.0302047729492 89.6591033935547 89.6601333618164 80.0430603027344 85.1674118041992 89.6601333618164 89.6591033935547
161.781387329102 161.846221923828 161.848068237305 161.846221923828 161.846221923828 161.848068237305 161.846221923828 161.846221923828 100.367904663086 32.5879592895508 34.6930999755859 34.6934967041016 34.6930999755859 34.6930999755859 34.6934967041016 34.6930999755859 34.6930999755859 89.0831680297852 115.965599060059 101.855690002441 36.4602508544922 34.6930999755859 34.6930999755859 40.976146697998 77.920280456543 77.9848403930664 77.9857330322266 77.9848403930664 77.9848403930664 79.4546356201172 82.4501800537109 82.4614410400391 82.4623870849609 82.4614410400391 82.4614410400391 82.4623870849609 82.4614410400391 82.4614410400391 82.4623870849609 82.4614410400391 82.4614410400391 82.4623870849609 85.5793075561523 89.6653823852539 89.6664047241211 89.6653823852539 78.8720626831055 89.6664047241211 89.6653823852539
156.111801147461 160.699859619141 161.861175537109 161.859313964844 161.859313964844 161.861175537109 161.859313964844 161.859313964844 85.3625564575195 30.087610244751 33.9633750915527 34.6963043212891 34.6959075927734 34.6959075927734 34.6963043212891 34.6959075927734 34.6959075927734 82.8210830688477 115.974983215332 106.017860412598 37.0338592529297 34.6959075927734 34.6959075927734 34.6963043212891 68.9664077758789 77.9911499023438 77.9920425415039 77.9911499023438 77.9911499023438 77.9920425415039 80.0543518066406 81.2395248413086 82.4690551757812 82.4681091308594 82.4681091308594 82.4690551757812 82.4681091308594 82.4681091308594 82.4690551757812 82.4681091308594 82.4681091308594 82.5152435302734 88.1951293945312 89.6726379394531 89.6736602783203 89.6726379394531 78.9115371704102 88.1073532104492 94.9449462890625
155.525268554688 159.006118774414 161.870483398438 161.868637084961 161.868637084961 161.870483398438 161.868637084961 161.868637084961 66.614143371582 32.3503837585449 28.463695526123 34.0074119567871 34.6979026794434 34.6979026794434 34.698299407959 34.6979026794434 34.6979026794434 73.9979400634766 115.981651306152 66.6495666503906 34.698299407959 34.6979026794434 34.6979026794434 34.698299407959 53.7261543273926 77.9956359863281 77.9965286254883 77.9956359863281 77.9956359863281 77.9965286254883 77.9956359863281 79.1464385986328 82.4738082885742 82.4728622436523 82.4728622436523 82.4738082885742 82.4728622436523 82.4728622436523 82.4738082885742 82.4728622436523 82.4728622436523 83.8404388427734 89.6777954101562 89.6777954101562 89.678825378418 89.5249481201172 79.3837966918945 86.7727355957031 107.572807312012
155.535903930664 156.410079956055 160.297393798828 161.874694824219 161.879699707031 161.881561279297 161.879699707031 161.879699707031 47.8641891479492 34.7002754211426 32.2296676635742 34.6191062927246 34.7002754211426 34.7002754211426 34.7006721496582 34.7002754211426 34.7002754211426 57.1360931396484 87.74169921875 41.1682510375977 34.7006721496582 34.7002754211426 34.7002754211426 34.7006721496582 38.9678115844727 77.5178146362305 78.0018692016602 78.0009689331055 78.0009689331055 78.0018692016602 78.0009689331055 78.8706436157227 82.4794464111328 82.4785003662109 82.4785003662109 82.4794464111328 82.4785003662109 82.4785003662109 82.4794464111328 82.4785003662109 82.4785003662109 85.5963363647461 89.6839294433594 89.6839294433594 85.997917175293 77.325569152832 89.5657501220703 89.6849594116211 120.252136230469
155.548248291016 155.548248291016 155.550033569336 155.98274230957 155.947784423828 155.804824829102 155.658294677734 155.987503051758 47.8962326049805 34.7030296325684 34.7030296325684 34.703426361084 33.5828704833984 34.7030296325684 34.703426361084 34.7030296325684 34.7030296325684 34.703426361084 34.7064819335938 34.7030296325684 34.703426361084 34.7030296325684 34.7030296325684 34.703426361084 34.7030296325684 66.5453720092773 78.008056640625 78.0071640014648 78.0071640014648 78.008056640625 78.0071640014648 78.5956726074219 82.4859924316406 82.4850463867188 82.4850463867188 82.4859924316406 82.4850463867188 82.4850463867188 82.4859924316406 82.4850463867188 82.4850463867188 86.8835906982422 89.691047668457 89.691047668457 81.3885726928711 89.691047668457 89.691047668457 97.6875228881836 270.443267822266
155.556945800781 155.556945800781 155.558715820312 155.556945800781 155.556945800781 155.558715820312 155.556945800781 155.556945800781 148.373596191406 67.0330505371094 34.7049713134766 34.7053680419922 30.8729133605957 31.1056137084961 34.7053680419922 34.7049713134766 34.7049713134766 34.7053680419922 34.7049713134766 34.7049713134766 34.7053680419922 34.7049713134766 34.7049713134766 34.7053680419922 34.7049713134766 51.3017692565918 78.0124206542969 78.0115280151367 78.0115280151367 78.0124206542969 78.0115280151367 78.3188171386719 82.4906005859375 82.4896545410156 82.4896545410156 82.4906005859375 82.4896545410156 82.4896545410156 82.4906005859375 82.4896545410156 82.4896545410156 87.2663803100586 89.6960601806641 82.8390579223633 85.7192153930664 89.6960601806641 89.6960601806641 160.57731628418 326.458221435547
155.567337036133 155.567337036133 155.569122314453 155.567337036133 155.567337036133 155.569122314453 155.567337036133 155.567337036133 155.569122314453 130.572174072266 45.0182456970215 34.7076873779297 31.1515064239502 34.7072906494141 34.7076873779297 34.7072906494141 34.7072906494141 34.7076873779297 34.7072906494141 34.7072906494141 34.7076873779297 34.7072906494141 34.7072906494141 34.7076873779297 34.7072906494141 37.3478736877441 76.7266998291016 78.0167388916016 78.0167388916016 78.0176315307617 78.0167388916016 78.0661315917969 82.7632598876953 82.4951705932617 82.3498306274414 49.3750038146973 74.6424026489258 79.5648040771484 74.9440307617188 81.4989318847656 82.4951705932617 85.7787857055664 82.5721588134766 80.481086730957 89.7030792236328 89.7020492553711 89.7020492553711 158.236724853516 144.464141845703
155.579437255859 155.579437255859 155.581207275391 155.579437255859 155.579437255859 155.581207275391 155.579437255859 155.579437255859 155.581207275391 155.579437255859 124.407096862793 35.402473449707 33.6680374145508 27.8812465667725 34.7103843688965 34.7099876403809 34.7099876403809 34.7103843688965 34.7099876403809 34.7099876403809 34.7103843688965 34.7099876403809 34.7099876403809 43.8507308959961 63.391716003418 74.262565612793 77.9006118774414 78.0227966308594 78.0227966308594 78.0236892700195 78.0227966308594 78.0227966308594 88.2137603759766 79.0099792480469 70.3998870849609 30.1356182098389 3.52226877212524 24.3317909240723 70.9279556274414 51.6781272888184 46.9848365783691 48.8043251037598 22.4975814819336 84.3000259399414 82.228759765625 89.7090225219727 89.7090225219727 57.3277778625488 15.235369682312
155.587875366211 155.587875366211 155.589645385742 155.587875366211 155.587875366211 155.589645385742 155.587875366211 155.587875366211 155.589645385742 155.587875366211 124.918174743652 34.829719543457 34.7118721008301 31.5185527801514 34.712272644043 34.7118721008301 34.7118721008301 34.712272644043 34.7118721008301 34.7118721008301 34.712272644043 34.7118721008301 59.2214584350586 78.0109100341797 78.0270385742188 78.0270385742188 78.0279312133789 78.0270385742188 78.0270385742188 78.0279312133789 78.0270385742188 78.0270385742188 87.3602142333984 55.9098243713379 45.0533790588379 41.820743560791 55.3588981628418 58.7575225830078 69.3897399902344 82.6209411621094 79.2154541015625 77.5826416015625 701.018859863281 51.6991691589355 62.0029525756836 59.0073127746582 51.3905181884766 48.8632125854492 -9999
155.598022460938 155.598022460938 155.599807739258 155.598022460938 155.598022460938 155.599807739258 155.598022460938 155.598022460938 155.599807739258 155.598022460938 118.946487426758 34.7145347595215 34.7141380310059 31.5875988006592 34.7145347595215 34.7141380310059 34.7141380310059 34.7145347595215 34.7141380310059 34.7141380310059 34.7145347595215 34.7141380310059 62.7636947631836 78.0330200195312 78.0321273803711 78.0321273803711 78.0330200195312 76.0620803833008 54.0811958312988 71.4060211181641 70.7658233642578 62.2568817138672 57.5193138122559 41.6052055358887 -9999 -9999 -9999 -9999 -9999 -9999 -9999 -9999 -9999 -9999 -9999 -9999 -9999 -9999 -9999
155.609878540039 155.609878540039 155.61164855957 155.609878540039 155.609878540039 155.61164855957 155.609878540039 155.609878540039 155.61164855957 155.609878540039 140.343566894531 47.3407325744629 34.7167778015137 32.739070892334 30.276216506958 34.7051048278809 34.7167778015137 34.7171783447266 34.7167778015137 34.7167778015137 34.7171783447266 34.7167778015137 60.688892364502 77.5914154052734 63.3125114440918 56.2636947631836 47.8805923461914 -9999 -9999 -9999 -9999 -9999 -9999 -9999 -9999 -9999 -9999 -9999 -9999 -9999 -9999 -9999 -9999 -9999 -9999 -9999 -9999 -9999 -9999
155.618072509766 155.618072509766 155.619857788086 155.618072509766 155.618072509766 155.619857788086 155.618072509766 155.618072509766 155.619857788086 155.618072509766 152.302001953125 50.8596878051758 34.7186126708984 34.7186126708984 34.7190093994141 34.7186126708984 34.7186126708984 34.7190093994141 34.7186126708984 34.7186126708984 30.6879119873047 18.2557621002197 -9999 -9999 -9999 -9999 -9999 -9999 -9999 -9999 -9999 -9999 -9999 -9999 -9999 -9999 -9999 -9999 -9999 -9999 -9999 -9999 -9999 -9999 -9999 -9999 -9999 -9999 -9999
