Scripts_&_data/B6_all_seraphim_analyses/Environmental_files/LASV_rasters/Pop_density_NGA_0.04.asc
NCOLS 408 
NROWS 336 
XLLCORNER -7.19999999887477e-05 
YLLCORNER 1.9999752 
CELLSIZE 0.04166665 
NODATA_value -3.4e+38 
[rows 40 to 59 of 336, columns 230 to 275 of 408]
30.21325050354 18.5244466400146 18.4437351226807 18.444157409668 18.444157409668 33.6019371795654 64.2390393066406 65.4841268920898 65.4826278686523 65.4841268920898 31.1935096359253 11.8071744918823 11.8074447250366 11.8074447250366 11.8071744918823 11.8074447250366 11.8074447250366 11.8071744918823 11.8074447250366 11.8074447250366 11.8071744918823 11.8074447250366 11.8074447250366 11.8071744918823 11.8074447250366 11.8074447250366 11.8071744918823 11.8074447250366 11.8074447250366 7.62644691228867 0.710427770614624 0.5808442735672 0.580830979347229 0.5808442735672 0.5808442735672 0.580830979347229 0.5808442735672 0.5808442735672 0.580830979347229 0.5808442735672 0.5808442735672 0.580830979347229 0.5808442735672 0.5808442735672 0.580830979347229 0.5808442735672
31.7155839538574 18.7603784942627 18.4475757598877 18.4479978179932 18.4479978179932 18.4475757598877 25.0295826721191 50.5506787109375 65.4400177001953 59.6031540679932 13.6877081298828 11.8096328735352 11.8099032592773 11.8099032592773 11.8096328735352 11.8099032592773 11.8099032592773 11.8096328735352 11.8099032592773 11.8099032592773 11.8096328735352 11.8099032592773 11.8099032592773 11.8096328735352 11.8099032592773 11.8099032592773 11.8096328735352 11.8099032592773 11.8099032592773 11.8096328735352 8.18699507713318 2.27721908330917 0.580951929092407 0.580965228080749 0.580965228080749 0.580951929092407 0.580965228080749 0.580965228080749 0.580951929092407 0.580965228080749 0.580965228080749 0.580951929092407 0.580965228080749 0.580965228080749 0.580951929092407 0.580965228080749
31.6140081787109 18.5689965057373 18.4509841918945 18.4514067077637 18.4514067077637 18.4509841918945 18.4514067077637 18.4514067077637 28.6125895690918 45.057391242981 11.8120855331421 11.8118152618408 11.8120855331421 11.8120855331421 11.8118152618408 11.8120855331421 11.8120855331421 11.8118152618408 11.8120855331421 11.8120855331421 11.8118152618408 11.8120855331421 11.8120855331421 11.8118152618408 11.8120855331421 11.8120855331421 11.8118152618408 11.8120855331421 11.8120855331421 11.8118152618408 11.8120855331421 11.7751174926758 9.00299258708954 4.53469790220261 0.856451802253723 0.581059312820435 0.581072611808777 0.581072611808777 0.581059312820435 0.581072611808777 0.581072611808777 0.581059312820435 0.581072611808777 0.581072611808777 0.581059312820435 0.581072611808777
32.1094795227051 20.8098033905029 18.4539623260498 18.4543846893311 18.4543846893311 18.4539623260498 18.4543846893311 18.4543846893311 17.4966361808777 16.6331838226318 10.2193461418152 11.8137216567993 11.8139920043945 11.8139920043945 11.8137216567993 11.8139920043945 11.8139920043945 11.8137216567993 11.8139920043945 11.8139920043945 11.8137216567993 11.8139920043945 11.8139920043945 11.8137216567993 11.8139920043945 11.8139920043945 11.8137216567993 11.8139920043945 11.8139920043945 11.8137216567993 11.8139920043945 11.8139920043945 11.8137216567993 11.8139920043945 10.2067110610008 3.99263585329056 0.583166818618774 0.581166310310364 0.581152999401093 1.24696253299713 2.33861497163773 0.680179946422577 0.581166310310364 0.581202771663666 1.07969541788101 2.03555653810501
36.3481295776367 30.4050539398193 24.5706201171875 18.4581957244873 18.4581957244873 18.4577732086182 18.4581957244873 18.4581957244873 14.7284024810791 6.46220607757568 7.7947340965271 11.6903974151611 11.8164316558838 11.8164316558838 11.8161611557007 11.8164316558838 11.8164316558838 11.8161611557007 11.8164316558838 11.8164316558838 11.8161611557007 11.8164316558838 11.8164316558838 11.8161611557007 11.8164316558838 11.8164316558838 11.8161611557007 11.8164316558838 11.8164316558838 11.8161611557007 11.8164316558838 11.8164316558838 11.8161611557007 11.8164316558838 11.8164316558838 11.8161611557007 8.72432062625885 2.30773507356644 2.8241121006012 5.78865802764893 6.0563335609436 5.49119091749191 4.61310811519623 5.57463102817535 6.05619487762451 6.0563335609436
51.7650717163086 32.2855534362793 31.8781642913818 19.1689812469482 18.4615752410889 18.4611530303955 18.4615752410889 18.4615752410889 14.4550870895386 6.46338886260986 6.46338886260986 7.50540760040283 11.3047110176086 11.8185944366455 11.8183240890503 11.8185944366455 11.8185944366455 11.8183240890503 11.8185944366455 11.8185944366455 11.8183240890503 11.8185944366455 11.8185944366455 11.8183240890503 11.8185944366455 11.8185944366455 11.8183240890503 11.8185944366455 11.8185944366455 11.8183240890503 11.8185944366455 11.8185944366455 11.8183240890503 11.8185944366455 11.8185944366455 11.8183240890503 11.8240789031982 11.447742767334 8.42714101791382 6.1582647895813 6.05744253158569 6.05730400085449 6.05744253158569 6.05744253158569 6.05730400085449 6.05744253158569
55.4050263977051 34.6576069641113 32.126383972168 21.1101849365234 18.4645220184326 18.4640995025635 17.0720866966248 11.9815669822693 6.85883806228638 6.46442068099976 6.46442068099976 6.46427268981934 7.34747568130493 10.7849920272827 11.8193181991577 11.8204815673828 11.8204815673828 11.8202112197876 11.8204815673828 11.8204815673828 11.8202112197876 11.8204815673828 11.8204815673828 11.8202112197876 11.8204815673828 11.8204815673828 11.8202112197876 11.8204815673828 11.8204815673828 11.8202112197876 11.8204815673828 11.8204815673828 11.8202112197876 11.8204815673828 11.8204815673828 11.8308234405518 11.8612485122681 11.8633269500732 11.8630554199219 10.9856795501709 7.93951416015625 6.07329307556152 6.05840929031372 6.05840929031372 6.0582706451416 6.05840929031372
47.2815519714355 32.5773516845703 32.1329650878906 26.0564985656738 15.4152375030518 9.90196142196655 6.50531356811523 6.46574493408203 6.4655969619751 6.46574493408203 6.46574493408203 6.4655969619751 6.46574493408203 6.46574493408203 7.11747861862183 9.00738775253296 10.391987247467 10.4688053131104 10.3436159706116 10.2135025596619 10.187812461853 11.0373600959778 11.741076965332 11.8226324081421 10.8339806938171 9.09862585067749 9.11801486968994 9.17850574493408 11.0582866477966 10.9788941574097 9.997682762146 11.8229029846191 11.8226324081421 11.8229029846191 11.8289240646362 11.862306060791 11.8657570266724 11.8657570266724 11.8654853820801 11.8657570266724 11.8657570266724 10.5843346214294 7.45726205825806 6.05965051651001 6.0595118522644 6.05965051651001
32.1395310974121 32.1395310974121 32.1387962341309 22.7175497055054 6.46691789627075 6.46676998138428 6.46691789627075 6.46691789627075 6.46676998138428 6.46691789627075 6.46691789627075 6.46676998138428 6.46691789627075 6.46691789627075 6.46676998138428 6.46691789627075 174.228934078217 508.975588054657 6.46691789627075 6.46691789627075 6.46676998138428 6.46691789627075 6.85775182723999 7.48165294647217 6.78148258209229 6.46691789627075 6.46676998138428 6.46691789627075 6.46691789627075 6.46676998138428 6.69796312332153 10.2395285224915 11.8247772216797 11.8302400970459 11.8627286529541 11.8676385879517 11.8679099655151 11.8679099655151 11.8676385879517 11.8679099655151 11.8679099655151 11.8676385879517 11.8626757049561 10.1123691558838 7.03546630859375 6.06074975967407
32.1446070861816 32.1446070861816 32.143871307373 11.9652285385132 6.46793933868408 6.46779127120972 6.46793933868408 6.46793933868408 6.46779127120972 6.46793933868408 6.46793933868408 6.46779127120972 6.46793933868408 6.46793933868408 6.46779127120972 6.46793933868408 31.2687571525574 127.596201686859 6.46793933868408 6.46793933868408 6.46779127120972 6.46793933868408 6.46793933868408 6.46779127120972 6.46793933868408 6.46793933868408 6.46779127120972 6.46793933868408 6.46793933868408 6.46779127120972 6.46793933868408 6.5109765625 9.48982427597046 11.6984339141846 11.869783706665 11.8695119857788 11.869783706665 11.869783706665 11.8695119857788 11.869783706665 11.869783706665 11.8695119857788 11.869783706665 11.869783706665 11.7980643081665 9.62471160888672
43.9089588928223 38.8817050170898 32.823062286377 8.16502489089966 6.46925361633301 6.46910562515259 6.46925361633301 6.46925361633301 6.46910562515259 6.46925361633301 6.46925361633301 6.46910562515259 6.46925361633301 6.46925361633301 6.46910562515259 6.46925361633301 6.46925361633301 6.46910562515259 6.46925361633301 6.46925361633301 6.46910562515259 6.46925361633301 6.46925361633301 6.46910562515259 6.46925361633301 6.46925361633301 6.46910562515259 6.46925361633301 6.46925361633301 6.46910562515259 6.46925361633301 7.87756490707397 11.5746771240234 11.8721953201294 11.8721953201294 11.8719236373901 11.8721953201294 11.8721953201294 11.8719236373901 11.8721953201294 11.8721953201294 11.8719236373901 11.8721953201294 11.8721953201294 11.8719236373901 11.8721953201294
52.2319305419922 44.1087409973145 41.8712270355225 6.84895963668823 6.47041595458984 6.47026777267456 6.47041595458984 6.47041595458984 6.47026777267456 6.47041595458984 6.47041595458984 6.47026777267456 6.47041595458984 6.47041595458984 6.47026777267456 6.47041595458984 6.47041595458984 6.47026777267456 6.47041595458984 6.47041595458984 6.47026777267456 6.47041595458984 6.47041595458984 6.47026777267456 6.47041595458984 6.47041595458984 6.47026777267456 6.47041595458984 6.47041595458984 6.47026777267456 8.65542659759521 11.7660679244995 11.8740573883057 11.8743291473389 11.8743291473389 11.8740573883057 11.8743291473389 11.8743291473389 11.8740573883057 11.8743291473389 11.8743291473389 11.8740573883057 11.8743291473389 11.8743291473389 11.8740573883057 11.8743291473389
55.4650752258301 42.0093121337891 37.2038201141357 6.47142713546753 6.47142713546753 6.47127914428711 6.47142713546753 6.47142713546753 6.47127914428711 6.47142713546753 6.47142713546753 6.47127914428711 6.47142713546753 6.47142713546753 6.47127914428711 6.47142713546753 6.47142713546753 6.47127914428711 6.47142713546753 6.47142713546753 6.47127914428711 6.47142713546753 6.47142713546753 6.47127914428711 6.47142713546753 6.47142713546753 6.47127914428711 6.47142713546753 6.47142713546753 7.08663005828857 11.8594124221802 11.876184425354 11.8759126663208 11.876184425354 11.876184425354 11.8759126663208 11.876184425354 11.876184425354 11.8759126663208 11.876184425354 11.876184425354 11.8759126663208 11.876184425354 11.876184425354 11.8759126663208 11.876184425354
55.4762493896484 55.4762493896484 43.8601417732239 6.4727307510376 6.4727307510376 6.47258262634277 6.4727307510376 6.4727307510376 6.47258262634277 6.4727307510376 6.4727307510376 6.47258262634277 6.4727307510376 6.4727307510376 6.47258262634277 6.4727307510376 6.4727307510376 6.47258262634277 6.4727307510376 6.4727307510376 6.47258262634277 6.4727307510376 6.74452764511108 9.71194562911987 11.5645839881897 11.4723451805115 6.83505228042603 6.4727307510376 6.4727307510376 7.7323371887207 11.8785775756836 11.8785775756836 11.8783058166504 11.8785775756836 11.8785775756836 11.8783058166504 11.8785775756836 11.8785775756836 11.8783058166504 11.8785775756836 11.8785775756836 11.8783058166504 11.8785775756836 11.8785775756836 11.8783058166504 11.8785775756836
55.486125793457 55.486125793457 40.3547703552246 6.47388320922852 6.47388320922852 6.47373504638672 6.47388320922852 6.47388320922852 6.47373504638672 6.47388320922852 6.47388320922852 6.47373504638672 6.47388320922852 6.47388320922852 6.47373504638672 6.47388320922852 6.47388320922852 6.47373504638672 6.47388320922852 6.47388320922852 6.47373504638672 7.6628867149353 14.8781521224976 16.4757907867432 16.4761680603027 16.4761680603027 10.9852407646179 6.47388320922852 6.47388320922852 7.90362014770508 11.8806921005249 11.8806921005249 11.8804201126099 11.8806921005249 11.8806921005249 11.8804201126099 11.8806921005249 11.8806921005249 11.8804201126099 11.8806921005249 11.8806921005249 11.8804201126099 11.8806921005249 11.8806921005249 11.8804201126099 11.8806921005249
55.4947023010254 55.4947023010254 38.3848915290833 6.47488372802734 6.59070928573608 8.74094081878662 6.88442777633667 6.47488372802734 6.47473545074463 6.47488372802734 6.47488372802734 6.47473545074463 6.47488372802734 6.47488372802734 6.47473545074463 6.47488372802734 6.47488372802734 6.47473545074463 6.47488372802734 6.47488372802734 6.47473545074463 13.9685858726501 16.478715133667 16.4783378601074 16.478715133667 16.478715133667 13.6327181816101 7.15807081222534 7.70519626617432 10.8833397483826 11.8825280761719 11.8825280761719 11.8822561264038 11.8825280761719 11.8825280761719 11.8822561264038 11.8825280761719 11.8825280761719 11.8822561264038 11.8825280761719 11.8825280761719 11.8822561264038 11.8825280761719 11.8825280761719 11.8822561264038 11.8825280761719
50.1668997192383 37.146746673584 21.0718725585937 12.8379643249512 13.3666110038757 16.4816295623779 15.1955732917786 10.6726021575928 8.16633483886719 8.74462194442749 6.79759731292725 6.4760293006897 6.47617752075195 6.47617752075195 6.4760293006897 6.47617752075195 6.47617752075195 6.4760293006897 6.47617752075195 6.47617752075195 6.4760293006897 13.0983952140808 16.4820069885254 16.4816295623779 16.4820069885254 16.4820069885254 16.4816295623779 16.0494701385498 12.730618057251 11.8846302032471 11.8849022674561 11.8849022674561 11.8846302032471 11.8849022674561 11.8849022674561 11.8846302032471 11.8849022674561 11.8849022674561 11.8846302032471 11.8849022674561 11.8849022674561 11.8846302032471 11.8849022674561 11.8849022674561 11.8846302032471 11.8849022674561
27.936561126709 16.4849139404297 16.4845367431641 16.4849139404297 16.4849139404297 16.4845367431641 16.4849139404297 16.4849139404297 16.4845367431641 16.4849139404297 16.0870775985718 13.5848927688599 10.2712479972839 8.59863534927368 10.1833442497253 12.6813512802124 13.8386073303223 10.5292600250244 6.51134635925293 6.47731967926025 6.47717151641846 7.31530828475952 15.932912940979 16.4845367431641 16.4849139404297 16.4849139404297 15.9334620285034 12.5630871582031 11.8869984054565 11.8867263793945 11.8869984054565 11.8869984054565 11.8867263793945 11.8869984054565 11.8869984054565 11.8867263793945 11.8869984054565 11.8869984054565 11.8867263793945 11.8869984054565 11.8869984054565 11.8867263793945 11.8869984054565 11.8869984054565 11.8867263793945 11.8869984054565
30.9397275543213 16.4874342346191 16.4870567321777 16.4874342346191 16.4874342346191 16.4870567321777 16.4874342346191 16.4874342346191 16.4870567321777 16.4874342346191 16.4874342346191 16.4870567321777 16.4874342346191 16.4874342346191 16.4870567321777 16.4874342346191 16.4874342346191 16.4870567321777 14.4035876083374 9.3519030380249 7.39858243942261 9.38592058181763 16.2849450302124 16.4870567321777 16.4874342346191 15.6715945053101 12.3865221405029 11.8888153457642 11.8888153457642 11.8885429382324 11.8888153457642 11.8888153457642 11.8885429382324 11.8888153457642 11.8888153457642 11.8885429382324 11.8888153457642 11.8888153457642 11.8885429382324 11.8888153457642 11.8888153457642 11.8885429382324 11.8888153457642 11.8888153457642 11.8885429382324 11.8888153457642
34.2908675384521 16.4907002258301 16.4903228759766 16.4907002258301 16.4907002258301 16.4903228759766 16.4907002258301 16.4907002258301 16.4903228759766 16.4907002258301 16.4907002258301 16.4903228759766 16.4907002258301 16.4907002258301 16.4903228759766 16.4907002258301 16.4907002258301 16.4903228759766 16.4907002258301 16.4907002258301 16.4903228759766 16.4907002258301 16.4907002258301 16.4903228759766 15.9568538284302 12.1371949768066 11.8908994674683 11.8911713409424 11.8911713409424 11.8908994674683 11.8911713409424 11.8911713409424 11.8908994674683 11.8911713409424 11.8911713409424 11.8908994674683 11.8911713409424 11.8911713409424 11.8908994674683 11.8911713409424 11.8911713409424 11.8908994674683 11.8911713409424 11.8911713409424 11.8908994674683 11.8911713409424
